6867
0000
2c2e
0000
0000
0000
0000
0a09
2a29
4a49
6a69
8a89
aaa9
cac9
eae9
ffff
ffff
ffff
ffff
2e32
0101
0101
0405
b142
4443
8483
b9b8
f3f2
2105
3424
5857
9695
d2ca
80ff
0031
001a
0000
0003
0076
0808
0808
0808
0808
0000
0808
0808
0808
0808
0808
0808
0808
0808
0000
0808
0808
0808
0808
002f
0000
0606
0606
0007
0000
0907
0907
0703
0000
0000
0909
0f0b
0c08
0000
0a05
0e0d
0a0b
0000
0000
0706
1212
0d0e
0000
0000
0909
0914
0b10
0000
0309
0907
0806
0000
0000
0a0a
0b0b
0906
002e
0000
0a0b
0b09
050e
0000
0e0b
100d
0d06
0000
0000
1111
1b14
1710
0000
1a0f
1a1b
1618
0000
0000
0000
0000
0000
0000
0000
0000
0000
0000
0000
0000
0000
0000
0000
0000
0000
0505
0e0e
1e1f
2d2e
3d40
4c51
5d63
6a73
707c
7582
7a87
7d8a
808e
808e
8392
8493
8594
8694
8896
8897
8a98
8a99
8a99
8c9a
8c9a
8c9a
8d9c
8c9b
8e9c
8e9d
8f9e
8f9e
8f9e
8f9e
8f9e
8f9e
909e
919f
919f
919f
909e
91a0
91a0
91a0
91a0
91a0
91a0
92a1
93a1
93a1
92a1
92a0
92a0
93a1
93a1
93a1
93a1
93a1
93a1
93a1
93a1
94a2
94a2
0000
0000
0000
0000
0000
0000
0000
0000
0000
0000
0000
0000
0000
0000
0000
0000
0000
0000
0000
0000
0000
0000
0000
0000
0000
0000
0000
0000
0000
0000
0000
0000
0000
0000
0000
0000
0000
0000
0000
0000
0000
0000
0000
0000
0000
0000
0000
0000
0000
0000
0000
0000
0000
0000
0000
0000
0f00
0000
0000
0000
f1ff
0000
0000
0000
0000
0000
0000
0000
0000
0000
0000
0000
0000
0000
0000
0000
0000
0000
0000
0000
0000
0000
ff0f
0f00
0000
0000
0000
0000
0000
0000
0000
0000
0000
0000
0000
0000
0000
0000
0000
0000
0000
0000
0000
0000
0000
0000
0000
0000
ff02
ff08
0000
0000
ffff
ffff
0400
0000
0000
33fc
ffff
0000
0000
0000
ff0c
fc2f
0000
0000
0000
0000
0000
0000
0000
0000
0000
0000
0000
e3ff
72fe
0000
0000
00fe
0000
ff0d
0000
0000
ffff
0000
0200
0000
00fd
0000
ff0c
0000
0000
0000
0000
0000
0000
0000
0000
0000
0000
0000
0000
feff
8f00
0000
90ff
00fd
feff
0000
0000
00a0
0000
0000
00b0
0000
0000
0200
0000
00b6
0000
0000
0000
0000
0000
0000
0000
0000
0000
0000
ef8c
0000
0000
0000
3f00
ff8f
0000
0000
0000
ffb8
ff03
0000
c0ff
0600
b1ff
0000
0000
0000
0000
0000
0000
0000
0000
0000
0000
0000
0000
0000
0f00
0000
0000
0000
00fc
0000
0000
0000
0000
0000
0000
0000
0000
0000
0000
0000
0000
0000
0000
0000
0000
0000
0000
0000
0000
0000
bf01
0000
0000
0000
0000
ff5f
0000
0000
0000
0000
0e00
0000
0000
0000
f6ff
0000
0000
0000
00f3
0000
0000
0000
00fb
0000
0000
0000
0000
0000
ff0b
0000
0000
0000
ff0d
0000
0000
0000
c0ff
0000
0000
0000
0000
4f00
0000
0000
0000
00e1
0000
0000
0000
0000
0000
0000
0000
0000
0000
0000
0000
0000
0000
0000
0000
0000
0000
fcff
0000
0000
0000
80ff
1000
0000
0000
0000
0000
0000
0000
0000
0000
0000
0000
0000
0000
0000
0000
0000
0000
0000
0000
0000
0000
0000
ff00
0000
0000
00ff
10ff
0000
0000
0000
0000
0000
0000
0000
0000
0000
0000
0000
0000
0000
0000
0000
0000
0000
0000
0000
0000
0000
0000
0000
0000
0000
0000
0000
0000
0000
0000
0000
0000
ff00
0000
0000
0000
0000
0000
0000
0000
0000
0000
0000
0000
0000
0000
0000
0000
0000
0000
0000
0000
0000
f0ff
ffff
0000
0000
0000
0000
0000
0000
0000
0000
0000
0000
0000
0000
0000
0000
0000
0000
0000
0000
0000
0000
0000
0000
0000
0000
0000
0000
0000
0000
0000
0000
0000
0f00
0000
0000
0000
0000
0000
0000
0000
0000
0000
0000
0000
0000
0000
0000
0000
0000
ff01
0000
0000
0000
0000
7f00
0000
0000
0000
0000
0d00
0000
0000
0000
0000
0000
0000
0000
0000
0000
0000
0000
0000
0000
0000
0000
f8ff
0000
df00
0000
00f0
0000
10ff
0000
0000
ff1f
0000
1e00
0000
0000
83ec
0000
0000
0000
0000
0000
0000
0000
0000
0000
0000
0000
0000
0000
ff00
0000
0000
0000
10ff
0000
0000
0000
0000
ff00
0000
0000
0000
10ff
0000
0000
0000
0000
0000
0000
0000
0000
0000
0000
0000
0000
d1ff
00b1
0b00
0000
00c0
0100
0000
0000
0000
0000
ff3f
0000
0000
0000
ffff
ffff
0000
0000
0000
0000
0000
0000
0000
0000
0000
0000
0000
30fd
74fd
0a00
0000
00e0
0100
0000
0000
0000
ff0c
0000
0800
0000
00f6
8e44
2b00
0000
0000
0000
0000
0000
0000
0000
0000
0000
0000
0000
00ff
0000
0000
0000
0000
ff01
5f00
0000
0000
00ff
0000
ff0d
0000
0000
ff01
0000
0000
0000
0000
0000
0000
0000
0000
0000
0000
0000
0000
0000
ffff
0000
0000
0000
0000
feef
0000
0000
ffef
0000
0000
0000
00c0
0200
ffaf
0000
0000
0000
0000
0000
0000
0000
0000
0000
0000
0000
0000
8c03
0000
0000
0000
0000
f2ff
0000
0000
ffdf
0000
0f00
0000
00fd
0000
ff4f
0000
0000
0000
0000
0000
0000
0000
0000
0000
0000
0000
0000
0000
ff00
0000
00d1
0a00
0000
0000
0000
0000
df00
0000
0000
0000
0050
0000
0000
0000
0000
0000
0000
0000
0000
0000
0000
0000
0000
0000
0000
0000
0000
0010
0000
f0ff
0000
0000
40fe
ffff
0500
0000
00d0
0000
80ff
0000
0000
00e5
0000
0000
0000
0000
0000
0000
0000
0000
0000
0000
0000
0000
0000
2d00
a0ff
0000
0000
ff1f
0000
0700
0000
00f0
0000
0000
0000
0000
00f9
fede
0000
0000
0000
0000
0000
0000
0000
0000
0000
0000
0000
0000
0000
0000
0000
0000
0000
0000
0000
0000
0000
0000
0000
0000
0000
0000
0000
0000
0000
0000
0000
0000
0000
0000
0000
0000
0000
0000
0000
0000
0000
0000
0000
0000
0000
0000
0000
0000
0000
0000
0000
0000
0000
0000
0f00
0000
0000
0000
0000
0000
0000
0000
0000
0000
0000
0000
0000
0000
0000
0000
0000
0000
0000
0000
0000
0000
faff
0000
0000
00f8
0000
0000
0000
0000
0000
0000
0000
0000
0000
0000
0000
0000
0000
0000
0000
0000
0000
0000
ffff
0f00
0000
0000
0000
ffff
0000
0000
0000
0000
0000
0000
0000
0000
0000
0000
0000
0000
0000
0000
0000
0000
0000
0000
0000
0000
0000
0000
0f00
0000
0000
ffff
0000
0000
0000
0020
c5ff
0f00
0000
0000
0000
0000
0000
0000
0000
0000
0000
0000
0000
0000
9c04
0000
0000
00fb
0000
0000
0000
0000
e2ff
0000
0000
0000
0000
0000
0000
0000
0000
0000
0000
0000
0000
0000
0000
0000
0000
0000
0000
0000
0000
ffef
0000
00e3
0000
7f00
ffff
ff7f
00f5
e0ff
00c0
0000
8f00
9f00
df01
ffc2
df07
fd5f
0000
0000
3433
0000
0000
0000
0000
0000
0000
0000
0000
0050
ff05
0000
0000
0000
0600
8f00
0000
0000
ffff
ffff
0c00
0000
ff9f
0000
0000
0000
0000
0000
0000
0000
0000
0000
0000
0000
0000
0000
ffff
0000
0f00
0000
c0ff
0000
ffff
0000
0000
0100
0000
0f00
0000
ffff
ffff
ffff
0000
0000
0000
0000
0000
0000
0000
0000
0000
0000
0000
e7ff
c7ff
0400
0000
fdff
0000
10ff
0000
0000
0000
0000
7f00
0000
e1ff
5844
0700
0000
0000
0000
0000
0000
0000
0000
0000
0000
0000
0000
0051
ffff
0f00
0000
feff
0000
f1ff
0000
00f1
0000
0000
0f00
0000
f8ff
0000
ffff
0000
0000
0000
0000
0000
0000
0000
0000
0000
0000
0000
0000
ffff
0f00
0000
0000
0000
f1ff
0000
0000
f8ff
0000
0f00
0000
0000
0000
f4ff
0000
0000
0000
0000
0000
0000
0000
0000
0000
0000
0000
0000
ffff
0f00
0000
0000
0000
f1ff
0000
0000
f8ff
3333
0f00
0000
0000
0000
f1ff
0000
0000
0000
0000
0000
0000
0000
0000
0000
0000
0000
0000
0000
0000
0000
d0ff
0000
90ff
0000
0000
0000
0000
ff00
0000
ffff
0000
ffff
0000
0000
51c9
0000
0000
0000
0000
0000
0000
0000
0000
0000
0000
0f00
0000
ff01
0000
f1ff
0000
00ff
0000
ffff
0f00
0000
ff01
0000
f1ff
0000
00ff
0000
0000
0000
0000
0000
0000
0000
0000
0000
0000
0000
0000
0000
0000
0000
ffff
0000
0000
0000
0010
0000
0000
0000
0000
ffff
0000
0000
0000
0010
0000
0000
0000
0000
0000
0000
0000
0000
0000
0000
0000
0010
0000
0000
0000
0000
ffff
0000
0000
0000
0010
0000
10aa
0000
0000
60ff
ffff
0000
0000
0000
0000
0000
0000
0000
0000
0000
0000
0000
ffef
0000
f1ff
0000
0000
00d2
2e00
0f00
0000
0000
ffff
f1ff
0000
0000
ff0a
0000
0f00
0000
0000
0000
0000
0000
0000
0000
0000
0000
0000
0000
0000
f1ff
0000
0000
0000
0000
0f00
0000
0000
0000
f1ff
0000
0000
0000
3333
0f00
0000
0000
0000
0000
0000
0000
0000
0000
0000
0000
0000
0000
ffff
0010
ff1f
0000
fdcf
0f00
ffff
ff08
90ff
f1ff
0010
0000
eff4
0000
0f00
ffff
0000
0000
0000
0000
0000
0000
0000
0000
0000
0000
0000
feff
0000
00ff
0000
ffdf
0f00
0000
ff01
ff6f
f1ff
0000
00ff
ff0d
0000
0f00
0000
ff06
0000
0000
0000
0000
0000
0000
0000
0000
0000
0000
0000
0000
0000
0900
0000
bf00
0000
ff01
0000
10ff
0000
00fd
0000
0000
0000
0000
0030
0000
0000
0000
0000
0000
0000
0000
0000
0000
0000
0000
0000
0000
cf02
0000
0f00
0000
fbff
0000
ffff
0000
0000
0000
0000
0f00
0000
0000
0000
0000
0000
0000
0000
0000
0000
0000
0000
0000
0000
0000
0000
ffae
0070
2f00
0000
ff03
0000
10ff
0000
00ff
0000
0000
0b00
0000
feff
ffff
0000
0000
0000
0000
0000
0000
0000
0000
0000
0000
0000
0000
ffff
0000
0f00
0000
feff
0000
f4ff
0000
0000
8f00
0000
0f00
0000
ffff
0000
f1ff
0000
0000
0000
0000
0000
0000
0000
0000
0000
0000
0000
f9ff
d7ff
0000
0000
dddd
0000
ff06
0000
0000
ff9e
0000
0d00
0000
f8ff
4654
0500
0000
0000
0000
0000
0000
0000
0000
0000
0000
0000
0000
ffff
ffff
0000
0000
0000
f0ff
0000
0000
0000
0000
1f00
0000
0000
0000
f0ff
0000
0000
0000
0000
0000
0000
0000
0000
0000
0000
0000
0000
0000
0000
0f00
0000
ff0f
0000
f1ff
0000
00f1
0000
0000
0f00
0000
ff7f
0000
ff09
0000
0000
0000
0000
0000
0000
0000
0000
0000
0000
0000
0000
0000
ff09
0000
ffff
0000
ffff
0000
0000
ff5f
90ff
0000
0000
0000
ffe5
0000
0000
0000
0000
0000
0000
0000
0000
0000
0000
0000
0000
0000
0000
ff0d
8f00
00f4
af00
e0ff
00f2
0000
0250
0180
0000
e0ff
ff02
00fb
5f00
0000
ffff
0000
0000
0000
0000
0000
0000
0000
0000
0000
0000
0000
ff02
0000
d1ff
0000
af00
0000
0000
00f3
3f00
0000
0000
0000
0800
ff07
0000
0000
0500
0000
0000
0000
0000
0000
0000
0000
0000
0000
0000
0000
0000
ffff
0000
ffcf
0000
0000
f5ff
ffef
0000
0000
0000
f1ff
0000
0000
0000
0000
0f00
0000
0000
0000
0000
0000
0000
0000
0000
0000
0000
0000
f0ff
3333
0000
0000
0000
00fc
0200
0000
0000
0000
0000
ff04
0000
0000
3333
ffff
0000
0000
0000
0000
0000
0000
0000
0000
3033
0f00
0000
0000
0000
f1ff
0000
0000
0000
0000
0f00
0000
0000
0000
f1ff
0000
0000
0000
0000
0f00
0000
0000
0000
ffff
0000
0000
0000
0000
0000
0000
0000
0000
00fe
0000
0000
0000
0090
0000
0000
0000
0000
0000
0000
0000
0000
3f00
0000
0000
0000
0000
0000
0000
0000
0000
0000
3303
0000
0000
0000
ff0f
0000
0000
0000
00f1
0000
0000
0000
0000
ff0f
0000
0000
0000
00f1
0000
0000
0000
0000
ffff
0000
0000
0000
0000
0000
0000
0000
0000
3f00
0000
0000
0000
ef01
0d00
0000
0000
0000
0000
0000
0000
0000
0000
0000
0000
0000
0000
0000
0000
0000
0000
0000
0000
0000
0000
0000
0000
0000
0000
0000
0000
0000
0000
0000
0000
0000
0000
0000
0000
0000
0000
0000
0000
ffff
ffff
0000
0000
0000
0000
0000
0000
0000
0000
e2ff
0000
0000
0000
0000
0000
0000
0000
0000
0000
0000
0000
0000
0000
0000
0000
0000
0000
0000
0000
0000
0000
0000
0000
0000
0000
0000
0000
0000
0000
0000
0000
0000
0000
0000
0500
0000
0000
0000
ffff
0000
ff00
0000
0010
10f9
0000
0000
0000
0000
0000
0000
0000
0000
0000
f1ff
0000
0000
0000
0000
0f00
0000
0000
0600
f2ff
0000
0000
ff01
0000
0f00
0000
00a0
ffff
30ff
0000
0000
0000
0000
0000
0000
0000
0000
0000
0000
0000
0000
0000
0000
0000
0000
ff5b
f6ff
0000
0000
0000
0000
cf00
0000
0000
ff5a
9f01
0000
0000
0000
0000
0000
0000
0000
0000
0000
0000
0000
ff1f
0000
0000
0000
00f0
ffff
ffff
0000
0000
ff1f
0000
ef00
0000
00f0
0800
ff4f
0000
0000
0000
0000
0000
0000
0000
0000
0000
0000
0000
0000
0000
0000
0000
0000
ffff
ff8f
0000
0000
feff
ffff
ef00
0000
0000
0000
ff9f
0000
0000
0000
0000
0000
0000
0000
0000
0000
0000
0000
0000
b5ff
0000
0000
0000
00f0
ffff
0000
0000
0000
00f0
0000
0000
0000
0000
ff1f
0000
0000
0000
0000
0000
0000
0000
0000
0000
0000
0000
0000
0000
0000
0000
0000
0000
cf02
0000
0000
ff1f
0000
ef00
0000
00f0
0000
f5ff
0000
0000
ff1f
0000
0000
0000
0000
95ec
0000
0000
0000
0000
0000
0f00
0000
0000
0000
f1ff
0000
0000
ff9f
0000
0f00
0000
00f1
0000
f1ff
0000
0000
ff0f
0000
0000
0000
0000
0000
0000
0000
0000
0000
0000
0f00
0000
0000
0000
0000
0000
0000
0000
0000
0f00
0000
0000
0000
f1ff
0000
0000
0000
0000
0000
0000
0000
0000
0000
0000
0000
0000
0000
0000
0000
0000
0000
0000
0000
0000
0000
00f1
0000
0000
0000
0000
ff0f
0000
0000
0000
00f1
0000
0000
0000
0000
b1ff
0000
0000
0000
0000
0f00
0000
0000
0000
f1ff
0000
0000
b0ff
0000
0f00
0000
0000
00f9
f1ff
0000
0000
40ff
0000
0f00
0000
0000
0000
0000
0000
0000
0000
0000
0000
0000
0000
0000
f1ff
0000
0000
0000
0000
0f00
0000
0000
0000
f1ff
0000
0000
0000
0000
0f00
0000
0000
0000
0000
0000
0000
0000
0000
0000
0000
0000
0000
0000
0000
0000
0040
ffff
0f00
ff9f
0030
0000
f1ff
00f1
0000
ffff
0000
0f00
ff0f
0000
0000
0000
0000
0000
0000
0000
0000
0000
0000
0000
0000
0000
0000
0000
ff3d
0f00
0000
00d0
0000
f1ff
0000
0000
ff1f
0000
0f00
0000
00f0
0000
0000
0000
0000
0000
0000
0000
0000
0000
0000
0000
0000
0000
0000
de6b
0000
0000
00b0
0000
30ff
0000
0000
ff05
0000
0400
0000
0000
0000
0000
0000
0000
0000
0000
0000
0000
0000
0000
0000
0000
0000
0000
0000
0f00
0000
0060
0000
f1ff
0000
0000
ff02
0000
0f00
0000
0000
dbef
f1ff
0000
0000
0000
0000
0000
0000
0000
0000
0000
0000
0000
0000
0000
0000
0000
00f0
0000
a0ff
0000
0000
ff1f
0000
7f00
0000
00f0
faff
0000
0000
0000
ff1f
0000
0000
0000
0000
0000
0000
0000
0000
0000
0000
0000
0000
0000
0000
f4ff
0000
0000
0000
0000
0f00
0000
0000
0000
f1ff
0000
0000
0000
0000
0000
0000
0000
0000
0000
0000
0000
0000
0000
0000
0000
0000
ff8e
f3ff
0000
0000
0000
cf38
0000
0000
0000
ef59
ff08
0000
0000
0000
0000
0000
0000
0000
0000
0000
0000
0000
0000
00f0
0000
0000
0000
00f0
ff1f
0000
0000
0000
00f0
0000
0000
0000
0000
ff04
0000
0000
0000
0000
0000
0000
0000
0000
0000
0000
0000
0000
0000
0000
0000
0000
0000
f1ff
0000
0000
ff0f
0000
0f00
0000
00f1
0000
ffbf
0000
0000
0000
0000
0000
0000
0000
0000
0000
0000
0000
0000
0000
0000
0000
0000
0000
00fd
0000
0000
00fb
0020
0000
0000
0000
90ff
0600
0000
0000
0000
0000
0000
0000
0000
0000
0000
0000
0000
0000
0000
0000
0000
0000
0000
00f7
0000
ff07
f6ef
0500
0200
0000
08f8
00e0
ff03
0000
00f1
0000
0000
0000
0000
0000
0000
0000
0000
0000
0000
0000
0000
0000
0000
0000
20fe
0000
0000
0060
1efd
0000
0000
0000
a0ff
ff1d
0000
0000
f2ff
0000
0000
0000
0000
0000
0000
0000
0000
0000
0000
0000
0000
0000
0000
0000
0000
0000
e0ff
0000
0500
0000
0000
fbff
cf00
0000
0000
0000
ff5f
0000
0000
0000
0000
a4fe
0000
0000
0000
0000
0000
0000
0000
0000
0000
0000
0000
70ff
0000
0000
0000
0000
0020
ef01
0000
0000
3333
ffff
0000
0000
0000
0000
0000
0000
0000
0000
0000
0000
0000
0000
0000
cf00
0000
0000
0000
00ff
0000
0000
0000
0000
ff1e
0000
0000
0000
10ff
0000
0000
0000
0060
0000
0000
0000
0000
0000
0000
0000
0000
0000
f1ff
0000
0000
0000
0000
0f00
0000
0000
0000
f1ff
0000
0000
0000
0000
0f00
0000
0000
0000
f1ff
0000
0000
0000
0000
0000
0000
0000
0000
ffcf
0000
0000
0000
00f1
0000
0000
0000
00f8
1c00
0000
0000
0000
00f1
0000
0000
0000
0000
e3ff
0000
0000
0000
0000
0000
0000
0000
0000
0000
0000
0000
0000
0000
0000
0000
0000
30fd
f9ff
0000
0000
0000
0000
0000
0000
0000
0000
0000
0000
0000
0000
0000
0000
0000
0000
0000
0000
0000
0000
0000
0000
0000
0000
0000
0000
0000
0000
0000
0000
0000
0000
0000
0000
0000
0000
0000
0000
0000
0000
0000
0000
0000
0000
0000
0000
0000
0000
0000
0000
0000
0000
0000
0000
0000
0000
0000
0000
0000
0000
0f00
0000
0000
0000
00ff
0000
0000
0f00
0000
0000
0000
0000
0000
0000
ff00
00ff
0000
0000
0000
0000
0000
0000
0000
0000
0000
0000
0000
0000
0000
0000
0040
0000
7f00
ffff
0000
0000
ffff
0000
0000
00fa
0000
0000
0000
0000
0000
0000
ffbf
f9cf
0000
0500
fcff
0000
0000
00f4
f4ff
0000
0000
0000
0000
0000
0000
0000
0000
ff00
c0cf
0000
0000
0000
f12f
00fe
0000
0000
0000
0000
0000
0000
0000
0000
ff69
0000
0000
ff4f
0000
0000
ff0e
0400
00f5
0000
0000
0000
0000
0000
0000
0000
0000
0050
0000
0000
0000
0000
0000
0000
0000
0000
0000
0000
0000
0000
0000
fa2e
0000
0000
9f00
0000
0000
0000
00f5
0000
0000
0000
00f5
0000
0000
0000
0000
0000
0000
0030
0000
0000
ff00
0000
0000
0000
0000
0000
0000
0000
0000
0000
0000
0000
0000
0000
ffff
0000
0000
0000
0000
0000
0000
0000
0000
0000
0000
0000
0000
0000
0f00
0000
0000
ff0f
00ff
0000
0000
0000
0000
0000
0000
0000
0000
0000
0000
0000
0000
0000
0000
0000
0000
0000
0000
0000
ff00
0000
0000
0000
0000
0000
0000
0000
0000
0000
0000
ffff
0000
0000
0000
0000
0000
0000
0000
0000
0000
0000
0000
0000
0000
0000
0000
0000
0000
0000
0000
0000
0000
0000
0000
0000
0000
0000
0000
0900
0000
0000
0000
0000
0000
0000
0000
0000
0000
0000
0000
0000
0000
ff6f
e1ff
0000
ff00
0000
0000
0000
00f9
60ff
0000
0000
0000
0000
0000
0000
0000
0000
0000
f0ff
0000
0000
0000
0000
0000
0000
0000
0000
0000
0000
0000
0000
0000
df68
0000
0000
0000
0070
0000
0000
0000
0000
0000
0000
0000
0000
0000
0000
0000
0000
00a0
90ff
0000
0000
0000
0000
0000
9d03
0000
0000
0000
0000
0000
0000
0000
00f0
0000
0000
ff00
0000
0000
0000
00f0
0000
0000
0000
0000
0000
0000
0000
0000
0c00
0000
0000
0000
0000
e0ff
0000
0300
0000
0000
0000
0000
0000
0000
0000
6886
0000
0000
fffb
f7df
0000
9f00
0400
0000
0000
0000
0000
0000
0000
0000
0000
0000
0000
0040
0000
0000
00f7
0000
0000
ff00
0000
0000
0000
0000
0000
0000
ff4e
f9cf
0000
0100
ffff
0000
0000
00f7
c0ff
0000
0000
0000
0000
0000
0000
0000
0000
ff09
0100
0000
0000
df5a
d0ff
0000
6f00
0000
0000
0000
0000
0000
0000
0000
0000
0000
0000
0000
0000
0000
0000
0000
0000
0000
0000
0000
0000
0000
0000
0000
0000
00f0
0000
0000
0000
0000
0000
0000
00e0
0000
0000
0000
0000
0000
0000
0000
0000
0000
0000
b5ff
0000
0000
1800
00d8
0000
0000
0000
0000
0000
0000
0000
0000
0000
0000
0000
0000
6666
f0ff
0000
0000
0000
0000
0000
0000
0000
0000
0000
0000
0000
0000
fdff
0092
0000
0000
0000
0000
0000
0000
0000
0000
0000
0000
0000
0000
0000
00fa
0000
0000
0020
0000
0000
ff0f
0000
0000
0000
0000
0000
0000
0000
0000
7f00
2f00
ff05
f60f
e01f
0070
8ea6
92ed
0000
ffcf
0000
0000
0000
0000
0000
0000
5fe1
0000
0000
c8ff
ffff
0000
ff0c
0000
0000
0000
0000
0000
0000
ff00
7a66
00d0
0000
ffff
ffaf
0000
ff00
0000
0010
0000
0000
0000
0000
0000
0000
0000
0000
00fc
0000
0000
ff00
0000
c0ff
0000
1700
0000
0000
0000
0000
0000
0000
ffff
cf02
0000
0f00
0000
ff0f
0000
00ff
ffbf
0000
0000
0000
0000
0000
0000
0000
0000
ff00
0000
0000
0000
00f0
0000
0000
ff00
0000
0000
0000
0000
0000
0000
ff00
6666
0000
0000
66f6
80ff
0000
ff00
0000
0000
0000
0000
0000
0000
0000
0000
0000
0000
00fb
0000
0000
ff00
0000
f0ff
0000
0600
0000
0000
0000
0000
0000
0000
00ff
0000
0000
0f00
ffff
ff0f
0000
00ff
0000
0000
0000
0000
0000
0000
0000
0000
0000
0f00
0000
0000
0000
00ff
0000
0000
0f00
0000
0000
0000
0000
0000
0000
0000
0f00
0000
0000
0000
00ff
0000
ff0e
ef02
0000
0000
0000
0000
0000
0000
0000
00fc
0000
00f0
0010
0000
ff00
ff0c
0000
0000
00f0
0000
0000
0000
0000
0000
0000
00ff
0000
0000
0f00
0000
0000
0000
00ff
6666
0000
0000
0000
0000
0000
0000
0000
ffff
ff00
0080
fa2f
0000
00f0
ef20
ff0f
ff00
0000
0000
0000
0000
0000
0000
0f00
0000
ff0f
0000
00ff
00f7
0000
0f00
0000
ffef
0000
0000
0000
0000
0000
0000
0000
0000
00fc
0000
0000
ff00
0000
f5cf
0000
1600
0000
0000
0000
0000
0000
0000
ffff
ff04
0000
ff00
6766
0000
0000
00f0
0000
0000
0000
0000
0000
0000
0000
0000
0000
0d00
0000
fe1f
0000
00f0
0000
0000
0000
0000
0000
0000
0000
0000
0000
ff00
6966
00c0
0000
00f0
70fe
0000
ff00
0000
00f5
0000
0000
0000
0000
0000
0000
0000
0000
00ff
0000
0000
0000
0000
00fe
0000
4900
0000
0000
0000
0000
0000
0000
ffff
0000
0000
0000
f0ff
0000
0000
0000
0000
0000
0000
0000
0000
0000
0000
0000
0000
ff00
0000
f0ff
0000
00f0
0200
0000
0000
0000
0000
0000
0000
0000
0000
fb7f
0000
00f9
0000
d0ff
e1ef
0000
0000
ffff
0000
0000
0000
0000
0000
0000
0000
0000
00f8
00e0
ffc1
fd3f
0600
b0ef
fa7f
0000
ff04
0000
0000
0000
0000
0000
0000
00f9
ff2f
0000
0000
fdff
0000
0000
f5ef
ff05
0000
0000
0000
0000
0000
0000
0000
0000
3f00
0100
0000
0000
0400
0000
0000
0000
0000
0000
0000
0000
0000
0000
ff0f
6666
0000
0000
0200
0000
0000
0c00
0000
00f0
0000
0000
0000
0000
6600
0000
0000
0000
00f0
0000
0000
ff00
0000
0000
0000
00f0
0000
0000
0000
0000
0000
0000
0000
0000
0000
0300
0000
0000
0000
0d00
0000
0000
0000
0000
0000
0000
f0ff
0000
0000
0000
0000
0000
0000
f0ff
0000
0000
0000
0000
0000
0000
0000
0000
0000
0000
0080
0000
0000
0040
0000
0000
0000
0000
0000
0000
0000
0000
0000
0000
0000
0000
0000
0000
0000
0000
0000
0000
0000
0000
6666
f0ff
0000
0000
0000
0000
0000
60ff
0000
0000
0000
0000
0000
0000
0000
0000
0000
0000
0000
0000
0000
0000
0000
0000
0000
ffff
0000
0000
ffff
f0ff
0000
0b00
0000
0000
0000
0000
0000
0000
ff00
0000
0000
0000
00f3
fc3f
0000
ff00
0600
0000
0000
0000
0000
0000
0000
0000
0000
0000
be17
00fc
0000
ff0e
0000
0000
0000
be17
0000
0000
0000
0000
0000
0000
0000
f0ff
0000
df00
0000
0000
0000
00a0
f0ef
0000
0000
0000
0000
0000
0000
0000
0000
0000
ffff
0000
0000
ffff
0000
0000
0200
0000
0000
0000
0000
0000
0000
0000
0000
0000
0000
f0ff
0000
0000
0000
0000
0000
0000
0000
0000
0000
0000
0000
0000
0000
ad03
fffe
0000
ef00
0000
0000
0000
be05
fb5f
0000
0000
0000
0000
0000
00f0
0000
0000
ff00
0100
0000
0000
00f0
f0ff
0000
0000
0000
0000
0000
0000
0000
0000
0000
0000
0000
0000
00f0
0000
0000
ff00
0000
0000
0000
0000
0000
0000
0000
0000
0000
0000
f0ff
0000
0000
0000
0000
0000
0000
60ff
0000
0000
0000
0000
0000
0000
00f0
00f4
0000
ff00
40ff
0000
0000
00f0
0000
0000
0000
0000
0000
0000
00f0
0000
0000
ff00
0000
0000
0000
00f0
0000
0000
0000
0000
0000
0000
0000
0000
0000
0000
ffff
0030
00d0
00f0
f0ff
ff00
ff00
0000
0000
0000
0000
0000
0000
0000
0000
0000
0000
00f1
f0ff
0000
ff00
0000
0000
0000
0000
0000
0000
0000
0000
0000
0000
be06
20fe
0000
ff0e
0000
0000
0000
be06
0000
0000
0000
0000
0000
0000
0000
0000
0000
ff00
0000
0000
0000
00f1
70ff
0000
ff00
0000
0000
0000
0000
0000
0000
0000
f9ff
0000
0000
0000
f0ff
0000
0900
0000
0000
0000
0000
0000
0000
0000
0000
0000
0000
00f1
0000
0000
ff00
0000
0000
0000
0000
0000
0000
0000
0000
0000
0000
ce17
20fe
0000
1b00
ff9d
0000
0000
be16
0000
0000
0000
0000
0000
0000
f0ff
0000
0000
0000
0000
0000
0000
f0ff
0000
0000
0000
0000
0000
0000
0000
0000
0000
0000
0000
0000
0000
00f0
f0ff
0000
0500
0000
0000
0000
0000
0000
0000
0000
0000
0000
0000
00f3
00c0
0000
0000
40ff
0000
0000
0000
0000
0000
0000
0000
0000
0000
0000
00fa
00f7
3f00
20ff
f74e
0000
fe0b
0000
0000
0000
0000
0000
0000
0000
0000
0000
1d00
f3df
0000
0000
a0ff
00f4
0000
0000
0000
0000
0000
0000
0000
0000
0000
0a00
0000
0000
90ff
0000
0000
0000
00b0
0000
0000
0000
0000
0000
0000
0000
0000
0000
0000
0000
0000
0800
0000
0000
0000
0000
0000
0000
0000
00fb
0000
0000
f0ff
0000
0000
ff0f
0000
0000
0000
f1ef
0000
0000
0000
0000
0000
0000
00f0
0000
0000
ff00
0000
0000
0000
00f0
0000
0000
ff00
0000
0000
0000
0000
0000
0000
0000
0000
0000
0000
ef04
0000
0000
0000
0000
0000
0000
0000
0000
0000
0000
0000
0000
0000
0000
0000
0000
0000
0000
0000
0000
0000
0000
0000
0000
0000
0000
0000
0000
0000
0000
0000
0000
0000
0000
0000
0000
0000
0000
0000
0000
0000
0000
0000
0000
0000
0000
0000
0000
0000
0000
0000
0000
0000
0000
0000
0000
0000
0000
0000
0000
0000
0000
0000
0000
0000
0000
0000
0000
0000
0000
0000
0000
00c0
0000
00f5
0000
0000
0000
0400
0000
0000
0000
0000
0070
0000
0000
0000
0000
dfff
f50e
0000
0000
0000
00f5
0000
0000
0000
0000
01f8
f70e
1a00
0d00
0000
0000
0000
0000
0000
0000
0000
0000
0000
0000
0000
0000
0000
0000
0000
0000
0000
0000
0050
909f
0a00
0000
0000
0000
0000
0000
0000
0000
0030
00fb
809f
60af
0000
0000
0000
0000
0000
0000
0000
0000
0000
0000
0000
0000
0000
0000
0000
0000
0000
0000
0000
0000
0000
0000
0000
0000
0000
0000
0000
0000
0000
0000
0000
0000
0000
0000
0000
0000
0000
0000
0000
0000
0000
0000
0000
0000
0000
0000
0000
0000
0000
0000
00f1
00fe
c03f
f905
8f00
0a00
0000
0000
0000
0000
0050
fd07
0500
0000
00fc
0300
0000
0000
0000
0000
0000
0000
0050
50ff
ff00
0000
0000
0000
0000
0000
0000
0000
0000
0000
cccc
0000
0000
0000
0000
0000
0000
0000
0000
00fc
00b5
0000
0000
0000
0000
0000
0000
0000
0000
0000
0000
0000
0000
0000
fd0d
3f00
0000
0000
0000
0000
0000
0000
0000
0000
30fd
60ef
ff00
0000
0000
0000
0000
0000
0000
ffff
4f00
2f00
0700
0000
0000
0000
0000
0000
0000
0050
f41f
e6ff
0000
00fa
0400
0000
0000
0000
0000
0000
00ff
ff6f
0500
0200
0000
0000
0000
0000
0000
0000
0000
0000
0000
0000
0000
0000
0000
0000
0000
0000
0000
0000
0000
0000
0000
0000
0000
0000
0000
0000
0000
0000
0000
0000
0000
0000
0000
0000
0000
0000
0000
0000
0000
0000
0000
0000
0000
0000
0071
0300
0000
0000
0000
0000
0000
0000
0081
7f00
0200
0900
0000
0000
0000
0000
0000
0000
efdd
0000
f90b
cf00
00f8
ff01
0000
0000
0000
0000
0000
0090
fa0a
ffff
0000
0000
0000
0000
0000
0000
0000
0090
f67f
0100
cecc
0000
0000
0000
0000
0000
0000
0000
0000
f90d
71ec
0000
0000
0000
ff00
0000
0000
0000
00c0
00f5
0000
0000
0000
0000
dcff
ff00
0000
0000
0000
0000
0000
0000
0000
0000
0050
50ff
ff00
0000
0000
0000
0000
0000
0000
82ec
0000
0000
00f5
fc0a
0000
0000
0000
0000
0000
5f00
0000
0000
0050
50ff
ff00
0000
0000
0000
0000
0000
0000
0000
0000
0050
0000
0000
0000
0000
0000
0000
0000
00f5
f41f
fddf
0000
0000
0000
0000
0000
0000
0000
0000
50ff
0300
0000
0000
0000
ff00
0000
0000
0000
0000
0000
0000
0000
0000
0000
faff
ff00
0000
00f0
f05f
5f00
0000
0000
0000
0000
10fd
5aff
ff00
0000
0000
0000
0000
0000
0000
82ec
0000
0000
00f5
fc09
0000
0000
0000
0000
0000
c1ff
0100
0000
0050
50ff
ff00
0000
0000
0000
0000
00f6
7f00
0000
0000
10f7
0000
0000
0000
0000
0000
0000
00fa
80ff
0600
0000
0000
0000
0000
0000
0000
0000
0000
0080
c0af
40da
0000
0000
0000
ff0f
0000
0000
0000
0000
0000
0000
0000
0000
0000
50ff
ff00
0000
0000
0000
0000
0000
0000
0000
0000
0000
a0af
0900
0000
0000
0000
0000
0000
0000
f90e
bf00
0860
f14f
0800
0000
0000
0000
0000
0000
f64f
f82f
f9ff
fa1e
fa1d
fd1d
0000
0000
0000
0000
00e1
00f5
00fa
50ff
ff00
0000
0000
0000
0000
0000
0000
0000
0000
0000
cccc
0000
0000
0000
0000
0000
0000
0000
0000
0000
0000
0060
0000
0000
c05f
0300
0000
0000
0000
0000
0000
0000
0000
00f5
f50f
0f00
0000
0000
0000
0000
0000
0000
0000
0000
c0ff
11fe
7018
0000
0000
0000
0000
0000
0000
0000
0000
0000
0000
0000
0000
0000
0000
0000
0000
0000
0000
0000
0000
0000
0000
0000
0000
0000
0000
0000
0050
f50f
0f00
0610
0000
0000
0000
0000
0000
0000
0010
e07f
8f00
efed
0000
0000
0000
0000
0000
0000
0000
0000
00f3
0091
0000
0000
0000
0000
0000
0000
0000
0000
0000
0000
0000
0000
0000
0000
0200
0700
0000
0000
0000
0000
0000
0000
d0df
00f5
fdcf
0f00
0000
0000
0000
0000
0000
0000
0000
0000
00b1
00f7
f80d
0000
0000
0000
0000
0000
0000
50ec
0300
0050
50ff
ff00
0000
0000
0000
0000
0000
0000
0000
0000
0050
0000
0000
0000
0000
0000
0000
0000
0000
0000
0000
00f4
00d8
0000
0000
0000
0000
0000
0000
0020
fe09
0000
0000
0000
ff00
0000
0000
0000
0000
0000
0000
0000
0000
0000
0000
ff00
0000
00fa
fa09
0900
0000
0000
0000
0000
0000
8fff
ff00
0000
0000
0000
0000
0000
0000
0000
0000
00a1
00f6
f90c
0000
0000
0000
0000
0000
0000
40eb
0100
0050
60ff
ff00
0000
0000
0000
0000
0000
00f5
f50f
0f00
0180
0000
0000
0000
0000
0000
0000
0000
0000
0000
0000
0000
0000
0000
0000
0000
0000
0000
0000
00e0
0092
0000
0000
0000
0000
0000
0000
0000
0000
0000
0000
0000
0000
0000
0000
ff00
0000
0000
0000
0000
0000
0000
0000
0000
0000
00f6
cf00
0000
0000
0000
0000
0000
0000
0000
0000
0a00
40ef
1f00
0000
0000
0000
0000
0000
0000
e29f
f24f
f66f
f33f
f82f
0000
0000
0000
0000
0000
00f3
20ff
e14f
febf
6f00
ff09
0000
0000
0000
0000
0000
0000
0000
cccc
0000
0000
0000
0000
0000
0000
0000
0000
0000
0000
0070
0000
0000
ff00
0000
0000
0000
0000
0000
0000
0000
0000
0000
c08f
0f00
0000
0000
0000
0000
0000
0000
0000
0000
0000
0000
ef02
0400
0000
0000
0000
0000
0000
0000
0000
0000
0000
0000
0000
0000
0000
0000
0000
0000
0000
0000
0000
0000
0000
0000
ff00
0000
0000
0000
0000
0000
0000
0f00
0000
0000
0000
0000
0000
f405
0000
7f00
0000
00b0
0000
0000
8f02
0000
facf
0000
30fa
0000
0000
8e00
00e6
0000
d03f
0000
0000
0000
0000
00fe
3e00
808f
df18
0000
0000
0000
0000
0000
0000
0000
0000
0000
0000
0000
0000
0000
0000
0000
0000
0000
f30b
0000
00fd
0000
0000
0000
0000
0000
0000
0057
0000
0000
0000
0000
0000
0000
0000
0000
0000
0000
0000
0000
0000
0000
0000
300f
0000
0000
0000
0000
0000
0000
0000
0000
0000
0000
0000
0000
0000
0000
0000
0000
0000
0200
0000
00d0
0000
0000
0000
cf01
0f00
f00f
af00
0000
0000
0000
f08f
0000
00f0
0000
0000
0000
0000
a09f
0000
fd07
0000
0000
0000
0000
f90a
0000
0000
0000
0000
0000
0000
0000
00f0
f507
0000
0000
0000
0000
0000
3077
0000
80af
0000
0000
0000
0000
7437
0000
f80a
0000
0000
0000
00e0
0000
0000
10ef
0000
0000
0000
00f3
f909
0010
10fb
0000
0000
0000
b0cf
0f00
00ff
0000
0000
0000
0000
0000
0000
0000
0000
0000
0000
0000
0000
0000
0000
0000
0000
0000
0000
0000
0000
d7ef
0000
0000
0000
0000
0000
0000
0000
0000
0000
0000
0000
0000
0000
0000
0010
0000
0000
0000
0000
1f00
0000
0000
0000
0000
0000
93ec
70cf
00f4
fb01
10d8
ef9c
0000
0000
0000
0030
00fa
00a0
0000
0000
d9ff
0000
b4ff
ff00
0081
0000
0000
fe9d
0000
0000
0700
00b5
0000
0000
ffff
0060
0000
0000
b6fe
0000
0000
ff00
0000
ffff
0000
ffff
0000
0000
0000
0000
ff00
0000
00ff
0000
0000
0000
0400
0f00
ff00
0100
0000
0000
0000
0000
0000
0000
0000
0000
0000
0000
00ff
0000
0000
0000
0000
0000
0000
0000
0000
0040
0000
0000
0000
0000
0000
0010
ff00
30fe
0000
0000
0000
0000
0000
0000
8488
0000
0000
0000
ff08
f40a
f00f
cf00
0000
0000
0000
f00f
02ff
00f0
0000
0000
0000
0000
fc07
f00f
e01f
fc2d
0000
0000
0000
0100
0000
0000
ff00
0000
0000
0000
0060
0000
0000
0000
0000
0000
0000
00ff
0000
0000
0000
0000
0000
0000
f80a
0000
0000
0000
0000
0000
0000
0000
0000
0000
0000
0000
0000
0000
0000
0000
0f00
f53e
0000
0000
0000
0070
0050
0000
60ef
0000
0000
0000
0070
00fc
fa55
80ff
0000
0000
0000
fa0b
0000
0000
90bf
0000
0000
0000
0000
0000
00a0
0000
0000
0000
0000
8888
0000
0060
0500
0000
0000
0000
00f0
0000
0000
0000
0000
0000
0000
d01e
0000
f904
0000
8f00
0000
0000
0000
0000
0f00
0000
f00f
0000
0000
0000
00e1
0000
0000
0000
0000
0000
0000
0000
0000
0000
0800
0000
0000
0000
0000
0000
0000
0000
0000
0000
0000
0400
0000
00f2
0000
0000
0000
0000
0f00
00fb
f00f
0000
0000
0000
0000
0000
dc01
0b00
0020
0000
0000
0000
0000
0000
0000
afb3
0000
0000
0000
0000
00f3
0000
fdce
0000
0000
0000
0000
0f00
0000
f00f
0000
0000
0000
0000
0b00
00ff
2a00
0000
0000
0000
0000
0000
ff00
0f00
0000
0000
0000
0000
0000
0000
0000
0000
0000
0000
0000
0000
f00f
0000
0080
0000
0000
0f00
0010
f00f
0000
0000
0000
0000
0000
0000
0000
0000
0000
0000
0000
0000
0800
f00f
ff00
0000
0000
0000
0000
00f6
0000
0000
0000
0000
0000
0000
fd05
00f0
d99f
0000
0000
0000
0000
0f00
00ff
fe0f
0000
0000
0000
0000
0000
ff00
0100
00ff
0000
0000
0000
0000
0000
0000
0000
0000
0000
0000
0000
ef4a
0000
0000
0000
0000
0000
0000
0f00
0000
0000
0000
0000
0000
ff00
0f00
00ff
0000
0000
0000
0000
0500
0000
00f1
0000
0000
0000
0000
00e0
10cf
20ef
0000
0000
0000
0000
fb06
0000
40df
0000
0000
0000
0000
2f00
0080
0600
0000
0000
0000
0000
0000
00b0
0300
0000
0000
0000
fb05
0000
0030
0000
0000
0000
0000
f00f
0000
00f0
0000
0000
0000
0000
0000
0000
0300
0000
d02f
0000
0000
0000
0000
0700
0000
0000
0000
0000
0000
0000
0000
0000
0000
0000
0000
0000
0000
0000
0000
0000
0000
0000
0000
0000
0000
00c0
0000
0000
0000
0000
07f3
5f40
f403
0000
0000
bf12
91fe
8f00
0000
0000
000f
d307
0b20
0000
0000
be00
508f
bf56
0000
0000
0000
0000
0000
0000
00b5
0000
0000
0000
0095
0000
0000
0090
0000
0000
0000
0000
00f4
0000
0000
0000
00af
ffff
00af
0000
0000
0000
0000
0000
0000
0000
0000
00ff
0000
0000
0000
0000
0000
0000
0000
0000
00c9
0010
0000
0000
0000
5f00
0f00
ec56
0000
0000
00fa
00fa
00fa
0000
0000
cd00
706f
4444
0000
0000
2f00
ce35
de56
0000
0000
df5f
af00
af00
0000
0000
0000
5f00
ed57
0000
0000
0000
5f00
ed66
0000
0000
9d00
00da
00f0
0000
0000
2f00
be54
bf55
0000
0000
5f00
bf12
fb58
0000
0000
0000
0000
0000
0000
0000
0000
0000
0000
0000
0000
0000
00b5
7d01
0000
0000
0000
1111
0000
0000
0000
0000
a4df
0000
0000
0000
cd00
40bf
0040
0000
0000
0030
007e
677f
ef6c
0000
e1fe
4f10
0000
0000
0000
0c00
6d33
6d44
0000
0000
0200
0000
6d84
0000
0000
0900
0000
af45
0000
0000
0000
3233
4444
0000
0000
0000
fbff
0000
0000
0000
0100
ff05
5995
0000
0000
0000
ffff
0000
0000
0000
0000
0000
0000
0000
0000
af00
af00
f55a
0000
0000
ea03
20de
1d00
0000
0000
0000
0000
4444
0000
0000
0020
00cb
ff02
0000
0000
0030
a01e
0900
0000
0000
0000
0000
5c84
0000
0000
0400
fdff
0000
0000
0000
0000
0000
5c84
0000
0000
0400
ffff
0000
0000
0000
0500
fe6b
7e74
0000
0000
a00f
a00f
a00f
0000
0000
0000
0000
7e75
0000
0000
0100
8f40
a0df
0000
0000
fe03
404f
00f2
0000
0000
4f20
b0df
0900
0000
0000
0410
f5af
a00f
0000
0000
9f00
00f8
4444
0000
0030
0000
0000
0000
0010
0000
0000
0060
009e
0000
0000
0000
0000
0000
0000
0000
00f2
0000
0000
0000
0000
0000
0000
0000
0000
0000
0000
0000
0000
0000
0000
0000
af00
ef5b
0000
0000
0000
2f00
ed57
0000
0000
0000
0200
ce65
0000
0000
0f00
0f00
cf55
0000
0000
0000
ffff
6c74
0000
0000
0000
0000
0000
0000
0000
0000
0f00
cf55
a3fe
0000
0000
af00
af00
0000
0000
0000
0000
0000
0000
0000
0000
0000
0000
0000
0000
0000
00eb
f40a
0000
0000
0000
0000
0000
0000
0000
0000
af00
af00
0000
0000
0000
af00
af00
0000
0000
0000
0b00
de66
0000
0000
0000
2f00
ed47
0000
0000
0000
0f00
cf55
0f00
0000
0000
0000
0000
0000
0000
0000
0040
fa47
0000
0000
0000
0000
0085
0000
0000
0000
af00
ef5a
0000
0000
0000
e108
00f8
0000
0000
0000
4f5f
00c0
0000
0000
0000
00eb
f309
0000
0000
0000
e00b
00f6
0000
0000
0000
30bf
4444
0000
0040
0000
0000
0000
0061
0000
0000
0000
0000
0000
0000
0000
00f8
0000
0000
0000
0000
82bf
0000
0000
0000
0000
0000
0000
0000
0000
0000
0000
0000
4f00
0000
0000
0000
0000
0000
0000
0000
00ff
0000
0000
40fa
0000
0000
2f00
9ef6
0000
0000
e1bf
0000
0000
4800
0000
0000
0000
0020
0000
0000
0000
0000
401d
0000
d7df
0000
0000
0000
0000
0000
0000
0000
0000
0000
0000
0000
0000
0000
0000
0000
0000
0000
0000
0000
0000
0410
0000
0000
0000
0000
0000
0000
7e00
0000
0000
0100
00f0
0000
0000
04c9
0000
0000
0d00
00f1
0000
0000
5eb3
0000
0000
0000
0000
0000
0000
fcdf
0000
0000
3f00
00f0
0000
0000
0000
0000
0000
4f00
0000
0000
0000
e85d
0000
0000
0000
00f0
0000
0000
92cf
0000
0000
0000
0000
0000
00a3
d430
00e6
0000
0000
00f6
0000
0000
feff
0000
0000
2f00
0039
0000
0000
0010
0000
0000
4f00
0000
0000
0000
ffff
0000
0000
3f00
106f
0000
0010
ffff
0000
0000
0400
0000
0000
0000
0400
0000
0000
4f00
0000
0000
0000
0010
0000
0000
4f00
4ff1
0000
0010
f214
0000
0000
2f00
e006
0000
0000
0310
0000
0000
2f00
e006
0000
0000
ffff
0000
0000
2f00
006e
0000
00f0
4f00
0000
0000
4f00
105f
0000
0080
08e5
0000
0000
0e00
af0b
0000
0020
f607
0000
0000
0100
0000
0000
0000
f305
0000
0000
4f00
0000
f54f
0000
00b8
0000
0000
0400
0000
f18f
0000
7200
0000
0000
0000
0000
2202
0000
0000
0000
0000
0100
00f1
0000
0000
0820
0000
0000
0000
0000
0000
0000
0450
0000
0000
0000
0020
0000
0000
00f1
0000
0000
0100
00f1
5303
0000
0510
0000
0000
4f00
0000
0000
0000
00f1
0000
0000
4f00
0000
0000
0000
0010
0000
0000
4f00
4f10
0000
0000
0510
0000
0000
0100
00f0
0000
0000
0910
0000
0000
0100
00f1
0000
0000
0010
0000
0000
0400
0000
0000
0000
00f1
0000
0000
4f00
00f1
0000
0000
5e70
0000
0000
8c00
f1f4
0000
0000
f2f8
0000
0000
ad00
0000
d814
0000
dc01
0000
0000
0400
0000
9c00
0000
0010
0000
0000
0400
0000
603e
0000
80ce
0000
0000
0000
0000
0000
0000
0000
0000
0000
0000
0000
0000
0000
0000
0000
0000
0000
0000
0000
0000
0000
0000
0000
0000
0000
0000
0000
0000
0000
0000
00c0
c079
001f
0000
0000
0000
0000
0000
0000
0000
0000
0000
0000
0000
0000
0000
0000
0000
0000
0000
0000
0000
0000
0000
0000
0000
0000
0000
0000
0000
0000
0000
0000
0000
0000
0000
0000
0000
0000
0000
0000
0000
0000
0000
0000
0000
0000
0000
0000
0000
0000
0000
0000
0000
0000
0000
0000
0000
0000
0000
0000
0000
0000
0000
0000
0000
0000
0000
0000
0000
0000
0000
0000
0000
0000
0000
0000
0000
0000
0000
0000
0000
0000
0000
0000
0000
0000
0000
0000
0000
0000
0000
0000
0000
0000
0000
0000
0000
0000
0000
0000
0000
0000
0000
0000
0000
0000
0000
0000
0000
0000
00c0
0000
0000
0000
0000
0000
0000
0000
0000
0080
0000
0000
0000
0000
0000
0000
0000
f000
0c1c
803f
0000
0000
0000
00c0
0078
0000
00c0
00c0
0070
0000
0000
0078
0000
0078
0000
0000
0070
0038
00c0
0000
00e0
0000
0000
00f0
0000
00e0
0000
0000
0000
0000
0078
00fe
007e
0000
0000
0038
0038
0038
0000
0000
0000
0000
0000
0000
0000
0000
0000
0000
0000
0080
0000
00e0
0000
0000
0000
0000
0080
0000
000f
0077
00c7
0007
0000
0038
0038
00b8
0000
0000
007c
0007
007c
0000
0000
0070
0000
0000
0000
0000
000f
000f
000f
0000
00f0
0070
0078
0000
0000
00e0
0080
00e0
0000
0000
0000
0000
0000
0000
0038
0038
0038
0000
0000
00f0
0080
0000
0000
0000
38c0
e070
800f
0000
0000
0080
0000
00f0
0000
0078
0000
0000
0000
0000
00e0
0000
0000
0000
0000
0000
0000
0000
0000
0000
0000
0000
0000
0000
0000
0000
0000
0000
0000
0000
0000
0000
0000
0000
0000
0000
0000
0000
0000
0000
0000
0000
0000
0000
0000
0000
0080
0000
0000
0000
0080
0000
0000
0000
0000
0000
0000
0000
0000
0000
0000
0000
0000
0000
0080
0000
0000
0000
0000
0000
0000
0000
0000
0000
0000
0000
0000
0000
0000
0000
0000
0000
0000
0000
0000
0000
0000
0000
0000
0000
0000
0000
0000
0000
0000
0000
0000
0000
0000
0000
0000
00ff
8003
8003
0000
0000
0000
0000
0000
0000
0000
0000
0000
0000
0000
0000
0080
0000
0000
0000
0000
0000
0000
0000
0000
0000
0000
0000
0000
0000
0000
0000
0000
0000
0000
0000
0000
0000
0000
0000
0000
0000
0000
0000
0000
0000
0000
0000
0000
001c
0060
0000
0000
0000
0000
0000
0000
0000
0000
0000
0000
0000
0000
0000
0000
0000
0000
0000
0000
0000
0000
0000
0000
0000
0000
0000
0000
0000
0000
0000
0000
0000
0000
0000
0000
0000
0000
0000
0000
0000
0000
0000
0000
0030
0000
0000
0000
0000
0000
c00c
0000
00e0
3003
0000
008c
0c03
0000
00c0
0000
3000
0000
0000
1800
0000
0000
0c00
0000
0000
0000
0000
0000
0300
0000
0000
3000
0000
0000
0000
0000
0000
0000
0000
0040
0000
0070
c01f
0000
0000
0000
3f00
0000
0000
6000
0060
0000
1c00
00c0
0000
0000
0000
6038
6000
0000
c000
1800
0000
c01f
0000
0080
300f
0000
0000
0000
0000
0000
0030
0000
0000
0000
0000
00f0
0000
6000
0000
0000
0300
0000
ff00
3183
003f
2006
3000
0000
0c30
3f00
0000
0060
0000
001e
0330
0000
0000
0030
0000
00f0
0000
0f00
8001
0000
3000
0003
0000
1800
0000
0000
0000
0000
1c18
1800
0000
0030
3000
0000
0633
0060
0003
6330
0000
0007
0330
0000
0006
0030
0000
8001
0000
3000
0006
0000
3000
000e
0000
0100
0080
0330
3000
0000
0630
0300
0000
cc30
0680
0000
c001
0000
000e
8001
0000
0070
0038
0000
0000
0030
c000
0000
0000
1800
0000
0000
3000
0000
0000
0000
0000
0030
0000
0000
0000
6000
0000
703c
3300
0000
0060
0000
0030
3060
0000
0000
7038
0000
0000
0000
0000
0030
e03f
3000
0030
0000
3000
0000
0000
3000
0000
0030
3100
0000
0030
3000
0000
6030
00c0
0000
3030
0000
0000
7070
0000
00e0
e037
0000
0030
3000
0000
0000
0000
1f00
0060
0000
1800
0000
0000
3000
0000
0000
0d00
0000
c0c0
0c00
0000
000f
0000
0000
c018
3800
0000
0030
0000
0000
0018
2000
0000
0020
1800
0000
0000
0000
0000
0000
0000
0000
0000
0000
0000
0030
d800
0000
0000
2400
0000
c064
0000
0066
0000
6100
0000
0000
0000
0000
0000
1800
0000
0010
0000
0000
0000
0000
0000
0000
0000
0000
0000
1800
0000
003f
1e00
0000
0006
1e00
0000
0000
6300
0000
80ff
0000
0080
0000
6100
0000
000c
0000
0000
0000
3f00
0000
0000
0000
0000
0040
0100
0000
0000
0000
0000
0000
6300
0000
070e
3800
0000
30c0
7f00
0070
c007
3800
0000
3060
0000
0000
0000
3000
0000
7c60
0000
00f0
0000
3000
0000
0003
0000
0000
0000
6000
0000
1e78
0000
0030
0000
3000
00c0
7030
3000
00f0
f01f
7f00
0030
000f
7000
0000
0006
0000
0030
0000
1900
0000
361b
0000
0000
0000
0f00
0000
0006
0000
0000
00f0
6000
0000
0030
3000
0000
0000
0000
0000
0030
0000
0000
c073
6000
0080
0000
3100
0000
c060
0000
0000
0000
3000
0000
c060
0000
0080
0000
6000
0000
0060
c000
0000
0000
6000
0000
3c6f
0000
0000
0000
0000
0000
0000
6f00
0000
c03f
0000
0000
0000
6300
0000
0030
0000
0080
0000
3300
0000
3033
0000
0000
0000
3300
0000
0003
0000
0000
0030
6000
0000
0030
3000
0000
0000
0000
0000
0000
0020
0000
0000
0048
0018
8088
0000
0000
0000
0040
0020
0000
0000
0008
0000
0000
0000
0000
0080
0041
0004
0000
0000
0041
0044
0010
0000
0000
0010
001c
0022
0000
0000
0000
0018
0000
0000
0000
0000
2444
000c
0000
0000
2020
2040
0040
0000
0000
6020
c07f
0040
0000
0000
0041
0040
3060
0000
0000
2020
003f
c018
0000
0000
4040
0008
4040
0000
0000
2008
000c
8020
0000
0000
0040
0040
0020
0000
0000
0000
0000
0000
0000
0000
0041
0041
0000
0000
0000
0041
0041
0040
0000
0040
0088
0040
0000
0000
0000
0041
0041
0000
0000
0000
0042
0020
0000
0000
0000
802a
0044
0000
0000
0000
0020
0040
0020
0000
0000
0000
0000
0020
0000
0014
0092
0089
0000
0000
0000
0000
0040
0000
0000
0040
0000
0000
0040
0042
0008
0004
0002
000a
0040
003c
0000
0000
0000
0000
0000
0040
0000
0000
0060
0010
9048
0022
0042
0040
0041
0040
007f
0000
0000
0000
0000
0000
0000
003f
2084
8042
4040
0040
4040
0041
0040
0008
8040
8080
0000
0000
0000
0000
0000
0040
0010
0020
0000
0000
0000
0002
0066
003c
0002
0000
0030
0000
0000
0000
0000
0040
0000
0040
4044
0042
0042
0042
0042
0060
0038
0040
0000
0000
0000
0000
0000
0060
0000
0020
0040
0020
0000
0000
0000
0000
0000
00a0
0016
0000
0000
0020
0000
0000
0000
0000
0040
0088
0000
0000
0050
0008
0000
0000
0088
0000
0040
0000
0000
0010
009b
0000
0000
0042
0040
0000
0000
0040
0010
0044
0000
0062
0042
0040
0000
0000
0020
0042
0000
0000
0044
0010
0040
0000
0020
0000
0000
0000
0000
0068
0080
0000
0000
0000
0080
0090
0000
0000
0088
00c8
0008
0000
00e0
0090
0000
0000
0000
0020
0040
0000
0000
0000
817e
0000
1800
0000
0000
0e1e
333f
1800
0e06
6666
60c6
3c18
1818
0000
0000
0000
3c18
6c00
0000
3030
1830
0000
0000
0000
3818
c67c
c0fe
c6fe
c67c
0000
0000
c67c
3810
663c
66fe
663c
183c
66e6
eec6
c67c
c67c
c67c
c6c6
c6c6
6666
303c
0c3c
0000
0000
0000
0000
0000
1818
60e0
0000
0000
0000
0000
0000
0000
0000
180e
1870
0000
00cc
6c38
1830
0000
00c6
0066
1830
0038
0000
6c38
1830
1830
7c00
3c18
6666
181b
3018
6030
c600
6c6c
0000
c2c0
1818
0000
aa55
1818
1818
0000
3636
0000
3636
0000
1818
1818
1818
3636
0000
0000
0000
1818
0000
3636
0000
3636
1818
ffff
f0f0
ffff
cc78
0000
0000
0000
3800
301e
0300
7c00
0000
0c00
1818
0000
0000
0c0c
30d8
0000
ffdb
7c38
bd99
637f
187e
0000
fe0c
7e3c
006c
7638
ff3c
0000
380c
f8c0
0030
0c18
7c66
7868
0c0c
def6
7c66
cccc
188c
c66c
7c60
f060
0c0c
ccf8
76dc
cccc
98fc
0000
cc78
0c78
cc78
c66c
fecc
cc00
cccc
facc
7800
3e6c
fc00
cc66
eedb
3636
3636
18f8
0000
181f
00f7
00f7
0000
0000
0000
0f0f
c0cc
6666
c6c6
f8c0
3018
fc00
0000
3c3c