6764
0000
0c0e
0000
0000
0000
0000
1a19
3a39
5a59
7a79
9a99
bab9
dad9
faf9
ffff
ffff
ffff
ffff
040b
0403
0706
4131
1918
6463
a29a
d7d6
0403
9142
3837
7877
b4b3
e9e8
0204
0000
002e
001a
0000
00b8
0808
0808
0808
0808
0808
0808
0808
0808
0000
0808
0808
0808
0808
0808
0808
0808
0808
0000
0000
0303
0808
0606
0000
0000
0403
0409
0507
0000
030b
0d0a
0905
0000
0000
0a0a
0d0e
0906
002f
0000
0c0f
0e0c
000e
0000
130d
1610
1007
0000
0000
0808
0c09
0b07
0000
0b06
0b0a
0909
0000
0000
0906
0e0f
0c0b
0000
0000
0606
070e
080c
0000
0713
1611
120c
0000
0000
1818
1a1b
160f
002b
0000
0000
0000
0000
0000
0000
0000
0000
0000
0000
0000
0000
0000
0000
0000
0000
0001
0001
0001
0001
0001
0001
0001
0001
0001
0001
0001
0001
0001
0001
0001
0001
0001
0001
0001
0001
0001
0001
0001
0001
0001
0001
0002
0001
0002
0002
0002
0002
0002
0002
0002
0002
0002
0002
0002
0002
0002
0002
0002
0002
0002
0002
0002
0002
0002
0002
0002
0002
0002
0002
0002
0002
0002
0002
0002
0002
0002
0002
0002
0000
0000
0000
0000
0000
0000
0000
0000
0000
0000
0000
0000
0000
0000
0000
0000
0000
0000
0000
0000
0000
0000
0000
0000
0000
0000
0000
0000
0000
0000
0000
0000
0000
0000
0000
0000
0000
0000
0000
0000
0000
0000
0000
0000
0000
0000
0000
0000
0000
0000
0000
0000
0000
0000
0000
f1ff
0000
0000
0000
0000
0f00
0000
0000
0000
0000
0000
0000
0000
0000
0000
0000
0000
0000
0000
0000
0000
0000
0000
0000
0000
0000
00f1
f1ff
0000
0000
0000
0000
0000
0000
0000
0000
0000
0000
0000
0000
0000
0000
0000
0000
0000
0000
0000
0000
0000
0000
0000
0000
00f1
00a0
0000
0000
0000
ffff
e0ff
0000
0000
0000
ffff
ffff
0000
0000
0050
0000
0000
0000
0000
0000
0000
0000
0000
0000
0000
0000
0000
0000
ffff
ff4f
0000
0000
2200
00f9
0000
0000
0000
4c00
0000
0000
0000
ff09
51fc
0000
0000
0000
00ff
0000
0000
0000
0000
0000
0000
0000
0000
0000
feff
0000
0000
3f00
df03
0300
0000
0000
fe2e
0000
0000
ff02
f0ff
10fe
0000
0000
0000
0000
0000
0000
0000
0000
0000
0000
0000
0000
0000
8f00
0000
0000
f0ff
0040
0000
0000
0000
00f7
f6ff
0000
0000
ffff
0000
6f00
0000
ffff
0000
0000
0000
0000
0000
0000
0000
0000
0000
0000
f1ff
0000
0000
0000
0000
0f00
0000
0000
0000
0000
0000
0000
0000
0000
0000
0000
0000
0000
0000
0000
0000
0000
0000
0000
0000
0000
00fa
0000
0000
0000
0000
00d0
0000
0000
0000
0000
f2ff
0000
0000
0000
0000
0600
0000
0000
0000
ff02
0000
0000
0000
2d00
0000
0000
0000
0000
0020
0000
0000
0000
0080
0000
0000
0000
0000
2f00
0000
0000
0000
d0ff
0000
0000
0000
0000
ff2f
0000
0000
0000
0000
1059
0000
0000
0000
0000
0000
0000
0000
0000
0000
0000
0000
ee39
ffff
0000
0000
0000
0700
0000
0000
0000
0000
0000
0000
0000
0000
0000
0000
0000
0000
0000
0000
0000
0000
0000
0000
0000
0000
0000
10ff
0000
0000
0000
3333
ff00
0000
0000
0000
10ff
0000
0000
0000
0000
0000
0000
0000
0000
0000
0000
0000
0000
0000
0000
0000
0000
0000
0000
0000
0000
0000
0000
0000
0000
0000
0000
0000
10ff
0000
0000
0000
0000
0000
0000
0000
0000
0000
0000
0000
0000
0000
0000
0000
0000
0000
0000
0000
0000
0000
ffff
0000
0000
0000
0000
0000
0000
0000
0000
0000
0000
0000
0000
0000
0000
0000
0000
0000
0000
0000
0000
0000
0000
0000
0000
0000
0000
0000
0000
0000
0000
0000
0000
0000
0000
0000
0000
0000
0000
0000
0000
0000
0000
0000
0000
0000
0000
0000
0000
00fc
0000
0000
0000
0000
60ff
0000
0000
0000
0000
e1ff
0000
0000
0000
0000
0000
0000
0000
0000
0000
0000
0000
0000
0000
0000
0000
0000
0300
50ff
0000
0000
ff1f
0000
ff00
0000
00f0
0000
a0ff
0000
0000
00a1
0000
0000
0000
0000
0000
0000
0000
0000
0000
0000
0000
0000
0000
10ff
0000
0000
0000
0000
ff00
0000
0000
0000
10ff
0000
0000
0000
0000
ff00
0000
0000
0000
0000
0000
0000
0000
0000
0000
0000
0000
0000
af45
fdff
0000
0000
ff9f
0000
0000
0000
0000
70ff
0200
0000
0000
3333
ffff
0000
0000
0000
0000
0000
0000
0000
0000
0000
0000
0000
0000
ffff
ffff
0000
0000
ff5f
0000
0000
0000
00b0
0000
0000
0000
0000
ffbf
ffff
0000
0000
0000
0000
0000
0000
0000
0000
0000
0000
0000
0000
ff3f
0000
0000
0000
00ff
f2ff
0000
0000
0000
ff01
33fb
0000
0000
00ff
0000
0000
0000
0000
0000
0000
0000
0000
0000
0000
0000
0000
0000
ffff
ff0e
0000
0000
0000
0010
0000
0000
0000
0000
0000
0000
0000
ff9f
0080
0000
0000
0000
0000
0000
0000
0000
0000
0000
0000
0000
0000
0000
0200
0000
0000
0000
0000
0e00
0000
0050
0000
f1ff
0000
0000
ff06
00a0
0000
0000
0000
0000
0000
0000
0000
0000
0000
0000
0000
0000
0000
ffff
0000
0000
fedf
0000
0000
0000
0000
60ff
0000
0000
0000
0000
ffdf
0000
0000
0000
0000
0000
0000
0000
0000
0000
0000
0000
0000
0000
0000
0000
0000
ffff
0000
0e00
0000
0000
ffff
ff6f
0000
0000
ff1f
0000
6f00
0000
0000
a6ed
0000
0000
0000
0000
0000
0000
0000
0000
0000
0000
0000
0000
c1ff
0000
cf00
0000
00f0
0000
faff
0000
0000
ff1f
0000
0000
0000
0000
fdff
0000
0000
0000
0000
0000
0000
0000
0000
0000
0000
0000
0000
0000
0000
0000
0000
0000
0000
0000
0000
0000
0000
0000
0000
0000
0000
0000
f1ff
0000
0000
0000
0000
0000
0000
0000
0000
0000
0000
0000
0000
0000
0000
0000
0000
0000
0000
0000
0000
0000
0000
0000
0000
0000
0000
f1ff
0000
0000
0000
0000
0000
0000
0000
0000
0000
0000
0000
0000
0000
0000
0000
0000
0300
0000
0000
0000
0000
0000
9f02
0000
0000
ff6d
0000
0000
0000
0000
0000
0000
0000
0000
0000
0000
0000
0000
0000
0000
0000
0000
0000
0000
ffff
0000
0000
0000
3333
0f00
0000
0000
0000
0000
0000
0000
0000
0000
0000
0000
0000
0000
0000
0000
0000
0000
0000
0000
0000
0000
0000
0010
0000
0000
0000
5b00
0000
0000
0000
10d7
ffff
0000
0000
0000
0000
0000
0000
0000
0000
0000
0000
0000
0000
0000
0200
0000
0000
ff03
0000
0000
0000
0010
ff1b
0000
0000
0000
0000
0000
0000
0000
0000
0000
0000
0000
0000
0000
0000
0000
0000
0000
0000
0000
0010
0000
0000
ff3f
00f2
0040
31fa
0000
df00
0000
ff07
20ff
00f4
00fd
00d2
fbff
0000
0000
0000
0500
ffff
0000
0000
0000
0000
0000
0000
0000
0000
ffff
0000
0000
0000
f2ff
a0ff
0000
0000
00f9
ffff
f8ff
0000
0010
0000
0000
0000
0000
0000
0000
0000
0000
0000
0000
0000
0000
0000
0000
5834
f1ff
0000
0000
af00
3333
0f00
0000
fdff
0000
f1ff
0000
0080
ef59
ffff
0000
0000
0000
0000
0000
0000
0000
0000
0000
0000
0000
0000
ffff
ff9f
0000
0000
0100
0000
ff00
0000
0000
0000
60ff
0000
0000
ff07
ffff
0000
0000
0000
0000
0000
0000
0000
0000
0000
0000
0000
0000
ffff
f4ff
0000
0000
0000
0000
0f00
0000
ff0f
0000
f1ff
0000
0010
bf01
3333
0f00
0000
0000
0000
0000
0000
0000
0000
0000
0000
0000
0000
ffff
ffff
0000
0000
0000
0000
0f00
0000
0000
0000
f1ff
0000
0000
0000
0000
0f00
0000
0000
0000
0000
0000
0000
0000
0000
0000
0000
0000
0000
ffff
0000
0000
0000
0000
0f00
0000
0000
ffff
f1ff
0000
0000
0000
0000
0f00
0000
0000
0000
0000
0000
0000
0000
0000
0000
0000
0000
0000
0000
0000
0000
3e00
0000
cf00
0000
0000
ff08
10ff
0000
0010
0000
0000
0000
0000
0080
0000
0000
0000
0000
0000
0000
0000
0000
0000
0000
0000
0000
00ff
0000
0000
0f00
0000
ff01
ffff
ffff
0000
00ff
0000
0000
0f00
0000
ff01
0000
0000
0000
0000
0000
0000
0000
0000
0000
0000
0000
0000
0000
0000
0010
0000
0000
0000
0000
ffff
0000
0000
0000
0010
0000
0000
0000
0000
0000
0000
0000
0000
0000
0000
0000
0000
0000
0000
0000
0000
ffff
0000
0000
0000
0010
0000
0000
0000
0000
ffff
0000
ef00
0000
0000
ffff
2800
0000
0000
0000
0000
0000
0000
0000
0000
0000
0000
0000
1d00
0000
0f00
0000
0000
feff
f1ff
0000
0000
0010
0000
0f00
0000
00f8
0000
f1ff
0000
0000
0000
0000
0000
0000
0000
0000
0000
0000
0000
0000
0000
0f00
0000
0000
0000
f1ff
0000
0000
0000
0000
0f00
0000
0000
0000
ffff
0000
0000
0000
0000
0000
0000
0000
0000
0000
0000
0000
0000
00d0
0f00
ffff
0000
0000
f1ff
0010
00f8
0000
0900
0f00
ffff
10fe
df00
f1ff
0010
0000
0000
0000
0000
0000
0000
0000
0000
0000
0000
0000
0000
0f00
0000
ff01
0000
f1ff
0000
00ff
0060
0000
0f00
0000
ffd1
0000
f1ff
0000
00ff
0000
0000
0000
0000
0000
0000
0000
0000
0000
0000
0000
0000
0000
f5ff
0000
a0ff
0000
00fe
0000
0000
ff00
0000
ff06
0000
ffff
0000
0000
20b7
0000
0000
0000
0000
0000
0000
0000
0000
0000
0000
0f00
0000
50ff
0000
f1ff
0000
0000
1e00
3333
0f00
0000
0000
0000
f1ff
0000
0000
0000
0000
0000
0000
0000
0000
0000
0000
0000
0000
0000
0000
0000
00f6
0000
faff
0000
00fa
0000
0000
ff00
0000
ff02
0000
f1ff
0000
0000
ffff
8c04
0000
0000
0000
0000
0000
0000
0000
0000
0000
0000
0000
0060
4533
f1ff
0000
0000
0500
0000
0f00
0000
90ff
0000
f1ff
0000
0000
0000
0000
0000
0000
0000
0000
0000
0000
0000
0000
0000
0000
0000
0000
ffff
ff3f
0000
0000
0000
30fc
0000
0000
00f7
0000
0000
0000
0000
cf02
ffff
0000
0000
0000
0000
0000
0000
0000
0000
0000
0000
0000
0000
ffff
3333
0000
0000
0000
1f00
0000
0000
0000
f0ff
0000
0000
0000
0000
1f00
0000
0000
0000
0000
0000
0000
0000
0000
0000
0000
0000
0000
0000
f1ff
0000
00f1
0000
0000
0f00
0000
ff0f
0000
f1ff
0000
00d0
0100
10fa
0000
0000
0000
0000
0000
0000
0000
0000
0000
0000
0000
0000
0000
00f5
0000
0070
0800
0000
0000
0000
00f2
0000
1f00
0000
0000
00fc
ff07
0000
0000
0000
0000
0000
0000
0000
0000
0000
0000
0000
0000
0000
00f4
f1ff
0000
ffff
0000
0e00
ff4f
f7ff
ffcf
ff4f
0000
3ff5
0000
dffe
0000
00f1
0000
0000
0000
0000
0000
0000
0000
0000
0000
0000
0000
0000
0000
0000
ff06
40ff
0000
0000
0000
ffff
0000
0000
0000
f5ff
b0ff
0000
0000
fcff
0000
0000
0000
0000
0000
0000
0000
0000
0000
0000
0000
0000
00b0
0d00
0020
0000
0000
0000
7f00
0000
0000
0000
0000
0f00
0000
0000
0000
f1ff
0000
0000
0000
0000
0000
0000
0000
0000
0000
0000
0000
0000
ffff
0000
0000
0000
0000
ff6f
0000
0000
0000
0000
d1ff
0000
0000
0000
ffff
ffff
0000
0000
0000
0000
0000
0000
0000
0000
ffff
0000
0000
0000
0000
0f00
0000
0000
0000
f1ff
0000
0000
0000
0000
0f00
0000
0000
0000
f1ff
0000
0000
0000
f0ff
0000
0000
0000
0000
0000
0000
0000
0000
0000
8f00
0000
0000
0000
ff0d
0000
0000
0000
f9ff
0000
0000
0000
40ff
0000
0000
0000
00d0
0000
0000
0000
0000
0000
0000
0000
0000
0000
00f1
0000
0000
0000
0000
ff0f
0000
0000
0000
00f1
0000
0000
0000
0000
ff0f
0000
0000
0000
00f1
ff0f
0000
0000
0000
0000
0000
0000
0000
50ff
0000
0000
0000
00f3
f2ff
0000
0000
0010
0000
0000
0000
0000
0000
0000
0000
0000
0000
0000
0000
0000
0000
0000
0000
0000
0000
0000
0000
0000
0000
0000
0000
0000
0000
0000
0000
0000
0000
0000
0000
0000
0000
0000
0000
3333
ffff
0000
0000
0000
0000
0000
0000
0000
0000
0000
0800
0000
0000
0000
0000
0000
0000
0000
0000
0000
0000
0000
0000
0000
0000
0000
0000
0000
0000
0000
0000
0000
0000
0000
0000
0000
0000
0000
0000
0000
0000
0000
0000
0000
f7ff
0000
0000
0000
0000
0100
30ff
0000
0000
ffff
d9ef
0000
0000
0000
0000
0000
0000
0000
0000
0000
0f00
0000
0000
0000
f1ff
0000
0000
fcff
0000
0f00
0000
00fe
0000
f1ff
0000
0000
feff
ff7f
0000
0000
0000
0000
0000
0000
0000
0000
0000
0000
0000
0000
0000
0000
0000
0000
10fc
0040
4f00
0000
0000
0000
20ff
0000
0000
f5ff
ffff
0000
0000
0000
0000
0000
0000
0000
0000
0000
0000
0000
00f0
0000
0000
0000
0000
ff1f
64fb
0d00
0000
00f0
0000
10ff
0000
0000
ffaf
54fa
0000
0000
0000
0000
0000
0000
0000
0000
0000
0000
0000
0000
0000
0000
0000
0000
0000
ffff
0400
0000
0000
ffff
ffff
0000
0000
0000
0070
0000
0000
0000
0000
0000
0000
0000
0000
0000
0000
0000
0000
90ff
ff0a
0000
0000
0000
ffff
3303
0000
0000
0000
ff1f
0000
0000
0000
00f0
0000
0000
0000
0000
0000
0000
0000
0000
0000
0000
0000
0000
0000
0000
0000
0000
0000
eead
0000
0000
00f0
0000
30ff
0000
0000
ff1f
0000
0a00
0000
00f0
0000
0000
0000
0000
00e6
0000
0000
0000
0000
0000
f1ff
0000
0000
0000
0000
0f00
0000
0060
0000
f1ff
0000
0000
ff0f
0000
0f00
0000
00f1
0000
0000
0000
0000
0000
0000
0000
0000
0000
0000
f1ff
0000
0000
0000
0000
0f00
0000
0000
0000
f1ff
0000
0000
0000
0000
0f00
0000
0000
0000
0000
0000
0000
0000
0000
0000
0000
0000
0000
ff0f
0000
0000
0000
0000
0000
0000
0000
0000
ff0f
0000
0000
0000
00f1
0000
0000
0000
0000
ff0f
0000
0000
0000
0000
feae
0000
0000
0000
0000
0000
0000
0000
0000
0f00
0000
0000
ff0a
f1ff
0000
0000
0000
ff36
0f00
0000
0000
bf00
f1ff
0000
0000
0000
0000
0000
0000
0000
0000
0000
0000
0000
0000
0000
0f00
0000
0000
0000
f1ff
0000
0000
0000
0000
0f00
0000
0000
0000
f1ff
0000
0000
0000
0000
0000
0000
0000
0000
0000
0000
0000
0000
0000
0000
0000
0000
ffff
ffff
0040
0000
ffff
0000
0f00
ff0f
0010
0000
f1ff
00f1
0000
0000
0000
0000
0000
0000
0000
0000
0000
0000
0000
0000
0000
0000
0000
ecdf
c3ff
0000
0000
ff2f
0000
0f00
0000
00f0
0000
f1ff
0000
0000
0000
0000
0000
0000
0000
0000
0000
0000
0000
0000
0000
0000
0000
0000
0000
6e00
0000
0000
ff1e
0000
ef00
0000
00fd
0000
f9ff
0000
0000
0010
0000
0000
0000
0000
0000
0000
0000
0000
0000
0000
0000
0000
0000
0000
30ff
0000
0000
ffaf
0000
0f00
0000
00ff
0000
f1ff
0000
0000
40fd
0000
0f00
0000
0000
0000
0000
0000
0000
0000
0000
0000
0000
0000
0000
0000
0000
0000
ffff
0000
af00
0000
00f0
0000
70ff
0000
0000
ffcf
eead
0000
0000
00f0
0000
0000
0000
0000
0000
0000
0000
0000
0000
0000
0000
0000
0000
0000
0020
0f00
0000
0000
0000
f1ff
0000
0000
0000
0000
0000
0000
0000
0000
0000
0000
0000
0000
0000
0000
0000
0000
0000
0000
0000
0000
00e4
0000
0f00
0000
0000
ffff
0000
0000
0000
f9ff
ffff
0000
0000
0000
0000
0000
0000
0000
0000
0000
0000
0000
0000
0000
ff1f
0000
0000
0000
33f3
0000
0000
0000
0000
ff1f
0000
0000
0000
64fd
0000
0000
0000
0000
0000
0000
0000
0000
0000
0000
0000
0000
0000
0000
0000
0000
ff0f
0000
0f00
0000
00f1
0000
f1ff
0000
0000
ff2f
0030
0000
0000
0000
0000
0000
0000
0000
0000
0000
0000
0000
0000
0000
0000
0000
0000
0000
0000
cf00
0000
0000
ff06
ff4f
0000
0000
0000
bfff
0000
0000
0000
0000
0000
0000
0000
0000
0000
0000
0000
0000
0000
0000
0000
0000
0000
0000
ff06
00fc
0000
f4ff
f6ff
0000
f4ff
9f00
ffe8
0000
0000
ff6f
0000
0000
0000
0000
0000
0000
0000
0000
0000
0000
0000
0000
0000
0000
0000
df01
0000
0000
fcff
7f00
0000
0000
0000
0cfd
0000
0000
0000
0c00
0000
0000
0000
0000
0000
0000
0000
0000
0000
0000
0000
0000
0000
0000
ff4f
0000
0000
bf00
f7ff
0000
0000
0010
08fb
0000
0000
0000
00d0
0000
0000
0000
0000
0080
0000
0000
0000
0000
0000
0000
0000
0000
0000
0000
0000
0000
ff1d
0000
0000
0000
0000
f5ff
0000
0000
0000
ffff
ffff
0000
0000
0000
0000
0000
0000
0000
0000
0000
0000
0000
0000
70ff
0000
0000
0000
0000
ff03
0000
0000
0000
00b0
0000
0000
0000
0000
ff00
0000
0000
0000
ff4e
0000
0000
0000
0000
0000
0000
0000
0000
0000
0f00
0000
0000
0000
f1ff
0000
0000
0000
0000
0f00
0000
0000
0000
f1ff
0000
0000
0000
0000
0000
0000
0000
0000
0000
0000
0000
0000
0000
0000
0000
0000
0000
ff0f
0000
0000
0000
ffaf
0000
0000
0000
0000
ff0f
0000
0000
0000
0000
ff1c
0000
0000
0000
0000
0000
0000
0000
0000
0000
0000
0000
0000
0000
0000
0000
0000
ffff
0b00
0000
50eb
0000
0000
0000
0000
0000
0000
0000
0000
0000
0000
0000
0000
0000
0000
0000
0000
0000
0000
0000
0000
0000
0000
0000
0000
0000
0000
0000
0000
0000
0000
0000
0000
0000
0000
0000
0000
0000
0000
0000
0000
0000
0000
0000
0000
0000
0000
0000
0000
0000
0000
0000
0000
0000
0000
0000
0000
0000
0000
00ff
0000
0000
0f00
0000
0000
0000
00ff
0000
0000
0000
0000
0000
0000
0ff0
0000
0000
0000
0000
0000
0000
0000
0000
0000
0000
0000
0000
0000
0000
0000
0000
0000
ffff
0033
0000
f96f
ffff
0000
0700
0000
0000
0000
0000
0000
0000
0000
2a20
0000
0000
ffaf
10fa
0000
ef00
0000
0000
0000
0000
0000
0000
0000
0000
0000
0000
0040
f90a
0000
0000
b08f
0200
0000
0000
0000
0000
0000
0000
0000
0000
ff9f
00fc
0000
0100
00f5
00fe
0000
0050
ffff
0000
0000
0000
0000
0000
0000
0000
0000
ff00
0000
0000
0000
0000
0000
0000
0000
0000
0000
0000
0000
0000
0000
0000
0000
0000
0000
00f2
0000
0000
bf00
0000
0000
0000
ff03
0000
0000
0004
0000
0000
0000
fe0e
0000
0000
0000
00d0
0000
0000
f66f
0000
0000
500a
0000
0000
0000
0000
0000
0000
cf00
94fd
0000
0000
0000
0000
0000
0000
0000
0000
0000
0000
0000
0000
0000
00ff
0000
0000
0f00
0000
0000
0000
0000
0000
0000
0000
0000
0000
0000
0000
0000
0000
0000
0000
0000
0000
0000
0000
0000
0000
0000
0000
0000
0000
0000
0000
0000
0000
0000
0f00
0000
0000
0000
0000
0000
0000
0000
0000
0000
0000
0000
0000
0000
0000
0000
0000
0000
0000
0000
0000
0000
0000
0000
0000
0000
0000
0000
0000
00f8
0000
0000
d09f
0000
0000
ff04
0000
0000
0000
0000
0000
0000
0000
af66
0000
0000
00f0
ff0f
0000
bf00
0400
0000
0000
0000
0000
0000
0000
0000
0000
0000
0000
0000
0000
0000
f0ff
0000
0000
0000
0000
0000
0000
0000
0000
0000
ffaf
90ff
0000
0000
ef02
0000
0000
f8df
6666
0000
0000
0000
0000
0000
0000
0000
0000
df00
0100
0000
0000
0000
fe0f
0000
0000
0000
0000
0000
0000
0000
0000
0000
ff9f
0000
0000
e1af
00f0
0000
ff0f
ff00
0000
0000
0000
0000
0000
0000
0000
0000
0000
00fd
0000
0000
0000
0000
0000
0000
ce17
0000
0000
0000
0000
0000
0000
ff1a
0000
0000
ff00
4c11
0000
0000
00fd
70ff
0000
0000
0000
0000
0000
0000
0000
0000
0000
df00
0000
0000
3f00
0000
0000
0000
0000
0000
0000
0000
0000
0000
0000
8e86
0000
0000
ff19
50ff
0000
ef00
0300
0000
0000
0000
0000
0000
0000
0000
0000
0000
0030
f0ff
0000
1b00
0100
0000
0000
ffad
0000
0000
0000
0000
0000
0000
0000
0000
0000
0000
0000
0000
0000
0000
0000
0000
0000
0000
0000
0000
0000
0000
0000
0000
0000
0000
0000
0000
0000
0000
ff00
0000
0000
0000
0000
0000
0000
0000
0000
0000
0000
5c00
0000
0000
0000
ef17
0000
0000
0000
0000
0000
0000
0000
0000
0000
0000
f0ff
0000
0000
ffff
0000
0000
0000
0000
0000
0000
0000
0000
0000
0000
0000
0000
ff00
71fe
0000
0000
ffff
0000
0000
0000
0000
0000
0000
0000
0000
0000
ff0e
2f00
0000
0000
ff0b
0000
0000
0000
0000
0000
0000
0000
0000
0000
0000
fdff
0000
00f7
00d0
0010
0000
df00
fc1f
ff2a
0000
8f00
fdde
0000
0000
0000
0000
0000
6f00
00fc
0000
0000
ffff
00e1
0000
0000
0000
0000
0000
0000
0000
0000
ffff
ff1c
0000
ff00
ffff
00f4
0000
00f0
ffaf
0000
0000
0000
0000
0000
0000
0000
0000
0d00
0000
0000
0000
00f0
0100
0000
0000
0000
0000
0000
0000
0000
0000
0f00
6866
a0ff
0000
00ff
0000
0000
0f00
0000
0010
0000
0000
0000
0000
0000
0000
0000
0000
00f0
0000
0000
ff00
0000
0000
0000
ffff
0000
0000
0000
0000
0000
0000
ffff
0000
0000
ff00
ffff
0000
0000
00f0
0000
0000
0000
0000
0000
0000
0000
0000
0000
1e00
0000
0000
0000
00f0
0000
0000
0000
0000
0000
0000
0000
0000
0000
0f00
0000
ff0f
0000
66ff
ffff
0000
0f00
0000
ff0f
0000
0000
0000
0000
0000
0000
0000
0000
00ff
0000
0000
0f00
0000
0000
0000
00ff
0000
0000
0000
0000
0000
0000
0000
00ff
0000
0000
0f00
0000
0000
0040
00b0
0000
0000
0000
0000
0000
0000
0000
0000
ff00
ff08
0000
0000
00f0
00fa
0000
ff00
0000
0000
0000
0000
0000
0000
0f00
0000
0000
0000
00ff
0000
0000
0f00
0000
0080
0000
0000
0000
0000
0000
0000
0000
0000
fffb
0000
ff0f
ff00
fa1e
0060
0000
00f0
0000
0000
0000
0000
0000
0000
d1ff
0000
0000
0f00
ff07
ff0f
0000
00ff
0900
0000
0000
0000
0000
0000
0000
0000
0000
0d00
0000
fe1f
0000
00f0
0000
0000
0000
0000
0000
0000
0000
0000
0000
ff00
6766
00fa
0000
00f0
f9ff
0000
ff00
0000
0000
0000
0000
0000
0000
0000
0000
0000
0000
00fc
0000
0000
ff00
0000
f4cf
0000
1600
0000
0000
0000
0000
0000
0000
ffff
ff2d
0000
ff00
ffff
0000
0000
00f0
ef00
0000
0000
0000
0000
0000
0000
0000
0000
0c00
0000
0000
0000
0000
1f00
0000
0000
0000
0000
0000
0000
0000
0000
ff0f
f6ff
0000
0000
0000
0000
0000
0000
f0ff
0000
0000
0000
0000
0000
0000
0000
f0ff
0000
00f0
0000
0000
ff00
0000
b0ff
0000
4900
0000
0000
0000
0000
0000
0000
0020
3f00
0000
0800
0000
0000
0000
2f00
0010
0000
0000
0000
0000
0000
0000
0000
6f00
ff05
df00
00f2
0000
b0ff
0000
00fe
0000
0000
0000
0000
0000
0000
0000
ff08
0000
0000
0000
0b00
0010
0000
0000
0000
00fb
0000
0000
0000
0000
0000
0000
70ff
0000
90ff
a0ff
0000
0000
f0ff
0000
0000
0000
0000
0000
0000
0000
0000
0000
ffff
e2ef
0000
0000
60ff
0000
0000
00fb
6666
0000
0000
0000
0000
0000
ffff
0000
0000
ff00
0000
0000
0000
00f0
0000
0000
ff00
0000
0000
0000
0000
0000
0000
f93f
0000
0000
0000
e0df
0000
0000
0000
50ff
0000
0000
0000
0000
0000
6606
0000
0000
0000
f0ff
0000
0000
0000
0000
0000
0000
f0ff
0000
0000
0000
0000
0000
0000
ff2f
0000
0000
ff01
fc0e
0000
0000
0000
0000
0000
0000
0000
0000
0000
0000
0000
0000
0000
0000
0000
0000
0000
0000
0000
0000
ffff
0000
0000
0000
0000
0000
6f00
0000
0000
0000
0000
0000
0000
0000
0000
0000
0000
0000
0000
0000
0000
0000
0000
0000
8d02
30ff
0000
0000
0010
0000
0000
ee7c
0000
0000
0000
0000
0000
0000
00f0
0000
0000
ff00
0000
0000
0000
00f4
70ff
0000
0000
0000
0000
0000
0000
0000
0000
0000
ffff
0000
0000
0000
0000
0000
0300
0000
0000
0000
0000
0000
0000
0000
0000
0000
0000
00d0
f0ff
0000
ff0b
2d00
0000
0000
0000
0000
0000
0000
0000
0000
0000
be06
00f9
0000
ff0e
0000
0000
0000
ad05
0000
0000
0000
0000
0000
0000
f6cf
0000
0000
0000
0000
0000
0000
f0ff
0000
0000
0000
0000
0000
0000
0000
0000
0000
0000
ffff
0000
0000
00f0
ff0f
0000
0000
0000
0000
0000
0000
0000
0000
ff00
0000
0000
0000
00f1
f0ff
0000
ff00
0000
0000
0000
0000
0000
0000
0000
0000
0000
0000
00f0
0000
0000
ff00
0000
0000
0000
00f0
0000
0000
0000
0000
0000
0000
0000
0000
0000
0000
0000
0000
0000
f0ff
0000
0000
0600
0000
0000
0000
0000
0000
0000
ff00
9f00
0000
0000
ffff
0000
0000
ff00
0000
0000
0000
0000
0000
0000
ff00
0000
0000
0000
00f0
0000
0000
ff00
0000
0000
0000
0000
0000
0000
0000
0000
0000
0000
28b0
6fff
ff05
ff00
0000
0000
00f0
00f0
0000
0000
0000
0000
0000
0000
0000
0000
0000
ff00
0100
0000
0000
00f0
f0ff
0000
0000
0000
0000
0000
0000
0000
0000
0000
ffff
0000
0000
0000
fc3f
0000
0300
0000
0000
0000
0000
0000
0000
0000
0000
0000
0000
00f2
fc3f
0000
ff00
0700
0000
0000
00f0
0000
0000
0000
0000
0000
0000
df39
f0ff
0000
ff0e
0000
0000
0000
ef4a
f0ff
0000
0000
0000
0000
0000
0000
0000
0000
ff00
0000
0000
0000
00f0
0000
0000
0000
0000
0000
0000
0000
0000
0000
0000
ffff
0000
0000
ff5c
90ff
0000
0300
0000
0000
0000
0000
0000
0000
0000
0000
0000
0000
f0ff
0000
0000
0000
0000
0000
0000
0000
0000
0000
0000
0000
0000
0000
00f0
f0ff
0000
ff00
0000
0000
0000
ef3a
0000
0000
0000
0000
0000
0000
0000
0000
0000
ff01
af00
0000
0000
fb0c
0000
0000
0000
0000
0000
0000
0000
0000
0000
0000
ef00
3f00
0000
01fc
ff07
0000
0000
0000
0000
0000
0000
0000
0000
0000
0000
0000
0000
b0ff
0000
0000
0000
ff09
0000
0000
0000
0000
0000
0000
0000
0000
0000
0000
30ff
0000
0b00
fa4f
0000
0000
bf00
0000
0000
0000
0000
0000
0000
0000
0000
0000
0000
f7ef
0000
0000
40ff
0066
0000
0000
0000
0000
0000
0000
0000
0000
0000
0000
0000
0000
00e5
0000
0000
0000
0000
0000
0000
0000
0000
0000
ff00
0000
0000
0000
00f0
0000
0000
ff00
0000
0000
0000
00f0
0000
0000
0000
0000
0000
0000
f0ff
0000
0000
0000
0061
0000
0000
e0ff
0000
0000
0000
0000
0000
0000
0000
0000
0000
0000
00a3
d09f
0000
0000
0000
0000
0000
0000
0000
0000
0000
0000
0000
0000
0000
0000
0000
0000
0000
0000
0000
0000
0000
0000
0000
0000
0000
0000
0000
0000
0000
0000
0000
0000
0000
0000
50ff
ff00
0000
0000
0000
0000
0000
0000
0000
0000
f05f
5e50
0000
0000
0000
0000
0000
0000
0000
4f00
00f4
dabf
bf00
0400
0000
0000
0000
0000
0000
60ff
2600
e8ff
0000
b0bf
0000
0000
0000
0000
0000
0070
00e4
00e5
0cd6
0087
0000
0000
0000
0000
0000
0000
0000
ff01
ed9f
ffde
0000
0000
0000
0000
0000
0000
0000
0000
0000
0000
0000
0000
0000
0000
0000
0000
0000
0000
0000
0000
0020
0000
0000
30df
0a00
0000
0000
0000
0000
0000
0000
0000
0000
0000
ff00
4c00
0100
0000
0000
0000
0000
0000
0000
00ff
ff05
ffff
0000
0000
0000
0000
0000
0000
0000
0000
0000
0000
0000
f50f
0f00
0000
0000
0000
0000
0000
0000
0000
0000
0000
0000
0000
0000
0000
0000
0000
0000
0000
0000
0000
0000
0000
0000
0000
0000
0000
0000
0000
0000
0000
0000
0000
0300
0900
0000
0000
0000
0000
0000
0000
0000
0000
ff8f
0000
0000
0000
0000
0000
0000
0000
0000
0000
00f6
0000
0000
0000
0000
0000
0000
0000
0000
00a3
3f00
1300
0000
c50b
0000
0000
0000
0000
0000
0050
50ff
ff00
0000
0000
0000
0000
0000
0000
0000
0000
0000
fa4e
0000
00f4
0000
0000
0000
0000
0000
0000
0000
b0bf
7f00
effd
0000
0000
0000
0000
0000
0000
0000
0000
0000
0000
0000
0000
0000
0300
0400
0000
0000
0000
0000
0000
0000
0000
0000
fe6f
f70e
0b00
0000
0000
0000
0000
0000
0000
0000
0000
40cc
0000
0000
0000
0000
0000
0000
0000
0000
0000
0000
0000
0000
0000
0000
0000
0000
0000
0000
0000
fdff
0020
0600
0000
0000
0000
0000
0000
0000
00cc
0000
ffff
0000
0000
0000
0000
0000
0000
0000
0000
00d7
30f9
0000
0000
0000
0000
0000
0000
0000
0000
0000
0000
0000
0000
0000
0000
0000
0000
00f1
fc00
0000
10fe
0000
defd
0000
0000
0000
0000
0000
0000
0000
0020
0000
0000
0000
0000
0050
50ff
ff00
0000
0000
0000
0000
0000
0000
81ec
0000
0000
00f5
fc09
0000
0000
0000
0000
0000
40fe
0100
0000
0050
50ff
ff00
0000
0000
0000
0000
0000
0000
f8ff
0000
0050
0000
0000
0000
0000
0000
0000
0000
00c6
0000
0000
0000
0000
0000
0000
0000
0000
0000
00ff
ff05
a5ed
0000
0000
0000
ff00
0000
0000
0000
00f0
f05f
0000
0000
0000
0000
50ff
ff00
0000
0000
0000
0000
0000
0000
0000
0000
0000
0000
0000
0000
0000
0000
0000
0000
0000
0800
2e00
9f50
50ff
ff00
0000
0000
0000
0000
0000
0000
0000
0000
0050
50ff
ff00
0000
0000
0000
0000
0d00
0100
0060
f907
0050
0000
0000
0000
0000
0000
00f0
f05f
5f60
ff03
0000
0000
0000
0000
0000
0000
0000
00f0
e05f
ff07
82ec
0000
0000
0000
ff00
0000
0000
0000
0000
0000
0000
0000
0000
0000
ff07
fc09
0f00
0000
0000
0080
3000
0000
0000
0000
0050
50ff
ff00
0000
0000
0000
0000
0000
0000
30d9
0000
00e4
0000
f60e
0000
0000
0000
0000
0000
cccc
00f0
f05f
5f00
0000
0000
0000
0000
0000
0000
f05f
5f00
0000
0000
30fc
0000
0000
0000
0000
0000
0000
0070
00f6
40ef
f2ef
0000
0000
0000
0000
00fd
f24f
ef00
59df
0e00
0000
0000
0000
0000
fe0c
0000
0000
0000
0000
00d1
0000
0000
0000
0000
00f8
7f00
0000
0000
0000
0000
0000
0000
0000
0000
0000
0000
0000
0000
0000
0000
0000
0000
0000
0000
0000
0050
50ff
ff00
0000
0000
0000
0000
0000
0000
0000
0000
a08f
0500
0000
0000
0000
0000
0000
0000
0000
0000
0000
00f5
f50f
ff0f
0000
0000
0000
0000
0000
0000
0000
0000
0000
0000
0000
0000
0000
0000
0000
0000
0000
0000
0000
0000
0000
9f00
0000
0000
0000
0000
0000
0000
0000
0000
0000
0000
0300
0200
0000
0000
0000
0000
0000
0000
0000
0050
cfff
ff00
0000
0000
0000
0000
0000
0000
0000
0000
0290
00f6
f80c
0000
0000
0000
0000
0000
00ff
ff65
0600
0000
00fd
0500
0000
0000
0000
0000
0000
0020
f31f
0000
00a1
0000
0000
0000
0000
0000
0000
0000
0000
0000
0000
0000
0000
0000
0000
0000
0000
0000
0000
00ff
ff65
6f00
0000
0000
ff00
0000
0000
0000
0000
0050
0000
0000
0000
0000
0000
ff00
0000
0000
0000
0000
0000
0000
0000
0000
0000
f50f
0f00
0000
0000
0000
0000
0000
0000
0000
0000
0750
ddff
ff00
0000
0000
0000
0000
0000
0000
0000
0000
0050
50ff
ff00
0000
0000
0000
0000
0000
cfe3
ff06
0500
0050
0000
0000
0000
0000
0000
0000
0000
50ff
ff00
0000
0000
0000
0000
0000
0000
0000
0000
0050
00fc
00b4
0000
0000
0000
0000
0000
0000
0000
0000
0030
0000
0000
0000
0000
0000
0500
0800
0000
0000
0000
0000
00f5
0000
0000
0000
bfff
ff00
0000
0000
0000
0000
0000
0000
0000
0000
0380
fbaf
2102
0100
0000
0000
0000
0000
0000
0000
0000
00f5
f50f
0000
0000
0000
0000
0000
0000
50ff
ff00
0000
00e3
0000
0000
0000
0000
0000
0000
0000
0000
0090
00f8
0000
0000
0000
0000
0000
00f7
90af
fb15
cf1f
0200
0000
0000
0000
0000
0000
0000
0000
0000
0000
0000
0000
0000
0000
0000
f18f
0600
0000
0000
0000
0000
0000
0000
0000
0000
cccc
0000
0000
0000
0000
0000
0000
0000
0000
0000
00f4
30fd
4f00
0000
0000
0000
0000
0000
0000
0000
0000
0050
50ff
ff00
0000
0000
0000
0000
0000
0000
0000
0061
00f5
f22f
f83f
0000
0000
0000
0000
0000
fa08
0000
0000
0000
0000
0000
0000
0000
0000
0000
0000
0000
0000
0000
0000
0000
0000
0000
0000
0000
0000
0000
0000
0000
0000
0000
0000
0000
0000
0000
fff0
0000
0000
0000
0000
0000
0000
0000
80b8
fc88
0000
0000
0000
00f0
0000
0000
0000
0000
0f00
0000
0000
0000
6d80
0000
20ef
0000
0000
0000
0000
dfd6
0000
7f00
0000
0000
0000
0000
0000
0000
0000
0000
0000
0000
0000
f40b
0000
00f7
0000
0000
0000
0000
0000
0000
0600
0000
0000
0000
0000
0000
00c0
0000
0000
0000
0000
0000
0000
ffff
0000
0000
0000
0000
0000
0000
0000
0000
0000
0000
0000
0000
0000
8800
0000
0000
0000
0000
0000
0000
0000
0000
0000
0000
0000
0000
505f
0000
0000
af00
0000
0000
0000
00f1
0000
0000
0000
0000
0000
0000
0000
0000
0f00
0000
0000
0000
a3fe
0000
00f8
0300
00f0
0000
0000
ebdf
0000
70ff
0e00
0020
0000
0000
0000
0000
0f70
0000
f00f
0000
0000
0e00
0000
a2af
0000
fdae
0000
0000
0000
0000
fb0f
0000
df06
0000
0000
0000
f608
0000
0000
0000
0000
0000
0000
0100
0000
1f00
0000
0000
0000
0000
00f4
0000
0100
0000
0000
0000
0000
0000
0000
0000
0000
0000
0000
0000
0000
0000
0000
0000
0000
0000
0000
0000
f7cf
0500
0076
0000
0000
0000
0000
ffff
0000
0000
0000
0000
0000
0000
71fd
0000
0000
0000
0000
0000
00c0
0000
0000
8800
0000
0000
0000
0081
09d6
0800
fa07
0000
0000
0000
ff1f
0000
bfaa
1f00
0000
0000
0000
00ff
0000
0000
0000
0000
0000
0000
df01
0000
00f2
0000
0000
0000
0000
0000
1f00
ff00
00fc
0000
0000
0000
0000
0000
0000
0000
0000
0000
0000
0000
0000
0000
0000
0000
0000
0000
00b0
00f1
0000
0060
0000
0000
0000
0f00
ff00
f08f
00ff
0000
0000
0000
0000
0000
0000
ff00
0000
0000
0000
0000
0000
ff00
0b00
0000
0000
0000
00ff
0000
fd8a
0000
0000
0000
0000
ff00
0000
00ff
0000
0000
0000
0000
00f0
0000
ff00
00fb
0000
0000
0000
0000
00b0
0000
ef2f
0000
0000
0000
0000
0000
0000
0000
0000
0000
0000
0071
00ff
0010
0000
0000
0000
0000
10c7
f40c
f00f
00fa
00f6
0000
0000
d9ff
0000
40fe
ff00
80af
0000
0000
ecdf
0000
81fe
0d00
0081
0000
0000
ffff
0000
ff00
0000
00ff
0000
0000
f00f
00ff
00f0
0000
febe
0000
0000
9f00
fb05
1e00
0000
0600
0000
0000
0000
fd0e
0020
0e00
0200
0000
0000
0000
01f4
0000
fc06
1e00
0000
0000
0000
e14f
0000
ff00
0000
0000
0000
0000
0000
0000
f21e
0000
0000
0000
0000
0f00
0000
f00f
0000
f0ff
0000
0000
0000
0000
0000
0000
0000
0000
f0ff
0000
00f0
0000
0000
0f00
0000
0000
0000
00b0
0000
0000
0000
0000
0000
0000
0000
0000
0000
0000
0000
0000
0000
0000
0000
0000
0000
0000
0000
0000
0000
ffff
0800
0000
0000
0000
00f0
0000
0000
0000
0000
0000
0000
0000
0000
00f0
0000
0000
0000
0000
0000
00ff
f10f
0000
0000
0000
0000
0000
e2af
0f00
0021
0000
0000
0000
0000
80f8
0000
0000
0000
0000
0000
0000
d8cf
0000
0600
0000
0000
0000
0000
fd0f
0000
00f0
0000
0000
0000
0000
0000
0000
ff00
0000
0000
0000
0000
0000
0000
0000
0000
0000
0000
00f0
0000
70cf
0000
0000
0000
0000
ff00
0000
00ff
0000
0000
0000
0000
0000
2a60
f00f
0000
0000
0000
0000
0000
50fc
0f00
00ff
0000
0000
0000
0000
ecce
0000
6f00
0000
0000
0000
0000
bea3
0000
0400
0000
0000
0000
0000
1900
0000
00f4
0000
0000
0000
0000
0f00
0000
f00f
0000
0000
0000
0000
0000
5500
0700
0040
0000
0000
0000
0000
00f0
0000
00d0
0000
0000
0000
0000
00f0
0000
91fe
0000
0000
0000
0000
fb03
0000
9f00
0000
0000
0000
0000
0800
d40e
0700
0000
0000
0000
0000
0000
00e2
3f00
0000
0000
0000
0000
0000
fcc3
0000
0000
0000
0000
0000
0000
f50c
0000
0000
0000
0060
0000
0000
af01
0000
df01
0000
0000
0000
0000
0f00
0000
0000
0000
0020
0000
00f1
0000
0000
0600
0000
0000
0000
0000
0060
0000
0000
0000
0000
0000
0000
0000
0000
0000
0000
0000
0000
0000
0000
0000
0000
0000
0000
0000
0000
00f0
0000
0000
0000
0000
00bb
4ec4
db33
0000
0000
10bf
0400
4f00
40cf
0000
00c3
2ee5
0fd8
0000
0000
a1ee
70cf
ed01
0000
0000
0000
0000
0000
0000
0000
0020
0000
0000
0020
0000
0000
0070
0070
0000
0000
0000
50a3
0025
0000
0000
0000
00af
00af
0000
0000
0000
0000
0000
0000
0000
0000
0000
0000
0000
0000
0000
0000
0000
0000
0000
601e
00c0
0000
0000
0000
91fe
0f00
1f00
0000
0000
00fa
00fa
00fa
0000
0000
80fd
ea01
00d1
0000
0000
b4ee
9f02
1f00
0000
0000
ef02
afe1
ffff
0000
0000
ffff
b2ef
1f00
0000
0000
d6ee
c3ef
1f00
0000
0000
ffff
900d
00f3
0000
0000
b4ee
ae22
0a00
0000
0000
91fe
0f00
1f31
0000
0000
0000
0000
0000
0000
0000
0000
0000
0000
0000
0000
0000
9f03
20d7
0000
0000
0000
ffff
3333
0000
0000
0000
0000
d6bf
0000
0000
70ed
eb02
00f0
0000
0000
df39
e50a
00bb
0010
0000
507f
ebb0
ffff
0000
0000
c6fe
6f01
0100
0000
0000
eadf
0000
0000
0000
0000
b5fe
0000
0100
0000
0000
ffff
0000
0000
0000
0000
ffff
0000
0000
0000
0000
ebdf
0000
0000
0000
0000
0000
0000
0000
0000
0000
0000
0000
0000
0000
0000
af00
af00
af00
0000
0000
0600
10cd
f806
0000
0000
0000
0000
0000
0000
0000
0000
00e0
860e
0000
0000
0000
00f6
cd00
0000
0000
eadf
0000
0000
0000
0000
d9ff
0300
0000
0000
0000
eadf
0000
0000
0000
0000
d9ff
0300
0300
0000
0000
d8df
0020
0100
0000
0000
ffff
a00f
a00f
0000
0000
0000
0000
0000
0000
0000
0000
0c00
f6e3
0000
0000
9f00
d40b
00bb
0000
0000
0200
f4fb
cea0
0000
0000
0000
5fe1
a00f
0000
0000
ffff
c01d
0030
0000
0000
0000
0000
0000
0000
0000
0000
0000
00f3
b00c
0000
0000
0000
0000
0000
0000
0050
008e
0000
0000
0000
0000
0000
0000
ffff
0000
0000
0000
0000
0000
0000
0000
f958
bf43
0000
0000
0000
fc57
1f00
0000
0000
0000
de65
0000
0000
0000
0f00
df65
0f00
0000
0000
0000
be55
0000
0000
0000
30a4
0044
0000
0000
0000
0000
df65
0f00
2f00
0000
0000
f958
af00
0000
0000
0000
0000
0000
0000
0000
0000
0000
0000
0000
0000
0000
e20c
00fb
0000
0000
0000
0000
0000
0000
0000
0000
fc59
af00
0000
0000
0000
f948
af00
0000
0000
0000
de66
0b00
0000
0000
0000
fc58
1f00
0000
0000
0000
cf65
0f00
0f00
0000
0000
0041
0000
0000
0000
0000
f958
eb16
0000
0000
0000
0044
0000
0000
0000
0000
af00
af00
0000
0000
0000
db00
403f
0000
0000
0000
f80b
09e6
0000
0000
0000
e20b
00ec
0000
0000
0000
fb01
306f
00a0
0000
0000
fa48
00a0
0000
0000
0020
0000
0000
0010
0000
0000
0000
0000
0000
0000
0000
0000
0000
0000
0000
0000
0000
1300
0000
0000
0000
0000
0000
0000
0000
0000
0000
0000
0000
0010
0000
0000
4900
0000
0000
0000
5109
0000
0000
3f00
00c0
0400
0000
1b11
0000
0000
0200
007c
0000
0000
0000
0000
0010
0e00
0000
7c00
0000
005f
0000
0000
0000
0000
0000
0000
ffff
0000
0000
0000
0000
0049
0000
0000
0000
0000
0000
0000
0000
0000
00b6
0000
0000
3f00
00f0
0000
0000
f104
0000
0000
1300
0000
0000
0000
fe3f
0000
0000
0000
00ff
0000
0000
5e93
0000
0000
2f00
00f1
0000
0000
e006
0000
0000
3f00
00f0
0000
0000
2bb1
0000
0000
4f00
0000
0000
0000
0000
0000
0000
0000
0000
0000
0000
2222
0000
0000
0100
00d0
0000
0000
f306
0000
0000
0800
400a
8f00
0000
08e6
0000
0000
4f00
006e
0000
0000
0010
0000
0000
4f00
007e
0000
0000
ffff
0000
0000
4f00
0000
0000
0000
0010
0000
0000
4f00
104f
0000
0000
00f1
0000
0000
0000
00f1
0000
0000
50ff
0000
0000
4f00
0000
0000
10bf
401d
0010
0000
4f00
107f
0000
0000
0010
0000
0000
4f00
0000
0000
0000
0010
0000
0000
4f00
006f
0000
0000
fc7d
0000
0000
0000
0010
0000
0010
0010
0000
0000
0a00
0030
0000
bb00
f5d1
0000
0000
0000
0060
0000
0050
dd1e
0000
0000
0000
0000
0000
0000
0010
0000
0000
0700
0000
0000
0000
00f1
0000
0000
0d00
0000
0000
0000
0000
0000
0000
0000
0000
0000
0000
0410
0000
0000
4f00
00f1
0000
0000
0450
0000
0000
0100
00f1
0000
0000
0540
0000
0000
0f00
0000
0000
0000
0450
0000
0000
4f00
00f1
0000
0000
0010
0000
0000
0400
0000
d029
0000
c01b
0000
0000
4f00
0000
0000
0000
5f10
0010
0000
4f00
00f1
0000
0000
0850
0000
0000
4d00
00f1
104f
0000
0450
0000
0000
4f00
0000
0000
0000
2620
0000
0000
0f00
0000
0000
0000
0410
0000
0000
8d00
0000
0000
0000
ea40
0000
0000
5f00
0000
0000
0000
6e70
0000
0000
0f00
0000
0000
0000
00c0
0000
0000
4f00
0000
104f
0000
00e8
0000
0000
0000
40fe
0000
0000
0000
0000
0000
0000
0000
0000
0000
0000
0000
0000
0000
0000
0000
0000
0000
0000
0000
0000
00c0
0080
0000
0000
0000
0000
0080
0000
0000
0070
0000
60e0
0000
0000
0000
00c0
00e0
0000
0000
0000
0000
0000
0000
0000
0000
0000
0000
0000
0000
0000
0000
0000
0000
0000
0000
0000
0000
0000
0000
00c0
0000
0000
0000
0000
0000
0000
0000
0000
0000
0000
0000
0000
0000
0000
0000
0000
0000
0000
0000
0000
0000
0000
0000
0000
0000
0000
0000
0000
0000
0000
0000
0000
0000
0000
0000
0000
0000
0000
0000
0000
0000
0000
0000
0000
0000
0000
0000
0000
0000
0000
0000
0000
0000
0000
0000
0000
0000
0000
0000
0000
0000
0000
0000
0000
0000
0000
0000
0000
0000
0000
0000
0000
0000
0000
0000
0000
0000
0000
0000
00c0
0000
0000
0000
0000
0080
0080
0000
0000
0000
0000
0000
0000
0000
0000
0000
0000
0000
00ff
1c7e
3870
0000
0000
0000
0080
00f0
0000
0000
00e0
00e0
00c0
0000
0000
0000
001c
0000
0000
00c0
0038
0070
0000
0000
0000
00e0
0000
0000
0000
0000
0000
0000
0000
0000
0000
000e
000e
0000
0038
0038
0038
0000
0000
0000
0000
0000
0000
0000
0000
0000
0000
0000
0078
0000
0000
003c
0000
0000
0000
0000
0000
0000
003f
00e7
0007
0000
0000
0038
0038
00f8
0000
0000
000f
000f
0000
0000
00e0
00f0
0000
0000
0000
007c
0007
00fc
0000
0000
0038
00e0
0038
0000
0000
0000
0070
0000
0000
00e0
0000
0000
0000
0000
0038
0038
00f0
0000
0000
00c0
0000
0000
0000
3c80
70e0
c01d
0007
0000
00e0
0000
0080
0000
0000
00c0
0000
0000
0000
0000
0000
0000
00e0
0000
0000
0000
0000
0000
0000
0000
0000
0000
0000
0000
0000
0000
0000
0000
0000
0000
0000
0000
0000
0000
0000
0000
0000
0000
0000
0000
0000
0000
0000
0000
0000
0000
0000
0000
0000
0080
0000
0000
0000
0000
0000
0000
0000
0000
0000
0000
0000
0000
0000
0080
0080
0000
0000
0000
0000
0000
0000
0000
0000
0000
0000
0000
0000
0000
0000
0000
0000
0000
0000
0000
0000
0000
0000
0000
0000
0000
0000
0000
0000
0000
0000
0000
0000
0000
0000
0000
0000
8003
8003
0000
0000
0000
0000
0000
0000
0000
0000
0000
0000
0000
0000
0000
0080
0000
0000
0000
0000
0000
0000
0000
0000
0000
0000
0000
0000
0000
0000
0000
0000
0000
0000
0000
0000
0000
0000
0000
0000
0000
0000
0000
0000
0000
0000
0000
000e
0030
00c0
0000
0000
0000
0000
0000
0000
0000
0000
0000
0000
0000
0000
0000
0000
0000
0000
0000
0000
0000
0000
0000
0000
0000
0000
0000
0000
0000
0000
0000
0000
0000
0000
0000
0000
0000
0000
0000
0000
0000
0000
0000
0000
0000
0000
6600
0000
0000
0600
00c0
0000
1f00
00c0
0000
0000
0000
700e
3000
0000
0000
0000
0000
0030
0c00
0000
000c
6000
0000
0000
0000
0000
0000
0000
0000
0020
0000
0000
0000
0000
0000
0000
3000
0000
800f
6000
0000
003f
0300
0000
7000
7f00
0000
e007
0000
00c0
f07f
0000
0000
e070
0000
0080
0000
7f00
0000
0000
3000
0030
0000
6000
00c0
0000
0000
0000
0000
0000
0000
0000
0000
0000
0000
0000
0000
3800
0000
0060
0000
0000
c31c
781c
0000
0018
0000
3000
0003
0000
7000
0007
0000
3080
00f0
fc3f
3000
0000
0030
3000
0000
0060
0f80
0000
ff3f
0000
0000
0018
0000
0060
6060
0000
0080
0318
3000
0000
0000
3ce0
608c
0000
3300
000f
0000
6080
0000
fc3f
3000
0000
0330
3800
0000
0c30
3000
0000
3c00
0000
0080
8001
0000
0003
0e1c
0000
0018
0000
6018
6086
0000
0c00
001c
0000
0e00
0080
0000
0700
0000
0030
3000
0000
0020
0600
0000
0018
1800
0000
0000
0000
0000
0000
0000
0000
0000
0000
0060
0000
3000
0018
0000
0f00
0060
0000
3000
0030
0000
7f00
0000
0018
1800
0000
b01f
1f00
0000
3030
0000
0000
0030
0000
0000
0030
0000
00c0
3030
3000
0000
0000
0000
c060
0000
3700
0030
0000
7000
0000
0000
3000
0000
0000
3000
0000
003e
3000
0000
007c
0000
0000
0018
0000
0030
f018
0000
0060
0000
0000
0033
0000
0000
0080
0000
6000
0000
0000
0700
0000
0018
3000
0000
0020
2000
0000
0018
1800
0000
303f
0000
0000
0000
0000
0000
0000
3000
0000
0000
0000
00c0
0000
7400
0000
c066
0000
0000
0000
4000
0000
0060
c000
0000
0018
5400
0000
0000
0c00
0000
0000
0000
0000
0000
0000
0000
0060
0000
0080
0000
0600
0000
0007
0000
0000
0000
3300
0000
0060
0000
0080
0000
0100
0000
003f
1e00
0000
007f
0000
0000
0000
0000
0000
0038
0000
0000
0000
0100
0000
0018
0000
8031
0000
3000
0000
c07f
0000
0000
0000
6000
0000
0030
0000
0000
0000
3000
00ec
3060
6000
0000
0030
0300
0000
3830
3000
0000
0060
0000
0066
0000
6100
0000
0c60
0000
00c0
0000
6000
0000
e07f
0000
0000
0000
0600
0000
3060
0000
0060
0000
6180
000c
6030
6000
0030
0006
7f00
0000
00f0
c000
0000
0018
0000
0000
0000
0000
0000
0000
0000
0000
0000
0300
0000
8071
0000
0080
0000
3f00
0000
001e
0000
0000
0000
0000
00c0
0060
6100
0000
0060
6000
0000
0060
6700
0000
0060
0000
0086
0000
6100
0000
c060
0000
00c0
0000
6000
00c0
0070
0000
0000
0000
fc00
0000
8061
0000
0000
0000
0000
00c0
0000
6100
0000
000c
0000
0000
0018
6000
0000
0060
0000
0000
0000
6700
0000
0000
0000
0000
0000
0000
0012
0000
0008
1011
0018
00c0
0000
0020
0010
0000
0000
0000
0040
0000
0000
0010
0000
0000
0004
0002
0022
0000
0000
0041
0062
0001
0000
0000
0041
0000
0000
0000
0000
00ff
0006
0022
0000
c007
8040
007f
4018
0000
0000
0040
007f
c018
0000
0000
0040
0004
0041
0000
0000
1045
4044
c018
0000
0000
2021
003f
8020
0000
0000
4040
0021
0441
0000
0000
0004
000c
0040
0000
0000
0020
0082
0000
0000
0000
0041
0041
0000
0000
0000
0041
0020
0000
0000
0000
0040
0040
0080
0000
0000
0821
0041
0000
0000
0040
0041
0040
0000
0000
0000
0041
0044
0000
0000
0000
0038
0004
0020
0000
0040
0020
0000
0000
0000
0000
0000
0000
0000
007c
2012
0042
0000
0040
0010
0010
0008
0000
0000
0000
0000
0000
0000
0000
0000
0000
0002
0042
0042
0010
0042
003e
0040
0040
0000
0000
0000
0000
0000
0000
0000
0000
0000
007c
0040
0040
4040
8040
0020
0004
0048
0020
60c0
8060
0000
0000
0000
0000
0000
0000
0008
0021
0014
a028
0014
0014
000c
0040
0040
0020
0010
0000
0000
0000
0000
0000
0000
003a
0066
0040
0042
0042
0040
0040
0044
0040
0000
0000
0000
0000
0000
0002
0000
0000
0030
0066
0028
0049
0010
0044
0004
0020
0040
0020
0000
0000
0000
0040
0000
0050
0000
0030
0000
0080
0040
0000
0000
0000
0000
0000
0060
0030
0070
0000
0070
0020
0088
0000
0000
0010
00f0
0000
0000
0010
0044
003c
0000
007c
0040
0042
0000
0000
0040
0049
0000
0000
0042
0044
0038
0000
0082
0049
0044
0000
0000
0040
0040
0000
0000
0000
0088
0060
0000
0030
0098
0088
0000
0000
0080
0092
0000
0000
0000
0080
0060
0000
0000
0092
0088
0080
0000
0040
0040
0000
0000
ff7e
0000
1800
ffff
ffff
663c
637f
e0c0
3c18
db7f
0000
3c18
0000
0000
0000
0000
6666
c67c
6c38
180c
0000
0000
0000
6c38
c67c
1c0c
6038
c67c
0000
0600
6000
7c00
66fc
6cf8
66fe
c6c6
0c1e
60f0
e6c6
66fc
66fc
7e7e
c6c6
c6c6
c6fe
8000
c66c
0018
60e0
0c1c
6c38
60e0
0606
1838
0000
0000
0000
3010
0000
0000
0000
1818
dc76
663c
3018
00cc
386c
6c38
1830
663c
1000
0060
6c3e
00c6
cc78
00c6
c600
646c
cccc
6030
6030
dc76
6c6c
3030
0000
c2c0
0000
4411
77dd
1818
3636
0000
3636
3636
1818
1818
0000
0000
1818
3636
3636
3636
3636
3636
0000
1818
0000
1818
0000
0000
0f0f
0000
c6fe
fe00
0000
7e00
6c38
0000
301c
0000
3000
1b0e
0000
6c6c
0000
6c6c
0000
0000
fe7c
c3e7
6666
fef8
7bdb
187e
c0c0
0000
78c0
6060
0000
dece
cc6c
78cc
c060
dede
6666
fccc
6060
7c66
3030
386c
1830
0018
7c0c
766c
3030
66dc
307c
6cc6
0018
ccc0
0c78
663c
1838
60fc
7800
cc00
f064
0c78
f800
6030
dbcc
8822
1818
18f8
06f6
1818
0000
3037
3037
3636
181f
18ff
0000
dc76
3060
cc78
db7e
fc00
181b
386c
6c6c
002c