6f43
202e
0000
0000
0000
0000
0000
0403
2423
4443
6463
8483
a4a3
c4c3
e4e3
ffff
ffff
ffff
ffff
2e0a
a201
0300
0303
8132
3635
7675
b3b2
e7e6
0100
6215
4a49
8988
c5c4
faf9
004c
22f3
001f
001c
6167
0808
0808
0808
0808
0008
0808
0808
0808
0808
0808
0808
0808
0808
0001
0808
0808
0808
0808
0010
0000
0606
0707
0506
0000
0c08
090a
0808
0002
0000
0909
0d0b
0909
bd7c
0000
0b0a
0505
0605
0000
0808
0812
060d
0018
0000
1212
1814
1209
0000
0303
090d
0804
0002
0000
0704
0e09
0f04
0014
0000
0c0c
0e0d
0b0b
0000
110f
0d11
0c0e
000b
0000
1111
1613
1111
263c
0000
1715
0c12
0f0a
0000
0000
0000
0000
0000
0000
0000
0000
0000
0000
0000
0000
0000
0000
0000
0000
0303
0a09
1917
2a27
403d
5754
7170
8b8b
9ea0
b1b5
bfc6
c7d0
ccd6
cdd8
d1db
d2dc
d3dd
d4de
d5df
d6df
d7e1
d7e1
d8e1
d9e2
d9e2
d9e2
dae3
d9e2
dae3
dbe4
dbe4
dbe4
dbe4
dbe4
dbe4
dbe4
dbe4
dce5
dce5
dce5
dbe4
dce5
dce5
dce5
dce5
dce5
dce5
dde6
dde6
dde6
dde6
dde5
dde5
dde6
dde6
dde6
dde6
dde6
dde6
dde6
dde6
dee6
dee6
0000
0000
0000
0000
0000
0000
0000
0000
0000
0000
0000
0000
0000
0000
0000
0000
0000
0000
0000
0000
0000
0000
0000
0000
0000
0000
0000
0000
0000
0000
0000
0000
0000
0000
0000
0000
0000
0000
0000
0000
0000
0000
0000
0000
0000
0000
0000
0000
0000
0000
0000
0000
0000
0000
f1ff
0000
0000
0000
0000
0f00
0000
0000
0000
f1ff
0000
0000
0000
0000
0f00
0000
0000
0000
0000
0000
0000
0000
0000
0000
0000
0000
00f1
f1ff
0000
0000
0000
f90f
0000
0000
0000
0000
0000
0000
0000
0000
0000
0000
0000
0000
0000
0000
0000
0000
0000
0000
0000
0000
0000
0000
0000
0000
0000
fd2f
ffff
0f00
0000
0000
0d00
6f33
0000
0000
00d0
0080
0000
0000
0000
0000
0000
0000
0000
0000
0000
0000
0000
0000
f3ff
2c00
0000
0000
ff07
0010
0000
0000
0000
ffff
0000
0000
0000
ff01
0000
0200
0000
0000
20ff
0000
0000
0000
0000
0000
0000
0000
0000
0000
0000
0000
0000
0000
0f00
df00
0000
0000
2f00
0000
0000
fcff
f8bf
fe1e
0000
00b0
dfff
0000
0000
0000
0000
0000
0000
0000
0000
0000
0000
0000
0000
0000
50ff
0040
0000
0000
0000
80ff
df04
0000
0000
04d1
0000
ff0c
0000
10fc
ffff
0000
0000
0000
0000
0000
0000
0000
0000
0000
0000
0000
0000
0000
0000
0f00
0000
0000
0000
0000
0000
0000
0000
0000
0000
0000
0000
0000
0000
0000
0000
0000
0000
0000
0000
0000
0000
0000
0000
0000
0000
30ff
0000
0000
0000
0000
f6ff
0000
0000
0000
0000
0c00
0000
0000
0000
ff6f
0000
0000
0000
fe9f
0000
0000
0000
0000
0000
0000
0000
0000
0000
0000
0000
0000
0000
8f00
0000
0000
0000
f0ff
0000
0000
0000
0000
ff02
0000
0000
0000
0000
ff0a
0000
0000
0000
0000
0000
0000
0000
0000
0000
0000
0000
0000
0020
0000
0000
0000
ffd5
0000
0000
0000
0000
0000
0000
0000
0000
0000
0000
0000
0000
0000
0000
0000
0000
0000
0000
0000
0000
0000
10ff
0000
0000
0000
ffff
ffff
0000
0000
0000
10ff
0000
0000
0000
0000
0000
0000
0000
0000
0000
0000
0000
0000
0000
0000
0000
0000
0000
0000
0000
0000
0000
0000
0000
0000
0000
0000
0000
0000
0000
0000
0000
0000
ff00
0000
0000
0000
0000
0000
0000
0000
0000
0000
0000
0000
0000
0000
0000
0000
0000
0000
0f00
0000
0000
0000
0000
0000
0000
0000
0000
0000
0000
0000
0000
0000
0000
0000
0000
0000
0000
0000
0000
0000
0000
0000
0000
0000
0000
0000
0000
0000
0000
0000
0000
0000
0000
0000
0000
0000
0000
0000
0000
0000
0000
0000
0000
0000
0000
0000
d0ff
0000
0000
0000
0000
f8ef
0000
0000
0000
0000
ff5f
0000
0000
0000
0000
ff0b
0000
0000
0000
0000
0000
0000
0000
0000
0000
0000
0000
ffff
fdff
0000
0000
ff1f
0000
ff00
0000
00f0
0000
10ff
0000
0000
f8ff
ffff
0000
0000
0000
0000
0000
0000
0000
0000
0000
0000
0000
0000
10ff
8888
0000
0000
0000
ff00
0000
0000
0000
10ff
0000
0000
0000
0000
ff00
0000
0000
0000
0000
0000
0000
0000
0000
0000
0000
0000
0000
c9fe
ff06
0000
0000
ff1f
0000
0000
0000
0000
ffbf
0000
0000
0000
0000
00f4
0f00
0000
0000
0000
0000
0000
0000
0000
0000
0000
0000
0000
0000
6e00
0000
0000
ff2f
0000
0000
0000
0000
7d35
0000
0000
0000
ff03
0010
0000
0000
0000
0000
0000
0000
0000
0000
0000
0000
0000
0000
0000
0000
0000
0000
00ff
ff1d
0000
0000
0000
ff01
f6ff
0000
0000
ffff
0000
0000
0000
0000
0000
0000
0000
0000
0000
0000
0000
0000
0000
0000
0000
0000
0000
0000
0060
0000
0000
0000
ef48
f6ff
0000
0000
ff1f
0000
0900
0000
0000
a6ed
0000
0000
0000
0000
0000
0000
0000
0000
0000
0000
0000
0000
e08c
00b0
0500
0000
0000
ffff
ffff
0000
0000
ff01
0000
0300
0000
0010
ffff
0000
0000
0000
0000
0000
0000
0000
0000
0000
0000
0000
0000
ffff
0000
0000
0000
0000
fddf
0000
0000
0000
0000
ff6f
0000
0000
0000
0010
0000
0000
0000
0000
0000
0000
0000
0000
0000
0000
0000
0000
20fb
64fc
0c00
0000
00d0
0300
df04
0000
0000
ffef
0000
ff00
0000
0070
ef48
cf03
0000
0000
0000
0000
0000
0000
0000
0000
0000
0000
0000
0000
ffff
0a00
0000
00a0
0000
30ff
0000
0000
ffbf
ffdf
0000
0000
0050
af01
ffbf
0000
0000
0000
0000
0000
0000
0000
0000
0000
0000
0000
0000
0000
0000
0000
0000
0000
f1ff
0000
0000
0000
0000
0000
0000
0000
0000
f1ff
0000
0000
0000
0000
0000
0000
0000
0000
0000
0000
0000
0000
0000
0000
0000
0000
0000
f1ff
0000
0000
0000
0000
0000
0000
0000
0000
f1ff
0000
0000
0000
0000
0f00
0000
0000
0000
0000
0000
0000
0000
0000
0000
0000
0000
0000
0000
0000
0000
0071
f9ff
ff0f
0000
0000
a4ff
0000
0000
0000
0000
0000
0000
0000
0000
0000
0000
0000
0000
0000
0000
0000
0000
0000
0000
0000
0000
0000
3333
0000
0000
0000
0000
0000
0000
0000
0000
0000
0000
0000
0000
0000
0000
0000
0000
0000
0000
0000
0000
0000
0000
0000
0000
0000
0000
0000
fdff
0000
0000
0080
ffcf
5b00
0000
0000
0000
0000
0000
0000
0000
0000
0000
0000
0000
0000
0000
0000
0000
0000
ffff
00f6
0000
0000
00f8
0200
0000
0000
0000
0000
0c00
0000
0000
0000
f1ff
0000
0000
0000
0000
0000
0000
0000
0000
0000
0000
0000
ffff
b6ff
2e00
0000
0000
ff9e
0000
6f00
0200
ff03
70ff
00f1
b0ff
0050
0100
0600
0400
0000
0000
0000
0000
0000
0000
0000
0000
0000
0000
0000
faff
0000
0000
0000
20ff
fbff
0000
0000
0080
0000
ff5f
0000
0000
0400
0000
ff09
0000
0000
0000
0000
0000
0000
0000
0000
0000
0000
0000
ecfe
ffff
0000
0000
1f00
0000
0f00
0000
0081
0000
f1ff
0000
00f0
0000
0000
0f00
0000
0000
0000
0000
0000
0000
0000
0000
0000
0000
0000
0000
0600
0000
0000
0c00
0000
df00
0000
0000
0000
10ff
0000
0000
0600
0050
0000
0000
0000
0000
0000
0000
0000
0000
0000
0000
0000
0000
0000
ffff
0000
0000
cf01
0000
0f00
0000
ff0f
0000
f1ff
0000
00d0
0000
0000
0f00
0000
0000
0000
0000
0000
0000
0000
0000
0000
0000
0000
0000
0000
0000
0000
0000
0000
0f00
0000
0000
ffff
ffff
0000
0000
0000
0000
0f00
0000
00f8
ffff
0000
0000
0000
0000
0000
0000
0000
0000
0000
0000
0000
0000
3333
0000
0f00
0000
0000
0000
ffff
0000
0000
0000
0000
0f00
0000
0000
0000
0000
0000
0000
0000
0000
0000
0000
0000
0000
0000
0000
0000
ffff
00f6
0d00
0000
0000
0000
10ff
0000
0010
0000
0000
4f00
0000
feff
ffff
0000
0000
0000
0000
0000
0000
0000
0000
0000
0000
0000
0000
0000
0000
0f00
0000
ff01
0000
f1ff
0000
00ff
0000
0000
0f00
0000
ff01
0000
f1ff
0000
0000
0000
0000
0000
0000
0000
0000
0000
0000
0000
0000
0010
0000
0000
0000
0000
ffff
0000
0000
0000
0010
0000
0000
0000
0000
ffff
0000
0000
0000
0000
0000
0000
0000
0000
0000
0000
0000
0000
0000
0000
0000
0010
0000
0000
0000
0000
ffff
0000
0000
0000
0000
1d00
ffff
0000
0000
0000
0000
0000
0000
0000
0000
0000
0000
0000
0000
0000
0f00
0000
0060
cf00
f1ff
0000
0000
0000
bf33
0f00
0000
0000
0400
f1ff
0000
00a0
0000
0000
0000
0000
0000
0000
0000
0000
0000
0000
0000
0f00
0000
0000
0000
f1ff
0000
0000
0000
0000
0f00
0000
0000
0000
f1ff
0000
0000
ffff
0000
0000
0000
0000
0000
0000
0000
0000
0000
0000
0f00
ffff
0000
0000
f9ff
0010
a0ff
0000
cf00
0f00
ffff
f2ff
ff1f
f1ff
0010
0000
f9ff
0000
0000
0000
0000
0000
0000
0000
0000
0000
0000
0000
0000
ff01
0000
ffff
0000
00ff
0000
0a00
0f00
0000
ff01
0300
f1ff
0000
00ff
0000
0000
0000
0000
0000
0000
0000
0000
0000
0000
0000
0000
0000
0020
4654
ffff
0000
00f6
0000
0000
ff00
0000
ff01
0000
a0ff
0000
0020
ffae
ffcf
0000
0000
0000
0000
0000
0000
0000
0000
0000
0000
0000
0000
ffff
f1ff
0000
0000
0100
0000
0f00
0000
0040
0000
f1ff
0000
0000
0000
0000
0f00
0000
0000
0000
0000
0000
0000
0000
0000
0000
0000
0000
ffff
ff0a
0000
0090
0000
0000
ff00
0000
ff01
0000
30ff
0000
00f2
0800
e9ff
0000
0000
0200
0000
0000
0000
0000
0000
0000
0000
0000
0000
edff
ffff
0000
0000
0200
0000
0f00
0000
00a1
ffff
f1ff
0000
0000
0100
0000
0f00
0000
0000
0000
0000
0000
0000
0000
0000
0000
0000
0000
0000
0500
0000
0000
0900
0010
0000
0000
0000
ffff
0000
0000
0000
0100
0040
0000
0000
0000
0000
0000
0000
0000
0000
0000
0000
0000
0000
0000
ffff
0000
0030
0000
1f00
0000
0000
0000
f0ff
0000
0000
0000
0000
1f00
0000
0000
0000
0000
0000
0000
0000
0000
0000
0000
0000
0000
0000
0000
0000
00f1
0000
0000
0f00
0000
ff0f
0000
f1ff
0000
00f1
0000
0000
0100
0000
00f8
edef
0000
0000
0000
0000
0000
0000
0000
0000
0000
0000
0000
00f8
0000
0000
0c00
0000
30ff
0000
ff03
0000
0000
d0ff
ff9f
0000
0000
0000
f9ff
0000
0000
0000
0000
0000
0000
0000
0000
0000
0000
0000
0000
ffff
0000
af00
ff09
a0ff
ff0e
ffff
0000
0980
0000
5ff8
0000
00fc
0b00
0040
0300
0000
0000
0000
0000
0000
0000
0000
0000
0000
0000
0000
0900
0070
0000
0000
0000
ef91
0000
0000
0000
00f6
ffdf
0000
0000
00fd
0000
f2ff
0000
0000
0000
0000
0000
0000
0000
0000
0000
0000
0000
0000
0000
0d00
0000
00f7
0100
2f00
0000
0000
00a0
5f00
0000
0000
0000
f1ff
0000
0000
0000
0000
0000
0000
0000
0000
0000
0000
0000
0000
0000
ffff
3300
0000
0080
5f00
0000
0000
0000
0000
ff8f
0000
0000
0000
0000
e4ff
0000
0000
0000
0000
0000
0000
0000
0000
0000
0000
0000
0000
0000
0f00
0000
0000
0000
f1ff
0000
0000
0000
0000
0f00
0000
0000
0000
f1ff
0000
0000
0000
0000
0f00
0000
0000
0000
0000
0000
0000
0000
0000
ff0a
0000
0000
0000
fcef
0000
0000
0000
70ff
0000
0000
0000
00f2
0000
0000
0000
0000
0000
0000
0000
0000
0000
0000
0000
0000
0000
00f1
0000
0000
0000
0000
ff0f
0000
0000
0000
00f1
0000
0000
0000
0000
ff0f
0000
0000
0000
00f1
0000
0000
0000
0000
0000
0000
0000
0000
0000
0000
0000
0000
0000
ff4f
0000
0000
0000
0100
0000
0000
0000
0000
0000
0000
0000
0000
0000
0000
0000
0000
0000
0000
0000
0000
0000
0000
0000
0000
0000
0000
0000
0000
0000
0000
0000
0000
0000
0000
0000
0000
0000
0000
0000
0000
ff0f
0000
0000
0000
0000
0000
0000
0000
0000
0000
0000
0000
0000
0000
0000
0000
0000
0000
0000
0000
0000
0000
0000
0000
0000
0000
0000
0000
0000
0000
0000
0000
0000
0000
0000
0000
0000
0000
0000
0000
0000
0000
0000
00d3
54e8
0e00
0000
0000
ffff
ffff
0000
0000
ffff
4764
0100
0000
0000
0000
0000
0000
0000
0000
0000
0000
0000
0000
0000
f1ff
0000
0000
0050
ffff
0f00
0000
00f8
0000
f1ff
0000
0000
ff0c
00a1
0f00
0000
0000
0000
0000
0000
0000
0000
0000
0000
0000
0000
0000
0000
0000
0000
0000
ffff
0000
0000
0000
0000
10ff
0000
0000
7777
0000
0000
0000
0000
0000
0000
0000
0000
0000
0000
0000
0000
0000
0000
0000
0000
0000
ff1f
eead
0000
0000
00f0
0000
30ff
0000
0000
ff1f
0000
0a00
0000
00f0
0000
0000
0000
0000
0000
0000
0000
0000
0000
0000
0000
0000
0000
0000
0000
0000
0000
0000
0400
63ff
0000
0000
0000
0000
0c00
0000
0000
dbfe
0000
0000
0000
0000
0000
0000
0000
0000
0000
1a00
0000
0000
0000
00f0
ff0f
0000
0000
0000
ff1f
0000
0000
0000
00f0
0000
0000
0000
0000
0000
0000
0000
0000
0000
0000
0000
0000
0000
0000
0000
0000
0000
0000
0000
0000
00f0
0900
e1ff
0000
0000
ff1f
0000
af00
0000
00f0
ffff
1600
0000
0000
feff
ffff
0000
0000
0000
0000
0000
0000
0000
0000
0000
0f00
0000
0000
af45
f7ff
0000
0000
ff0f
0000
0f00
0000
00f1
0000
f1ff
0000
0000
0000
0000
0000
0000
0000
0000
0000
0000
0000
0000
0000
0000
0000
0000
0000
f1ff
0000
0000
0000
0000
0f00
0000
0000
0000
f1ff
0000
0000
0000
0000
0000
0000
0000
0000
0000
0000
0000
0000
0000
0000
0000
0000
0000
ff0f
0000
0000
0000
00f1
0000
0000
0000
0000
ff0f
0000
0000
0000
00d0
4a44
0000
0000
0000
0000
0000
0000
0000
0000
0f00
0000
0000
0900
f1ff
0000
0000
0000
ffff
0f00
0000
0000
ffbf
f1ff
0000
0000
0000
0000
0000
0000
0000
0000
0000
0000
0000
0000
0000
0f00
0000
0000
0000
f1ff
0000
0000
0000
0000
0f00
0000
0000
0000
f1ff
0000
0000
0000
0000
0000
0000
0000
0000
0000
0000
0000
0000
0000
0000
0000
0000
0000
a0ff
0000
9f44
ffff
0000
0f00
ff0f
0010
0000
f1ff
00f1
0000
ffff
0000
0000
0000
0000
0000
0000
0000
0000
0000
0000
0000
0000
0000
0000
0000
0000
0000
ffff
0000
0f00
0000
00f0
0000
f1ff
0000
0000
ff1f
0000
0000
0000
0000
0000
0000
0000
0000
0000
0000
0000
0000
0000
0000
0000
0000
0000
f8ff
0000
7f00
0000
00fe
0000
50ff
0000
0000
f8ff
ffff
0000
0000
0000
0000
0000
0000
0000
0000
0000
0000
0000
0000
0000
0000
0000
0000
d2ff
0070
0f00
0000
00fd
0000
f1ff
0000
0000
ffff
ffff
0f00
0000
0000
0000
f1ff
0000
0000
0000
0000
0000
0000
0000
0000
0000
0000
0000
ff16
64fc
0d00
0000
00f0
0000
10ff
0000
0000
ff7f
64fa
0000
0000
00f0
0000
0000
0000
0000
0000
0000
0000
0000
0000
0000
0000
0000
0000
0000
ffff
0f00
0000
0000
0000
f1ff
0000
0000
0000
0000
0f00
0000
0000
0000
0000
0000
0000
0000
0000
0000
0000
0000
0000
0000
0000
0000
0000
ffff
0300
0000
0000
0000
ff2c
0000
0000
feff
0000
0b00
0000
0000
0000
0000
0000
0000
0000
0000
0000
0000
0000
0000
0000
0000
0000
0000
ffff
ff0f
0000
0000
0000
ff1f
0000
0000
0000
00f0
0000
0000
0000
0000
0000
0000
0000
0000
0000
0000
0000
0000
0000
0000
0000
0000
0000
0000
0f00
0000
00f1
0000
f1ff
0000
0000
ff0f
0000
0800
0000
00f1
10c7
0000
0000
0000
0000
0000
0000
0000
0000
0000
0000
0000
0000
0000
0000
ff0d
0000
0000
7f00
f8ff
0000
0000
0010
04fc
0000
0000
0000
00c0
0000
0000
0000
0000
0000
0000
0000
0000
0000
0000
0000
0000
0000
0000
0000
90ff
0000
ff2f
a0ff
0000
ff9f
ff08
df50
0000
0000
ffff
0000
0c00
0000
0000
0000
0000
0000
0000
0000
0000
0000
0000
0000
0000
0000
0000
0000
0000
ff0c
ff6f
0000
0000
0000
ffff
0000
0000
0000
ff08
70ff
0000
0000
0000
0000
0000
0000
0000
0000
0000
0000
0000
0000
0000
0000
0000
0050
0c00
70ff
0000
0000
00f2
00b0
0000
0000
0000
00fe
0000
0000
0000
0000
90ff
9f00
0000
0000
0000
0000
0000
0000
0000
0000
0000
0000
0000
ffff
3333
0000
0000
0000
ff3f
0000
0000
0000
0000
f5ff
0000
0000
0000
0000
0000
0000
0000
0000
0000
0000
0000
0000
feff
0000
0000
0000
0000
ff00
0000
0000
0000
0010
ff08
0000
0000
0000
ff00
0000
0000
0000
d0ff
0000
0000
0000
0000
0000
0000
0000
0000
0000
0f00
0000
0000
0000
f1ff
0000
0000
0000
0000
0f00
0000
0000
0000
f1ff
0000
0000
0000
0000
0f00
0000
0000
0000
0000
0000
0000
0000
0000
3e00
0000
0000
0000
ff0f
0000
0000
0000
30fe
0000
0000
0000
0000
ff0e
0000
0000
0000
00c0
0000
0000
0000
0000
0000
0000
0000
0000
0000
0000
0000
0000
0000
0000
0000
0000
0000
1023
0000
0000
ff5c
1a00
0000
0000
0000
0000
0000
0000
0000
0000
0000
0000
0000
0000
0000
0000
0000
0000
0000
0000
0000
0000
0000
0000
0000
0000
0000
0000
0000
0000
0000
0000
0000
0000
0000
0000
0000
0000
0000
0000
0000
0000
0000
0000
0000
0000
0000
0000
0000
0000
0000
0000
0000
0000
0000
0000
0000
0000
0000
0000
0000
0000
00ff
0000
0000
0000
0000
0000
0000
0000
0000
0000
0000
0000
0000
0000
0fd0
0000
0000
0000
0000
0000
0000
0000
0000
0000
0000
0000
0000
0000
0600
fc08
0000
ff00
0010
0000
0000
b09f
00a0
0000
0000
0000
0000
0000
0000
0000
0000
0b00
0000
0000
0000
0000
fc9f
0000
1e00
ffff
0000
0000
0000
0000
0000
0000
20fd
20cd
0000
ffef
01f8
00e2
0000
00a0
af96
0000
0000
0000
0000
0000
0000
0000
0000
10ff
00f8
0000
0600
f9df
00f4
0000
ffff
0000
0000
0000
0000
0000
0000
00f0
0000
0000
fa00
0000
0000
0000
0000
0000
0000
0000
0000
0000
0000
0000
0000
0000
0200
0000
0000
0000
00f0
0000
0000
2f00
0000
0000
0000
0000
0000
0000
df01
0000
0000
0000
ff05
0000
0000
0000
0080
0000
0000
00fc
0000
0000
0000
0000
0000
0000
0000
0000
0000
0000
70ff
0000
0000
0000
0000
0000
0000
0000
0000
0000
0000
0000
0000
0000
00ff
0000
0000
0f00
0000
0000
0000
0000
0000
0000
0000
0000
0000
0000
0000
0000
0000
0000
0000
0000
ff00
0000
0000
0000
0000
0000
0000
0000
0000
0000
0000
0000
0000
0000
0000
0000
0000
0000
0000
0000
0000
0000
0000
0000
0000
0000
0000
0000
0000
0000
0000
0000
00f0
0000
0000
0000
0000
0000
0000
0000
0000
0000
0000
0060
0000
0000
00fc
0000
0000
f26f
0000
0000
0000
0000
0000
0000
1e00
0000
0000
0000
00f0
ff0f
0000
0600
d9ee
0000
0000
0000
0000
0000
0000
f0ff
0000
0000
0000
0000
0000
0000
f0ff
0000
0000
0000
0000
0000
0000
0000
0000
0000
00f6
d0ff
0000
0000
d1ff
0000
0000
ffff
0000
0000
0000
0000
0000
0000
be05
30ff
0000
0000
ffff
0000
0000
00f1
f5ef
0000
0000
0000
0000
0000
0000
0000
0000
0000
fff6
0000
0000
00f4
66f6
0000
0000
ff00
0000
0000
0000
0000
0000
0000
ffff
0000
0000
ffff
40ff
0000
6600
0900
0000
0000
0000
0000
0000
0000
0000
0000
0000
10fd
0000
0000
ff00
0000
0000
0000
ff3d
0000
0000
0000
0000
0000
0000
ffff
fd7f
0000
0000
f29f
0000
0000
cf00
0000
0000
0000
0000
0000
0000
0000
0000
0000
0a00
0000
0000
0000
40ff
fd2f
0000
0b00
daef
0000
0000
0000
0000
0000
0000
ffff
0000
0000
0030
f0ff
0000
0000
1d00
0000
0000
0000
0000
0000
0000
0000
0000
0000
0000
0000
0000
0000
0000
0000
0000
00f0
0000
0000
0000
0000
0000
0000
0000
0000
0000
ff00
0000
0000
0000
0000
0000
0000
ff00
0000
0000
0000
0000
0000
0000
0000
0000
0000
0000
61fd
0000
0000
0000
0000
0000
0000
0000
0000
0000
0000
0000
0000
0000
ffff
0000
0000
ff00
0000
0000
0000
0000
0000
0000
0000
0000
0000
0000
0000
0000
0000
0000
1800
0000
0000
0000
0000
0000
0000
0000
0000
0000
ef7c
00e2
0000
0000
ff3e
0000
0000
0000
0000
0000
0000
0000
0000
0000
0000
0000
0000
0000
0000
f9ff
708f
0040
0000
0000
5f00
4c00
0000
0000
0000
0000
0000
0000
faef
0000
0000
ff07
d0ef
0000
1e00
0000
10ff
0000
0000
0000
0000
0000
0000
0000
0000
00f0
ff02
0000
ff00
0000
00ff
0000
ffff
0000
0000
0000
0000
0000
0000
1700
ff9e
0000
df00
0000
0000
0000
00fc
9f01
0000
0000
0000
0000
0000
0000
0000
0000
0f00
0000
fc4f
0000
00ff
0000
0000
0f00
fdff
0000
0000
0000
0000
0000
0000
ffff
0000
0000
00f0
00ff
0000
ff00
0000
0000
0000
0000
0000
0000
0000
0000
0000
0000
00f0
0000
0000
ff00
0000
0000
0000
00f0
0000
0000
0000
0000
0000
0000
1600
ff9d
0000
df00
0000
f0ff
0000
00fc
1a00
0000
0000
0000
0000
0000
0000
0000
0000
0f00
0000
ff0f
0000
00ff
0000
0000
0f00
0000
0000
0000
0000
0000
0000
0000
0000
0000
0000
00ff
0000
0000
0f00
0000
0000
0000
0000
0000
0000
0000
0000
0000
0000
0000
00ff
0000
0000
0f00
0000
0000
ffff
0000
0000
0000
0000
0000
0000
00f0
fe4f
0000
ff00
40ff
0000
0000
00f0
fe9f
0000
0000
0000
0000
0000
0000
0000
0000
0f00
0000
0000
0000
00ff
0000
0000
0f00
ffff
0000
0000
0000
0000
0000
0000
0000
2f00
0000
7ff0
0000
ff0f
ff00
cf00
0000
0000
0000
0000
0000
0000
0000
0000
0000
ffff
0000
0000
0f00
0800
ff2f
0000
00ff
0000
0000
0000
0000
0000
0000
0600
ff9e
0000
df00
0000
ff0f
0000
00fc
8f00
0000
0000
0000
0000
0000
0000
0000
0000
ff00
0000
00fd
0000
ffff
0000
0000
ff00
0000
0000
0000
0000
0000
0000
0000
ffff
30fe
0000
00f0
0000
0000
af00
0000
b1ff
0000
0000
0000
0000
0000
0000
0000
0000
00f0
ff00
0000
ff00
0000
00e0
0000
00f0
0000
0000
0000
0000
0000
0000
4900
ffcf
0000
0b00
51e9
0000
0000
00f2
ef04
0000
0000
0000
0000
0000
0000
0000
0000
0000
f0ff
0000
0000
0000
0000
0000
0000
f0ff
0000
0000
0000
0000
0000
0000
0000
f0ff
0000
00f0
0000
0000
ef00
0000
00d2
0000
0000
0000
0000
0000
0000
0000
0000
00f2
ff04
0000
0000
0a50
0000
0000
0100
0000
0000
0000
0000
0000
0000
0000
f7ff
ff01
9f00
ff0a
00fe
0000
f97f
0000
00f3
0000
0000
0000
0000
0000
0000
0000
0900
0510
0000
0000
0d00
10fd
0000
6f00
0000
0000
0000
0000
0000
0000
0000
0000
00c0
0000
ff1e
00e1
0000
0000
f0ff
0000
0000
0000
0000
0000
0000
0000
0000
0000
0000
00e2
0000
0000
0060
0000
0000
ffff
0000
0000
0000
0000
0000
0000
00f0
0000
0000
ff00
0000
0000
0000
00f0
0000
0000
ff00
0000
0000
0000
0000
0000
0000
ff02
0000
0000
0000
ff0b
0000
0000
0000
f75f
0000
0000
0000
0000
0000
0000
0000
0000
0000
f0ff
0000
0000
0000
0000
0000
0000
f0ff
0000
0000
0000
0000
0000
0000
7fff
0000
0000
0000
0000
0000
0000
0000
0000
0000
0000
0000
0000
0000
0000
0000
0000
0000
0000
0000
0000
0000
0000
0000
ff0f
0000
0000
0000
0000
0000
0000
0000
0000
0000
0000
0000
0000
0000
0000
0000
0000
0000
0000
0000
0000
0000
0000
0000
0000
60ff
f0ff
0000
cf00
0600
0000
0000
0000
0000
0000
0000
0000
0000
0000
00f0
00f7
0000
ff00
0000
0000
0000
ff96
0000
0000
0000
0000
0000
0000
0000
0000
0000
3e00
0500
0000
0000
0060
70ff
0000
0000
0000
0000
0000
0000
f0ff
0000
0000
30ea
0000
0000
0010
f0ff
0000
7f00
30da
0000
0000
0000
0000
0000
0000
0000
0000
0000
00f8
c0ff
0000
ff0d
0000
0000
0000
0000
0000
0000
0000
0000
0000
0000
f0ff
0000
0000
0000
0000
0000
0000
f0ff
0000
0000
0000
0000
0000
0000
0000
0000
0000
0500
0000
0000
0000
00f5
ffdf
0000
0000
9e66
0000
0000
0000
0000
0000
ff00
ebdf
0000
0000
00f0
f0ff
0000
ff00
0000
0000
0000
0000
0000
0000
ff00
0000
0000
0000
00f0
0000
0000
ff00
0000
0000
0000
0000
0000
0000
0000
0000
0000
0000
0000
0000
0000
0000
0000
0000
0000
f0ff
0000
0000
fc7e
0000
0000
0000
00f0
0000
0000
ff00
fc8f
0000
0000
00f0
00e2
0000
0000
0000
0000
0000
0000
0000
0000
ff00
0000
0000
0000
00f0
0000
0000
ff00
0000
0000
0000
0000
0000
0000
0000
0000
0000
0000
10fb
f2ff
ff00
ff00
0000
0000
00f0
0000
0000
0000
0000
0000
0000
0000
0000
00f7
0000
ff00
0000
0000
0000
00f0
0000
0000
0000
0000
0000
0000
0000
0000
0000
2e00
0100
0000
0000
0060
c0ff
0000
0000
0000
0000
0000
0000
0000
0000
0000
dadf
0000
0000
00f0
fe0f
0000
ff00
ebef
0000
0000
0000
0000
0000
0000
0000
0000
0000
00f9
f0ff
0000
ff0e
0100
0000
0000
0000
f0ff
0000
0000
0000
0000
0000
0000
0000
0000
ff00
0000
0000
0000
00f0
0000
0000
0000
0000
0000
0000
0000
0000
0000
3f00
0200
0000
0000
0060
b0ff
0000
0000
0000
0000
0000
0000
0000
0000
0000
00ff
0000
0000
f0ff
0000
0000
0000
10eb
0000
0000
0000
0000
0000
0000
0000
0000
0000
00f0
f0ff
0000
ff00
0400
0000
0000
0000
0000
0000
0000
0000
0000
0000
0000
80ff
0000
0e00
ff0a
0000
0000
bf00
0000
0000
0000
0000
0000
0000
0000
0000
0000
ff09
fa0d
df00
0000
7eff
8f00
0000
0000
0000
0000
0000
0000
0000
0000
0000
2e00
0000
0000
ff06
0000
0000
bf00
0d00
0000
0000
0000
0000
0000
0000
0000
0000
0000
00d0
00f2
0000
0000
90ff
0000
0000
fe4f
0000
0000
0000
0000
0000
0000
0000
00ff
0000
0000
00f4
0000
0000
ffff
0000
0000
0000
0000
0000
0000
ff0c
0000
0000
0000
0000
0000
0000
d0ff
0000
0000
0000
00b2
0000
0000
0000
0000
0000
ff00
0000
0000
0000
00f0
0000
0000
ff00
0000
0000
0000
0000
0000
0000
ff0b
0000
0000
0000
f1ef
0000
0000
0000
0000
0000
0000
30ff
0000
0000
0000
0000
0000
0000
0000
0000
0000
0b00
ff1b
0081
0000
0000
0000
0000
0000
0000
0000
0000
0000
0000
0000
0000
0000
0000
0000
0000
0000
0000
0000
0000
0000
0000
0000
0000
0000
0000
0000
0000
0000
0000
0000
0000
0000
ff00
0000
0000
0000
0000
0000
0000
0000
0000
f05f
5ff2
0000
0000
0000
0000
0000
0000
0000
0000
00f9
f10a
4f00
cc0c
0000
0000
0000
0000
0000
00a2
cf00
0000
9e02
2066
4f00
0000
0000
0000
0000
0000
800b
900a
a00a
b009
0000
0000
0000
0000
0000
0000
0000
0000
03f7
0b00
febe
0000
0000
0000
0000
0000
0000
0000
0000
0000
0000
0000
0000
0000
0000
0000
0000
0000
0000
0000
0000
102b
0000
00c0
7f00
0000
0000
0000
0000
0000
0000
0000
0000
0000
0000
930c
0000
0000
0000
0000
0000
0000
0000
0000
ff05
0500
0000
0000
0000
0000
0000
0000
0000
0000
0000
0000
0000
f50f
0f00
0000
0000
0000
0000
0000
0000
c0cc
0000
0000
0000
0000
0000
0000
0000
0000
0000
0000
0000
0050
0000
0000
0000
0000
0000
0000
0000
0000
0000
0000
0000
0000
0000
0000
0000
0000
0000
0000
0050
0000
0000
0000
0200
0000
0000
0000
0000
0000
0000
0000
0000
0000
ef5b
a0cf
0000
0000
0000
0000
0000
0000
0000
0000
ffdf
0000
9f00
0000
0c00
0000
0000
0000
0000
0000
50ff
ffb0
00e1
ccfd
0000
0000
0000
0000
0000
0000
0000
10d9
0600
0040
ff1c
0000
0000
0000
0000
0000
0000
00fa
7f00
0000
df19
0000
0000
0000
0000
0000
0000
0000
0000
0000
0000
0000
0000
0000
0000
0000
0000
0000
0000
00a0
0000
0000
0000
0000
ff03
0f00
0000
0000
0000
0000
0000
0000
0000
0000
0000
0000
0000
0000
0000
0000
0000
0000
0000
0000
0050
0000
0000
0000
0000
0000
0000
0000
0000
0000
1700
faff
faef
0000
0000
0000
0000
0000
0000
0000
ffff
0000
0000
0000
0000
0000
0000
0000
0000
0000
0000
ff3b
10e8
0000
0000
0000
0000
0000
0000
0000
0000
0000
0000
0000
0000
0000
0000
0000
0010
f607
0030
00cd
8fed
0000
de5a
0000
0000
0000
0000
0000
0000
0000
70df
0000
0000
0000
ffff
50ff
ff00
0000
0000
0000
0000
0000
0000
0000
efed
0000
00f5
f50e
0300
0000
0000
0000
0000
0000
bf03
0000
0050
50ff
ff00
0000
0000
0000
0000
0080
0000
0000
0000
0050
dcff
0000
0000
0000
0000
0000
0000
0000
0000
0000
0050
0000
0000
0000
0000
0000
0000
00cc
ff05
5d00
0000
0000
0000
0000
0000
0000
0000
00f0
f05f
5f00
0000
0000
0000
0000
ff00
0000
0000
0000
0000
0000
0000
0000
0000
0000
0000
0000
0000
0000
0000
0000
0000
0000
0000
0000
0150
ddff
ff00
0000
0000
0000
0000
0000
0000
0000
0000
0050
50ff
ff00
0000
0000
0000
0000
0100
0000
0000
c04f
0150
50ff
0000
0000
0000
0000
00f0
f05f
5f00
e17f
0000
0050
0000
0000
0000
0000
0000
00d0
f05f
7f00
8f01
0000
0000
0000
0000
0000
0000
0000
0000
0000
0000
0000
0000
0000
0000
7f00
0d00
0000
0000
0020
f99f
0000
0000
0000
ffff
50ff
ff00
0000
0000
0000
0000
0000
0000
0000
ffed
0010
ff2d
0000
0b00
0000
0000
0000
0000
0000
00f0
f05f
5f00
0000
0000
0000
0000
0000
0000
f05f
5f00
0000
0000
0080
df03
0000
0000
0000
0000
0050
00f4
20ff
e14f
fdfa
9f00
0000
0000
0000
0000
f90c
7f00
02fc
8f00
0000
0000
0000
0000
0000
0300
0000
0000
0000
0000
f83f
0000
0000
0000
0000
fe08
0000
0000
0000
0000
0000
0000
0000
0000
ffff
0000
0000
0000
0000
0000
0000
0000
0000
0000
0000
0050
50ff
ff00
0000
0000
0000
0000
0000
0000
0000
0000
00fd
2f00
0000
0000
0000
0000
0000
0000
0000
0000
0000
00f5
f50f
0f00
0000
0000
0000
0000
0000
0000
0000
0000
0000
0000
0000
0000
0000
0000
0000
0000
0000
0000
cccc
0000
0000
0000
0000
0000
0000
0000
0000
0000
0000
0000
0000
0000
0000
0000
0000
0000
0000
0000
0000
0000
0000
0050
50ff
ff00
0000
0000
0000
0000
0000
0000
0000
0000
fead
00fd
f50f
0800
0000
0000
0000
0000
00ff
ff05
fdde
0000
00f6
ff03
0000
0000
0000
0000
0000
0000
a0cf
ffff
0000
ff3e
0000
0000
0000
0000
0000
0000
0000
0000
0000
00f5
0000
0000
0000
0000
0000
0000
0000
00ff
ff5e
0600
defe
0000
0000
0000
0000
0000
0000
0050
50ff
0000
0000
0000
50ff
0000
0000
0000
0000
0000
0000
0000
0000
0000
00c4
0000
0f00
0000
0000
0000
0000
0000
0000
0000
0000
0050
50ff
ff00
0000
0000
0000
0000
0000
0000
0000
0000
0050
50ff
ff00
0000
0000
0000
0000
0000
0000
fe4f
0500
0050
50ff
0000
0000
0000
0000
0000
0000
30ff
ff00
0000
0050
0000
0000
0000
0000
0000
0000
0010
40ff
f47f
0000
0000
0000
0000
0000
0000
0000
0000
00d0
00f7
0000
0000
0000
0000
0000
0000
0000
0000
0000
0000
00f5
0000
0000
0000
0000
ff00
0000
0000
0000
0000
0000
0000
0000
0000
fdbe
10ff
0500
0e00
0000
0000
0000
0000
0000
0000
00cc
00f5
f50f
0d00
0000
0000
0000
0000
0000
0000
ff00
0000
0050
ff1d
0000
0000
0000
0000
0000
0000
0060
00f5
40af
f30e
0000
0000
0000
0000
0000
f23f
df00
58bf
0b00
0000
0000
0000
0000
0000
0000
0000
0000
0000
0080
0000
0000
0000
0000
0000
2f00
0000
0000
0000
0000
0000
0000
0000
0000
0000
0000
0000
0000
0000
0000
0000
0000
0000
0000
00f5
f33f
fc8f
0000
0000
0000
0000
0000
0000
0000
0000
0050
50ff
ff00
0000
0000
0000
0000
0000
0000
0000
00fd
00f9
f50f
7f00
0800
0000
0000
0000
0000
4300
dffe
0000
0000
0000
0000
0000
0000
0000
0000
0000
0000
0000
0000
0000
0000
0000
0000
0000
0000
0000
0000
0000
0000
0000
0000
0000
ff00
0000
0000
0000
00f9
0000
0000
0000
0000
0000
0000
0e00
0000
ffff
0000
0000
0000
0000
ef00
0000
00a1
0000
0000
0000
0000
0f00
00e4
0000
dfd9
0000
0000
0000
0000
00e5
0e00
feff
0000
0000
0000
0000
0000
0000
0000
0000
0000
0000
0000
00f2
0000
0000
0000
0000
2e00
0000
0200
0000
f30b
0000
0000
0000
0000
0a00
0000
0000
0000
0000
0000
0000
0000
88f8
0000
0000
0000
0000
0000
0000
0000
0000
0000
0000
0000
0000
0000
ffff
0000
0000
0000
0000
0000
0000
0000
0000
0000
0000
0000
0000
0000
0000
0000
0000
0000
0000
0000
0000
0000
cf01
0000
0000
0000
0000
0f00
0000
f00f
0000
0000
0000
30ff
0000
0000
f62d
0000
0000
0000
f4bf
0000
00f6
f90a
0000
0000
0000
ef01
0000
f00f
0000
0000
0000
0000
e80f
0000
0010
0000
0000
0000
0000
6f00
0000
00f1
0000
0000
0000
0000
0800
00b0
0000
0000
0000
0000
0000
0000
fe01
0300
e02f
0000
0000
0000
0000
0100
0000
fb05
0000
0000
0000
0000
00ff
0000
0000
0000
0000
0000
0000
ff00
0000
0000
0000
0000
0000
0000
0000
0040
0400
0000
0000
0000
0000
0000
0000
0000
0000
0000
0000
0000
0000
93fe
0000
0000
0000
0000
3b00
0000
0a00
0000
00ff
0000
0000
0000
0000
f30c
f009
30ff
00e2
0000
0000
c09f
0000
f4ff
a06f
0000
0000
0000
0000
0000
0000
0000
0000
0000
0000
00fa
0000
0000
0000
0000
0000
0000
ff00
f00f
00ff
0000
0000
0000
0000
0000
0000
ff00
0080
0000
0000
0000
0000
0000
0000
0000
0000
0000
0000
0000
0000
0000
cf99
0000
0000
0000
f00f
00ff
00f0
0000
0000
0000
0000
0000
ff00
0000
00ff
0000
0000
0000
ff00
0000
00ff
ef03
0000
0000
0000
0000
0000
c0af
0000
0000
0000
0000
00ff
0000
0000
0000
0000
0000
0000
ff00
bf00
00ff
0f00
0000
0000
0000
0000
0f00
ff00
f0ff
0000
0000
0000
0000
0000
0e00
fc07
0000
0000
0000
0010
0000
0000
0000
0000
0000
0000
00d2
00f1
00f0
0060
0000
0000
0000
e2cf
ff00
00d2
00ff
0000
0000
0000
fbae
0a00
20fd
fc08
0000
0000
0000
ff88
0000
00ff
0000
0000
0000
0000
00f0
0000
0000
0000
0000
0000
0000
e03f
00f6
f60a
0000
0000
0000
0000
4ff9
f4ca
9f00
fd0b
0000
0000
0000
0000
fb08
0000
70cf
0000
0000
0000
00e1
00f7
0000
00ff
0000
0000
0000
00f0
0000
0000
0070
0000
0000
0000
0000
f00f
0000
00f0
0000
0000
0000
0000
0000
0000
0000
0000
0000
0000
00f0
0000
0000
0000
0000
0000
0000
f408
0000
0000
0000
0000
0000
0000
0000
0000
0000
0000
0000
0000
0000
0000
0000
0000
0000
0000
0000
0000
0000
0000
0000
00ff
7d00
0000
0000
0000
0000
0000
ff01
0f00
0000
0000
0000
0000
0000
0000
0000
0000
0000
00ff
0000
0000
00f1
0000
0000
0000
0000
0000
00fa
f20e
0000
0000
0000
fc6d
0000
0000
0000
0000
0000
0000
0000
0000
0600
0000
ffbe
0000
0000
f00f
0000
00f5
0000
0000
0000
0000
0000
0000
ff00
0000
00ff
0000
0000
0000
0000
0000
0000
0f00
0000
0000
0000
0000
0000
0030
0f00
0000
0000
0000
00ff
0000
0000
0000
0000
0000
0000
0000
9bec
00f0
0f00
0000
0000
0000
0000
00f5
f00f
0000
0000
0000
0000
0000
f99e
0f00
50df
0000
0000
0000
0000
dfa9
0000
f81b
0f00
0000
0000
0000
d9cf
0000
0400
0000
0000
0000
0000
ee0f
0000
00f0
0000
0000
0000
0000
0500
0000
f60c
0000
0000
0000
0080
0000
0000
0000
0000
0000
0000
0000
0000
0000
0000
0000
0000
0000
0000
0010
10df
0000
0000
0000
0000
0000
00d0
fa03
f3f9
0000
0000
0000
0000
f90a
0000
0000
0000
0000
0000
0000
0200
0000
00f6
0000
0000
0000
0000
ffff
0000
00a0
0000
0000
0000
0000
0f00
0000
e02f
0000
c019
0000
0000
0f00
0000
f00f
0000
0000
0000
0000
0000
0000
0000
0000
910c
0000
0000
0000
20ea
0000
0000
0000
0000
0000
0000
0000
0000
0000
0000
0000
0000
0000
0000
0000
0000
0000
0000
0000
0000
0000
0000
0000
0000
0000
0000
00f3
0040
0000
0000
0000
0000
0000
0090
0000
0000
0014
0000
1e10
0000
0000
0000
0000
00f8
0000
0000
0000
0000
0000
0000
0000
0000
0000
0000
0000
0000
0000
0000
0000
0000
0000
0000
0000
0000
0000
0000
0000
0000
0000
0000
0000
0000
0000
0000
0000
0000
0000
0000
0000
0000
0000
0000
0000
0000
0000
0000
0000
0000
0000
0000
0000
0000
00a0
0050
0000
0000
0000
0000
0000
0000
0000
0000
0000
0000
0000
0000
0030
0000
0070
0000
0000
0000
0000
0030
0000
0000
0010
0010
0060
0000
0000
0000
0010
0060
0000
0000
00c0
0000
0000
0000
0000
0030
0000
00d0
0000
0000
0000
00a0
0050
0000
0000
0000
0000
0000
0000
0000
0000
0000
0000
0000
0000
0000
0000
0000
0000
0000
0000
0000
0000
0000
0000
0000
0000
0000
0000
0000
0000
0000
0000
0000
0000
eb58
202f
007d
1069
0000
0000
0010
00f8
0000
0000
0080
0010
00f8
0000
0000
00e3
0000
00eb
0000
0000
0080
00af
00f5
0000
0000
0010
0000
0000
0000
0000
0020
0000
0000
0000
0000
00f4
0000
00af
0000
0000
00af
00af
00af
0000
0000
0000
0000
0000
0000
0000
0000
0000
0000
0000
0000
0090
0000
0050
0000
0000
0000
0000
0000
0000
0000
af00
4a4f
0aa0
0000
0000
00af
00af
00ff
0000
0000
00f5
a00f
10ce
0000
0000
00d1
00f2
0000
0000
0000
00f5
a00f
10ce
0000
0000
00e1
00e2
00fa
0000
0000
00c1
0000
00f8
0000
0000
4044
0000
0000
0000
0000
00af
00af
00fa
0000
0000
10be
0080
0000
0000
0000
0080
0aea
ef0c
0000
0000
00f3
0000
00a0
0000
0000
10be
0000
0000
0000
0000
00c0
0000
0000
0000
0000
0000
0000
0000
0000
0000
0000
0000
0000
0000
0000
0000
0000
0000
0000
0000
0000
0000
0000
0000
0000
0000
0000
0000
0030
0000
0000
0000
0000
0000
0000
0000
0000
0000
0000
0000
0000
0040
0050
0000
0000
0000
0080
0080
0000
0000
00a0
00a0
00a0
0000
0000
0000
0070
0000
0000
0000
0000
0000
0000
0000
0000
0000
00a0
00a0
0020
0000
0000
0000
0000
0000
0000
0000
0000
0000
0000
0000
0000
0000
0000
0000
0000
0000
0000
0000
0000
0000
0000
0000
0000
0000
0000
0000
0740
0400
0000
0000
0000
0000
0000
0000
0000
0000
00a0
00a0
0000
0000
0000
0040
0050
0000
0000
0000
00a0
00a0
00a0
0000
0000
0000
0000
0000
0000
0000
0000
0000
0000
0000
0000
0000
0000
0000
0000
0000
0000
0000
0000
0000
0000
0000
0000
0000
0000
0000
db00
90fc
0000
0000
0000
0000
0000
0000
0000
0000
0000
0000
0000
0000
0000
0000
0000
0000
0000
0000
0000
0000
0000
0000
0000
0000
0000
0000
0000
0000
0000
0000
0000
0000
0000
0019
0000
0000
0000
0000
0000
0000
0000
0000
0000
0000
0000
104f
0000
0000
0000
0000
0000
0000
0200
0000
0000
0000
0000
1e00
0000
144f
00d4
0000
0000
10ea
0c00
0000
004d
0000
0000
0000
0000
0d00
0000
e500
0000
00d0
0000
0057
0000
0000
0400
0000
0000
0000
0000
0000
0000
0000
0000
0000
0000
0000
0200
0000
0a00
0000
0000
0000
f104
0900
0000
0400
0000
0000
0000
900c
1c00
0000
302f
0000
0000
0000
f134
0000
0000
900b
0000
0000
0000
10ea
0800
0000
0000
0000
0000
0000
a02c
0d00
0000
401f
0000
0000
0000
0000
0200
0000
0000
0000
0000
0000
805d
0000
0000
0000
0000
0000
0000
0000
0f00
0000
102a
0000
0000
0000
497d
0f00
30eb
0e00
0000
0000
0000
a01b
4f00
0000
800d
0000
0000
0000
5f00
4f00
0000
104f
0000
0000
0000
0000
4f00
0000
800e
0010
0000
0000
4f00
4f00
0000
f104
0000
0000
0000
f104
0d00
0000
104f
0000
0000
0000
0000
4f00
0000
e44f
104f
0000
0000
4f80
4f00
0000
900d
00f1
0000
0000
6e00
4f00
0000
900d
00f1
0000
0000
ca02
4f00
0000
203f
0000
0000
0000
104f
0000
0000
104f
0010
0000
0000
f303
0000
0000
303f
605e
0000
0000
00ec
0a00
0000
e107
0000
0000
0000
00bc
0b00
0000
104f
0000
0010
0000
0000
0000
0000
f104
0000
00f1
0000
00f1
0000
0000
0000
0000
ffff
0000
0000
0000
0000
0000
0000
0000
0000
705e
4f00
0000
0000
0000
0000
0000
f13c
0b00
0000
0000
0000
0000
0000
0020
0400
0000
0000
0000
0500
0000
b03c
4f00
0000
0000
0000
0000
0000
0000
0400
0000
104f
0000
0000
0000
0000
4f00
0000
0000
104f
0000
0000
c03c
4f00
0000
0000
0000
0000
0000
706f
4f00
0000
0000
0000
0400
0000
0000
4f00
0000
0000
0000
0000
0000
0020
0200
0000
0000
0000
0000
0000
501f
0000
0000
0000
00e5
0000
0000
00bb
0c00
0000
0000
0000
006d
0000
905f
0a00
0000
f203
0000
00f4
0000
0000
4f00
0000
f104
0000
00d0
0000
0000
0000
0000
0000
0000
0000
0000
0000
0000
0000
0000
0000
000e
000e
000e
0000
0000
8010
0000
0000
0000
c301
0e07
381c
0000
0000
c738
fe03
c738
0000
0000
7060
0c00
c000
0000
0000
bc07
1f38
0000
0000
0038
0000
0000
0000
0000
0006
0038
0018
0003
0000
000c
0007
000e
0060
4026
4020
0000
0000
0000
0000
e000
e000
0000
0000
0000
0000
001c
0010
0000
0000
807f
0000
0000
0000
0000
0000
0000
0000
8001
000c
0030
0000
0000
1e3c
0770
3c1e
0000
0000
e01f
e000
e000
0000
e003
0700
001e
0000
0000
fc1f
fc01
0770
0000
0000
f800
3838
3800
0000
0000
0038
0700
f81f
0000
e001
0030
0770
0000
0000
ff7f
7000
0007
0000
0000
0e38
fc1f
1e3c
0000
0000
0f70
f71f
f01f
0000
0000
000e
0000
0000
0000
0000
000e
0000
0006
0000
0000
f801
7f00
0000
0000
0000
0000
0000
0000
0000
0060
0700
0000
0000
0e1e
1c00
0000
0000
0000
8007
7070
7f38
3f00
0000
ce01
ff0f
0078
0000
ff1f
011c
001c
0000
0000
c107
0038
001e
0000
0000
001c
001c
031c
0000
0000
001c
001c
ff1f
0000
ff1f
001c
001c
0000
0000
c10f
0070
001c
0000
0000
001c
ff1f
001c
0000
0000
001c
001c
001c
0000
1c00
1c00
1c70
0000
0000
031c
f81f
031c
0000
0000
001c
001c
001c
0000
0000
801d
711c
0e1c
0000
003c
f038
0738
0000
0000
800f
0070
001e
0000
0000
001c
ff1f
001c
0000
0000
0038
0070
ff01
0000
ff1f
001c
001c
0000
0000
071e
fc0f
0038
0000
0000
e000
e000
e000
0000
0000
001c
001c
ff03
0000
0078
030e
ce03
0000
0000
0738
1c0e
f003
0000
0000
8307
fc00
011e
0000
0000
070f
7000
7000
0000
ff3f
3c00
000f
0000
0000
0038
0038
0038
0038
0000
0060
000c
0003
0000
0000
000e
000e
000e
007e
0003
7038
0000
0000
0000
0000
0000
0000
0000
0000
0000
0000
0000
0000
0000
f007
fe0f
ef3f
0000
0038
fe3f
0338
0000
0000
0000
0e38
0e70
0000
0000
0700
0770
1f3c
0000
0000
f001
ff3f
fc07
0000
800f
807f
001c
0000
0000
0000
0f38
0f78
0e70
0000
0038
0738
0738
0000
0000
0038
0038
0038
0000
0038
0038
0038
0038
0000
0070
c073
7070
0000
0000
0038
0038
0038
0000
0000
f038
0e38
0e38
0000
0000
fe3f
0738
0000
0000
0000
0e38
0f78
0000
0000
0000
0338
0f3e
0038
0000
e003
0770
f70f
0700
0000
c03f
0038
0000
0000
0000
1c38
0e38
0000
0000
001c
001c
001c
0000
0000
0738
0738
f71f
0000
0000
1c70
701c
0000
0000
0000
6c70
c71d
0000
0000
0000
e00f
7838
0000
0000
0e70
701c
8003
0038
0000
fc3f
0007
0000
0000
000c
000c
001c
000c
0000
0018
0018
0018
0018
0000
000c
8003
000c
0078
0000
0000
0000
0000
0000
0000
0000
0000
0000
0000
0000
0000
0030
2000
0000
0022
0000
0000
6006
0000
0000
e003
0000
0006
8c01
0000
0030
e71f
0000
0000
0000
0c00
0000
0006
1800
0000
0000
0000
0000
0000
7f00
0000
0000
0000
0000
0000
0000
0000
0000
0000
0000
0060
0000
0060
6030
0000
0000
0003
0000
00c0
0000
3000
0030
0000
0600
00c0
0000
3800
0000
8007
6000
0000
6000
0c00
0000
c018
0f00
0000
f038
0000
0000
0000
0000
0000
0030
0000
00e0
0000
0000
0000
0000
0000
0080
0000
0100
0000
0000
3083
c0c0
6003
3000
0000
0630
3000
0000
0060
0000
00f0
0130
0000
0000
0030
0000
0000
0030
0000
803f
0000
3000
0003
0000
1800
0000
0000
0000
0080
0718
1800
0000
0030
3000
0000
0336
3060
0000
c330
0000
00fc
0160
0000
0006
0030
0000
8001
f303
3f00
001c
0000
3000
0006
0000
0100
0080
0000
3000
0000
0360
0600
0000
7830
0fc0
0000
e003
6000
0000
c003
0000
001c
001c
0000
0000
0030
0000
0000
0000
7800
0000
0078
1900
0000
0000
0000
0000
0000
0000
0000
0000
7000
0000
c033
3c00
0000
6030
0000
0030
3060
0000
0000
0060
0000
0000
0018
0000
0030
3060
3000
0030
0000
3000
0000
0000
3000
0000
0030
3f00
0000
0030
3000
0000
df3f
30c0
0000
3030
0000
0000
3060
0000
0000
3038
0000
00f0
300f
0000
0000
0000
0000
00e0
0000
7e00
0000
0000
3000
0000
0000
1800
0000
0000
1e00
0000
c030
6000
0000
e038
0c00
0000
001c
0000
0000
0018
0000
0000
0020
3000
0000
0030
0000
0000
0000
0000
0000
0000
0000
0000
0000
0000
0000
0000
ff00
0000
8007
0000
0080
0000
7700
0000
0000
0000
0000
0030
1800
0000
007c
0000
0000
0000
0000
0000
0000
0000
0000
0060
1800
0000
0000
3300
0000
0006
0000
0000
0000
0100
0000
00c3
0000
0080
0000
7f00
0000
0006
0000
0080
0000
6100
0000
0060
0000
0000
0020
0000
0080
0000
0000
0000
0078
7f00
0000
f801
6700
0000
6060
0000
0030
0000
7000
0000
1860
0000
00e0
0000
3f00
0000
0060
0000
0030
0000
3000
0000
0003
0000
00c0
0000
6000
00c0
0e70
6100
0030
7060
1f00
0038
c03f
3000
0000
d830
0000
0060
0000
0000
0000
0006
0000
0030
0000
3000
0000
3333
0000
0080
0000
3900
0000
8001
0000
0000
00c0
6000
0000
0030
3000
0000
0000
0000
0000
00c0
0000
0000
8061
0000
00c0
0000
6000
0000
c060
0000
0080
0000
3000
0000
c030
0e00
0080
0000
6000
0000
0060
6000
0000
0000
6000
0000
0000
6100
0000
8061
0000
0080
0000
7100
0000
c060
0000
0000
0000
1f00
0000
0030
0000
0080
0000
3300
0000
1863
0000
0080
0000
6100
0000
007f
0000
0000
0060
6000
0000
0030
3000
0000
0000
0000
0000
0000
0000
0000
0000
0024
0049
0000
0000
8044
0000
0020
0000
0020
0000
0008
0000
0000
0000
0020
0040
0022
0000
0000
0040
0002
0014
0000
0000
0022
0008
0041
0000
0000
0020
0000
0000
0000
0000
0018
0004
0810
0000
0000
8040
0040
4040
0000
0000
0040
e043
4040
0000
0000
0084
0064
0040
0000
0000
c040
1040
4020
0000
0000
4020
0007
0008
0000
0000
000c
5014
0021
0000
0000
0040
0040
0040
0000
00e0
0000
0000
0000
0000
0000
0062
0040
0001
0000
0000
0020
0041
0040
0000
0000
0040
00a0
0040
0000
0000
0041
0041
0000
0000
0001
0040
0060
0020
0000
0000
0038
404e
0000
0000
00c0
0040
0020
0040
0000
0020
0000
0000
0000
0020
0050
0000
0010
0000
0000
0000
0000
0020
0010
0000
0008
0000
00e0
0000
0020
0042
0008
0042
003c
0000
0000
0000
0000
0000
0000
003c
0040
0000
0018
0000
0018
0002
5023
0014
0043
000e
0000
0000
0000
0000
0000
0000
0020
0084
0042
0020
2091
8044
4040
0041
8020
8041
001c
0000
0000
0000
0000
0000
0000
0008
0040
0040
0020
0020
0000
0000
0000
0000
0040
0000
0000
0000
0000
0000
0066
0000
0040
0040
0048
0040
4044
0042
0066
005c
0000
0000
0000
0000
0000
0000
0000
0000
0000
0010
0080
0020
0040
0008
0032
0000
0000
0000
0000
0020
0068
0044
0000
0000
0040
00f8
0040
0000
0020
0088
0020
0000
0000
0040
0088
0000
0000
0000
0000
0000
0000
0030
4092
0082
0000
0000
0040
0040
0000
0000
0010
0048
0078
0000
003c
0078
0046
0000
0000
0042
0028
0000
0000
0004
0040
0020
0000
0000
0000
0090
0000
0000
0060
0040
0008
0000
0000
00c0
0080
0000
0000
00c8
0098
0000
0000
0090
0050
0000
0000
0000
0080
0040
0000
0000
0000
0000
0000
0000
ffff
ffff
0000
00c0
0000
0000
0000
0000
0000
0000
0000
0000
0000
0000
1818
0000
0000
0000
0030
0000
0000
0000
0000
0000
0000
0000
0000
0000
0000
0000
0000
0000
0000
0000
0000
0000
0000
0000
0000
0000
0000
0000
0000
0000
0000
0000
0000
0000
0000
6666
0000
0000
6060
0000
0000
0000
0000
0000
0000
0000
7c06
0000
0000
0000
0000
0000
0000
0000
0000
0000
0000
0000
0c06
0000
0000
0000
0000
0000
0000
0000
0000
0000
0606
0000
4411
77dd
1818
3636
1818
3636
0000
0000
0000
1818
0000
1818
0000
0000
3636
3636
0000
3636
0000
3636
1818
1818
ffff
0f0f
0000
0000
0000
00c0
0000
0000
0000
0000
0000
0000
1818
0000
0000
0000
0000
0000
99bd
7cfe
6642
7030
0e3e
386c
3c7e
2466
0030
6630
3018
0000
3030
cc0c
180c
fc00
ccfc
6268
3030
c6d6
78dc
cccc
3030
1818
cc7c
c0fc
3030
d6fe
7ccc
cccc
7ccc
3030
cccc
cc7c
c0fc
3030
cc7f
cccc
3c66
fc30
3030
dcfc
c0c0
1818
aa55
18f8
36f6
00fe
00ff
18ff
3637
00ff
18ff
181f
00f8
f0f0
f8cc
d8d8
6cc6
7edb
0030
d818
0018
0078