6972
2e64
3032
0000
0000
0000
0000
0807
2827
4847
6867
8887
a8a7
c8c7
e8e7
ffff
ffff
ffff
ffff
2e1e
0501
0101
0503
2308
3a39
7a79
b7b6
f1ea
0411
160a
5655
9493
c9c8
ff80
0037
001c
2515
004a
00c0
0808
0808
0808
0808
0008
0808
0808
0808
0808
0808
0808
0808
0808
0001
0808
0808
0808
0808
effc
0000
0506
0303
0303
0000
0505
040a
0308
000d
0000
0909
0c0a
0905
0000
0605
0d12
0b04
0001
0000
0806
150e
1406
001d
0000
1212
1616
1010
0000
0b08
0709
0808
0007
0000
0a0a
0c0a
0a09
d61c
0000
0d0b
0709
0705
0000
0809
0711
060e
0016
0000
1111
1513
110b
0000
0b0a
1b25
170d
0002
0000
0000
0000
0000
0000
0000
0000
0000
0000
0000
0000
0000
0000
0000
0000
0000
0504
0d0d
1f1e
2f2f
4243
5457
696d
7b81
868f
8e9a
94a0
98a5
9ca9
9caa
a0ad
a1ae
a2af
a3b0
a4b2
a5b2
a6b4
a7b4
a7b5
a9b6
a9b6
a9b6
aab7
a9b7
aab8
abb8
acb9
acb9
acb9
acb9
acb9
acb9
acba
adbb
adbb
adbb
adba
aebb
aebb
aebb
aebb
aebb
aebb
afbc
afbc
afbc
afbc
aebb
aebb
afbc
afbc
afbc
afbc
afbc
afbc
afbc
afbc
b0bd
b0bd
0000
0000
0000
0000
0000
0000
0000
0000
0000
0000
0000
0000
0000
0000
0000
0000
0000
0000
0000
0000
0000
0000
0000
0000
0000
0000
0000
0000
0000
0000
0000
0000
0000
0000
0000
0000
0000
0000
0000
0000
0000
0000
0000
0000
0000
0000
0000
0000
0000
0000
0000
0000
0000
0000
0000
f1ff
0000
0000
0000
0000
0f00
0000
0000
0000
0000
0000
0000
0000
0000
0000
0000
0000
0000
0000
0000
0000
0000
0000
0000
0000
0000
00f1
f1ff
0000
0000
0000
0000
0000
0000
0000
0000
0000
0000
0000
0000
0000
0000
0000
0000
0000
0000
0000
0000
0000
0000
0000
0000
0000
00d0
0000
0000
0000
ffff
ffff
0000
0000
0000
6f33
ffff
0000
0000
0080
0020
0000
0000
0000
0000
0000
0000
0000
0000
0000
0000
0000
0000
ffff
ff0c
0000
0000
ff01
00b0
0000
0000
0000
ff6c
0000
0000
0000
ff03
0090
0000
0000
0000
00ff
0000
0000
0000
0000
0000
0000
0000
0000
0000
ffef
0000
0000
0900
5f00
1e00
0000
0000
ff07
0000
0000
ff08
f0ff
a0ff
0000
0000
febe
0000
0000
0000
0000
0000
0000
0000
0000
0000
0000
0200
0000
0000
f0ff
0010
0000
0000
0000
0090
ffff
0000
0000
99ff
0000
ef01
0000
f8ff
0000
0000
0000
0000
0000
0000
0000
0000
0000
0000
0000
0000
0000
0000
0000
0f00
0000
0000
0000
0000
0000
0000
0000
0000
0000
0000
0000
0000
0000
0000
0000
0000
0000
0000
0000
0000
0064
0000
0000
0000
0000
00f4
0000
0000
0000
0000
f3ff
0000
0000
0000
0000
0900
0000
0000
0000
ff08
0000
0000
0000
df02
0000
0000
0000
0000
0000
0000
0000
0000
0020
0000
0000
0000
0000
4f00
0000
0000
0000
e0ff
0000
0000
0000
0000
ff0c
0000
0000
0000
0000
d2bf
0000
0000
0000
0000
0000
0000
0000
0000
0000
0000
0000
1300
fdff
0000
0000
0000
2e00
0000
0000
0000
0000
0000
0000
0000
0000
0000
0000
0000
0000
0000
0000
0000
0000
0000
0000
0000
0000
0000
10ff
0000
0000
0000
ffff
ff00
0000
0000
0000
10ff
0000
0000
0000
0000
0000
0000
0000
0000
0000
0000
0000
0000
0000
0000
0000
0000
0000
0000
0000
0000
0000
0000
0000
0000
0000
0000
0000
10ff
0000
0000
0000
0000
0000
0000
0000
0000
0000
0000
0000
0000
0000
0000
0000
0000
0000
0000
0000
0000
0000
ffff
0f00
0000
0000
0000
0000
0000
0000
0000
0000
0000
0000
0000
0000
0000
0000
0000
0000
0000
0000
0000
0000
0000
0000
0000
0000
0000
0000
0000
0000
0000
0000
0000
0000
0000
0000
0000
0000
0000
0000
0000
0000
0000
0000
0000
0000
0000
0000
0000
20ff
0000
0000
0000
0000
b0ff
0000
0000
0000
0000
f5ff
0000
0000
0000
0000
fe7f
0000
0000
0000
0000
0000
0000
0000
0000
0000
0000
0000
2d00
a0ff
0000
0000
ff1f
0000
ff00
0000
00f0
0000
50ff
0000
0000
20fd
ef8c
0000
0000
0000
0000
0000
0000
0000
0000
0000
0000
0000
0000
10ff
0000
0000
0000
0000
ff00
0000
0000
0000
10ff
0000
0000
0000
0000
ff00
0000
0000
0000
0000
0000
0000
0000
0000
0000
0000
0000
0000
ffff
ffdf
0000
0000
ff4f
0000
0000
0000
0000
f5ff
0000
0000
0000
0000
ffff
0f00
0000
0000
0000
0000
0000
0000
0000
0000
0000
0000
0000
ffff
ff9f
0000
0000
ff1f
0000
0000
0000
0010
0000
0000
0000
0000
ff1e
95fe
0000
0000
0000
0000
0000
0000
0000
0000
0000
0000
0000
0000
ff09
0000
0000
0000
00ff
fbff
0000
0000
0000
ff01
30ff
0000
0000
00ff
0000
0000
0000
0000
0000
0000
0000
0000
0000
0000
0000
0000
0000
0000
ff0d
0000
0000
0000
0030
0000
0000
0000
0200
0000
0000
0000
ff5f
0000
0000
0000
0000
0000
0000
0000
0000
0000
0000
0000
0000
0000
0000
0000
0000
0000
0000
0000
0c00
0000
0000
0200
f1ff
0000
0000
ff03
0020
0000
0000
0000
0000
0000
0000
0000
0000
0000
0000
0000
0000
0000
0000
0000
0000
ff2e
0000
0000
0000
0000
d0ff
0000
0000
0000
0000
ffbf
0000
0000
0000
0010
0000
0000
0000
0000
0000
0000
0000
0000
0000
0000
0000
0000
fdff
0000
0f00
0000
0020
ffff
cf03
0000
0000
ff3f
0000
bf00
0000
0000
ffff
0000
0000
0000
0000
0000
0000
0000
0000
0000
0000
0000
0000
20fd
0020
8f00
0000
00e0
0000
d1ff
0000
0000
ff1f
0000
0000
0000
0000
ffff
8b03
0000
0000
0000
0000
0000
0000
0000
0000
0000
0000
0000
0000
0000
0000
0000
0000
0000
0000
0000
0000
0000
0000
0000
0000
0000
0000
f1ff
0000
0000
0000
0000
0000
0000
0000
0000
0000
0000
0000
0000
0000
0000
0000
0000
0000
0000
0000
0000
0000
0000
0000
0000
0000
0000
f1ff
0000
0000
0000
0000
0000
0000
0000
0000
0000
0000
0000
0000
0000
0000
0000
0000
0000
0000
0000
0000
0000
0000
ff0f
0000
0000
ffff
0000
0000
0000
0000
0000
0000
0000
0000
0000
0000
0000
0000
0000
0000
0000
0000
0000
0000
ffff
0000
0000
0000
0000
0f00
0000
0000
0000
0000
0000
0000
0000
0000
0000
0000
0000
0000
0000
0000
0000
0000
0000
0000
0000
0000
0000
0000
0000
0000
0000
ff8e
0000
0000
0030
e8ff
ffff
0000
0000
0000
0000
0000
0000
0000
0000
0000
0000
0000
0000
0000
0000
0000
0000
ff07
0040
0000
0000
0090
bf00
0000
0000
0000
0000
0000
0000
0000
0000
0000
0000
0000
0000
0000
0000
0000
0000
0000
0000
0000
0000
6a13
0000
ff09
00b0
0000
ffff
0000
bf00
0000
ff05
30ff
00f2
40ff
0070
ffff
0000
0000
0000
0000
95fd
0000
0000
0000
0000
0000
0000
0000
0000
ffff
0000
0000
0000
c0ff
f1ff
0000
0000
00f4
ffff
ffff
0000
0000
0000
0000
0000
0000
0000
0000
0000
0000
0000
0000
0000
0000
0000
0000
ffff
f1ff
0000
0000
4f00
0000
0f00
0000
f4ff
0000
f1ff
0000
00c0
1b00
ffff
0f00
0000
0000
0000
0000
0000
0000
0000
0000
0000
0000
0000
ffff
ff1c
0000
0000
0200
0000
ff00
0000
0000
0000
30ff
0000
0000
6f00
c7ff
0000
0000
0000
0000
0000
0000
0000
0000
0000
0000
0000
0000
cafd
ffff
0000
0000
0500
0000
0f00
0000
ff0f
0000
f1ff
0000
0060
1d00
0000
0f00
0000
0000
0000
0000
0000
0000
0000
0000
0000
0000
0000
0000
ffff
0000
0000
0000
0000
0f00
0000
0000
ffff
f1ff
0000
0000
0000
0000
0f00
0000
00f8
0000
0000
0000
0000
0000
0000
0000
0000
0000
0000
ffff
0000
0000
0000
0000
0f00
0000
0000
ffff
f4ff
0000
0000
0000
0000
0f00
0000
0000
0000
0000
0000
0000
0000
0000
0000
0000
0000
0000
0000
0000
0000
ef04
0000
8f00
0000
0000
0000
10ff
0000
0010
0000
0000
0500
0000
30fd
feef
0000
0000
0000
0000
0000
0000
0000
0000
0000
0000
0000
00ff
0000
0000
0f00
0000
ff01
0000
ffff
0000
00ff
0000
0000
0f00
0000
ff01
0000
0000
0000
0000
0000
0000
0000
0000
0000
0000
0000
0000
0000
0000
0010
0000
0000
0000
0000
ffff
0000
0000
0000
0010
0000
0000
0000
0000
ffff
0000
0000
0000
0000
0000
0000
0000
0000
0000
0000
0000
ffff
0000
0000
0000
0010
0000
0000
0000
0000
ffff
0000
9a00
0000
0000
ff7d
ff19
0000
0000
0000
0000
0000
0000
0000
0000
0000
0000
0000
0200
0000
0f00
0000
0000
ff7f
f1ff
0000
0000
0000
0300
0f00
0000
00b0
0000
f1ff
0000
0000
0000
0000
0000
0000
0000
0000
0000
0000
0000
0000
0000
0f00
0000
0000
0000
f1ff
0000
0000
0000
0000
0f00
0000
0000
0000
f4ff
0000
0000
0000
0000
0000
0000
0000
0000
0000
0000
0000
0000
0070
0f00
ffff
0000
0000
f1ff
0010
00fd
0000
1e00
0f00
ffff
60ff
ff04
f1ff
0010
0000
0000
0000
0000
0000
0000
0000
0000
0000
0000
0000
0000
0f00
0000
ff01
0000
f1ff
0000
00ff
0000
0000
0f00
0000
ff41
0000
f1ff
0000
00ff
0000
0000
0000
0000
0000
0000
0000
0000
0000
0000
0000
0000
0000
80ff
0000
f2ff
0000
00fd
0000
0000
ff00
0000
ff03
0000
faff
0000
0000
faff
0000
0000
0000
0000
0000
0000
0000
0000
0000
0000
0000
0000
00f6
0000
f1ff
0000
0000
0700
0000
0f00
0000
0000
0000
f1ff
0000
0000
0000
0000
0000
0000
0000
0000
0000
0000
0000
0000
0000
0000
0000
0020
4654
ffff
0000
00f6
0000
0000
ff00
0000
ff01
0000
a0ff
0000
0020
ffae
ffcf
0000
0000
0000
0000
0000
0000
0000
0000
0000
0000
0000
0000
ffff
f1ff
0000
0000
0200
0000
0f00
0000
00f9
0000
f1ff
0000
0000
0000
0000
0f00
0000
0000
0000
0000
0000
0000
0000
0000
0000
0000
0000
ffff
ff08
0000
0000
0100
00d1
0000
0000
0040
0300
0000
0000
0000
1d00
e9ff
0000
0000
0000
0000
0000
0000
0000
0000
0000
0000
0000
0000
ffff
ffff
0000
0000
0000
1f00
0000
0000
0000
f0ff
0000
0000
0000
0000
1f00
0000
0000
0000
0000
0000
0000
0000
0000
0000
0000
0000
0000
0000
f1ff
0000
00f1
0000
0000
0f00
0000
ff0f
0000
f1ff
0000
00f0
0000
00a0
0000
0000
0000
0000
0000
0000
0000
0000
0000
0000
0000
0000
0000
00e1
0000
00c0
0300
0000
0100
0000
00f7
0000
7f00
0000
0000
20ff
ff0d
0000
0000
0000
0000
0000
0000
0000
0000
0000
0000
0000
0000
0000
0000
f5ff
0000
ffff
0000
3f00
ff1f
f3ff
ff8f
ff8f
0000
0ff1
0000
affc
0000
00f4
0200
0000
0000
0000
0000
0000
0000
0000
0000
0000
0000
0000
0000
0040
cf00
00fa
0000
0000
0000
ffff
0000
0000
0000
a0ff
f5ff
0000
0000
f3ff
0000
0000
0000
0000
0000
0000
0000
0000
0000
0000
0000
0000
00f4
0600
0000
0000
0000
0060
1e00
0100
0000
0000
0000
0f00
0000
0000
0000
f1ff
0000
0000
0000
0000
0000
0000
0000
0000
0000
0000
0000
0000
ffff
3333
0000
0000
0000
ff0b
0000
0000
0000
0000
f9ff
0000
0000
0000
3333
ffff
0000
0000
0000
0000
0000
0000
0000
0000
3333
0000
0000
0000
0000
0f00
0000
0000
0000
f1ff
0000
0000
0000
0000
0f00
0000
0000
0000
f1ff
0000
0000
0000
f0ff
0f00
0000
0000
0000
0000
0000
0000
0000
0000
df00
0000
0000
0000
ff4f
0000
0000
0000
f3ff
0000
0000
0000
00fd
0000
0000
0000
0080
0000
0000
0000
0000
0000
0000
0000
0000
0000
00f1
0000
0000
0000
0000
ff0f
0000
0000
0000
00f1
0000
0000
0000
0000
ff0f
0000
0000
0000
00f1
ff0f
0000
0000
0000
0000
0000
0000
0000
0000
0000
0000
0000
00c0
f8ff
0000
0000
0000
0000
0000
0000
0000
0000
0000
0000
0000
0000
0000
0000
0000
0000
0000
0000
0000
0000
0000
0000
0000
0000
0000
0000
0000
0000
0000
0000
0000
0000
0000
0000
0000
0000
0000
0000
0000
ffff
ff0f
0000
0000
0000
0000
0000
0000
0000
0000
7f00
0000
0000
0000
0000
0000
0000
0000
0000
0000
0000
0000
0000
0000
0000
0000
0000
0000
0000
0000
0000
0000
0000
0000
0000
0000
0000
0000
0000
0000
0000
0000
0000
0000
e1ff
0000
0000
0000
0000
3433
a0ff
0000
0000
ffff
ffff
0000
0000
0000
0000
0000
0000
0000
0000
0000
0f00
0000
0000
0000
f1ff
0000
0000
d2ff
00a1
0f00
0000
00fd
0000
f1ff
0000
0000
ffef
ffff
0f00
0000
0000
0000
0000
0000
0000
0000
0000
0000
0000
0000
0000
0000
0000
0000
00a1
54f9
0d00
0000
0000
0000
10ff
0000
0000
fbff
54f9
0000
0000
0000
0000
0000
0000
0000
0000
0000
0000
0000
00f0
0000
0000
0000
0000
ff1f
ffff
0600
0000
00f0
0000
10ff
0000
0000
ff1f
0030
0000
0000
0000
0000
0000
0000
0000
0000
0000
0000
0000
0000
0000
0000
0000
0000
0000
ffff
0000
0000
0000
3333
ffff
0000
0000
0000
0000
0000
0000
0000
0000
0000
0000
0000
0000
0000
0000
0000
0000
b0ff
ff04
0000
0000
0000
ffff
ff0f
0000
0000
0000
ff1f
0000
0000
0000
00f0
0000
0000
0000
0000
0000
0000
0000
0000
0000
0000
0000
0000
0000
0000
0000
0000
0000
0000
0000
0000
00f0
0000
60ff
0000
0000
ff1f
0000
2f00
0000
00f0
30c8
0000
0000
0000
90ff
efbd
0000
0000
0000
0000
f1ff
0000
0000
0000
0000
0f00
0000
0010
0000
f1ff
0000
0000
ff0f
0000
0f00
0000
00f1
0000
0000
0000
0000
0000
0000
0000
0000
0000
0000
f1ff
0000
0000
0000
0000
0000
0000
0000
0000
f1ff
0000
0000
0000
0000
0f00
0000
0000
0000
f1ff
0000
0000
0000
0000
0000
0000
0000
0000
0000
0000
0000
0000
0000
0000
0000
0000
0000
ff0f
0000
0000
0000
00f1
0000
0000
0000
0000
ff0f
0000
0000
0000
0040
ffcf
0000
0000
0000
0000
0000
0000
0000
0000
0f00
0000
0030
ef01
f1ff
0000
0000
0000
ffff
0f00
0000
0000
ff06
f1ff
0000
0000
0000
0000
0000
0000
0000
0000
0000
0000
0000
0000
0000
0f00
0000
0000
0000
f1ff
0000
0000
0000
0000
0f00
0000
0000
0000
f1ff
0000
0000
0000
0000
0000
0000
0000
0000
0000
0000
0000
0000
0000
0000
0000
0000
daef
d7ff
0000
0000
ffff
0000
0f00
ff0f
0010
0000
f1ff
00f1
0000
0000
0000
0000
0000
0000
0000
0000
0000
0000
0000
0000
0000
0000
0000
0000
b0ff
0000
0000
ff4f
0000
0f00
0000
00f0
0000
f1ff
0000
0000
ff1f
0000
0000
0000
0000
0000
0000
0000
0000
0000
0000
0000
0000
0000
0000
0100
0000
0000
ff9f
0000
df00
0000
00fe
0000
e1ff
0000
0000
00e6
0000
0000
0000
0000
0000
0000
0000
0000
0000
0000
0000
0000
0000
0000
0000
0000
0000
ffff
0000
0f00
0000
00ff
0000
f1ff
0000
0000
f4ff
8c03
0f00
0000
0000
0000
f1ff
0000
0000
0000
0000
0000
0000
0000
0000
0000
0000
0000
ffff
0000
7f00
0000
00f0
0000
40ff
0000
0000
ffff
ffff
0000
0000
00f0
0000
0000
0000
0000
0000
0000
0000
0000
0000
0000
0000
0000
0000
0000
20d6
0f00
0000
0000
0000
f1ff
0000
0000
0000
0000
0f00
0000
0000
0000
0000
0000
0000
0000
0000
0000
0000
0000
0000
0000
0000
0000
0030
44d6
0e00
0000
0000
61fb
0000
0000
0000
fdff
54c7
0000
0000
0000
0000
0000
0000
0000
0000
0000
0000
0000
0000
0000
ff1f
0000
0000
0000
ffff
0000
0000
0000
0000
ff1f
0000
0000
0000
00f4
0000
0000
0000
0000
0000
0000
0000
0000
0000
0000
0000
0000
0000
0000
0000
0000
0000
0000
0f00
0000
00f1
0000
f1ff
0000
0000
ff0f
0000
0000
0000
00f1
0000
0000
0000
0000
0000
0000
0000
0000
0000
0000
0000
0000
0000
0000
0000
ff02
0000
0000
ff01
ffaf
0000
0000
0000
6dff
0000
0000
0000
0000
0000
0000
0000
0000
0000
0000
0000
0000
0000
0000
0000
0000
0000
0000
ff0a
10ff
0000
f7bf
f2ff
0000
f8ff
ef00
ffb6
0000
0000
ffbf
0000
0000
0000
0000
0000
0000
0000
0000
0000
0000
0000
0000
0000
0000
0000
ff08
0000
0000
ffdf
ff02
0000
0000
0000
bfff
0000
0000
0000
6f00
0000
0000
0000
0000
0000
0000
0000
0000
0000
0000
0000
0000
0000
0000
0000
0000
0000
6f00
f2ff
0000
0000
0060
03f6
0000
0000
0000
00f3
0000
0000
0000
0000
00f5
ae00
0000
0000
0000
0000
0000
0000
0000
0000
0000
0000
0000
ff36
0000
0000
0000
0000
feff
0000
0000
0000
3333
ffff
0000
0000
0000
0000
0000
0000
0000
0000
0000
0000
0000
0000
c0ff
0000
0000
0000
0000
ff01
0000
0000
0000
0020
0000
0000
0000
0000
ff00
0000
0000
0000
ffef
0000
0000
0000
0000
0000
0000
0000
0000
0000
0f00
0000
0000
0000
f1ff
0000
0000
0000
0000
0f00
0000
0000
0000
f1ff
0000
0000
0000
0000
0f00
0000
0000
0000
0000
0000
0000
0000
0000
0000
0000
0000
0000
ff0f
0000
0000
0000
ffff
0000
0000
0000
0000
ff0f
0000
0000
0000
0040
6f00
0000
0000
0000
0000
0000
0000
0000
0000
0000
0000
0000
0000
0000
0000
0000
0000
ffff
0500
0000
f9ff
0000
0000
0000
0000
0000
0000
0000
0000
0000
0000
0000
0000
0000
0000
0000
0000
0000
0000
0000
0000
0000
0000
0000
0000
0000
0000
0000
0000
0000
0000
0000
0000
0000
0000
0000
0000
0000
0000
0000
0000
0000
0000
0000
0000
0000
0000
0000
0000
0000
0000
0000
0000
0000
0000
0000
0000
0000
0000
0000
00ff
0000
0000
0f00
0000
0000
0000
0000
0000
0000
0000
0000
0000
0000
0ff0
0000
0000
0000
0000
0000
0000
0000
0000
0000
0000
0000
0000
0000
0000
ff02
0000
0000
ffff
0000
0000
ffff
00f1
0000
0a00
0000
0000
0000
0000
0000
0000
0000
0000
0000
0000
ff09
c0ff
0000
cf00
4b11
0000
0000
0000
0000
0000
0000
0000
0000
0000
03c3
d15f
0000
0000
20fe
0400
0000
0000
0000
0000
0000
0000
0000
0000
f9ff
00fe
0000
0000
10fc
00fd
0000
00d2
dff7
0000
0000
0000
0000
0000
0000
0000
0000
ff00
0000
0000
0000
0000
0000
0000
0000
0000
0000
0000
0000
0000
0000
0000
0000
0000
0000
00f1
0000
0000
9f00
0000
0000
0000
6f00
0000
0000
c10e
0000
0000
0000
ff0a
0000
0000
0000
00d0
0000
0000
d0cf
0000
0000
0000
0000
0000
0000
0000
0000
0000
ff02
00e1
0000
0000
0000
0000
0000
0000
0000
0000
0000
0000
0000
0000
0000
00ff
0000
0000
0f00
0000
0000
0000
0000
0000
0000
0000
0000
0000
0000
0000
0000
0000
0000
0000
0000
0000
0000
0000
0000
0000
0000
0000
0000
0000
0000
0000
0000
0000
0000
0f00
0000
0000
0000
0000
0000
0000
0000
0000
0000
0000
0000
0000
0000
0000
0000
0000
0000
0000
0000
0000
0000
0000
0000
0000
0000
0000
0000
0000
00f2
0000
0000
80ef
0000
0000
fd09
0000
0000
0000
0000
0000
0000
0000
0400
0000
0000
00f0
ff0f
0000
7f00
af66
0000
0000
0000
0000
0000
0000
9068
0000
0000
0000
0000
0000
0000
f0ff
0000
0000
0000
0000
0000
0000
0000
0000
0000
e9ff
d0ff
0000
0000
ff1c
0000
0000
b0ff
ffff
0000
0000
0000
0000
0000
0000
0020
0000
aa00
0600
0000
0000
0000
fd2f
0000
0000
0000
0000
0000
0000
0000
0000
0000
ffff
0000
0000
70ff
00f0
0000
0000
ff00
0000
0000
0000
0000
0000
0000
0000
0000
0000
00fb
00c1
0000
0000
0100
0000
0000
0000
0000
0000
0000
0000
0000
0000
fdcf
0000
0000
ff00
0100
0000
0000
90ff
00f8
0000
0000
0000
0000
0000
0000
ffff
0000
0000
ff08
0000
0000
7f00
0000
0000
0000
0000
0000
0000
0000
0000
0000
0000
0100
0000
0000
cf04
f2ef
0000
bf00
9f76
0000
0000
0000
0000
0000
0000
0000
0000
0000
0000
f0ff
0000
0000
0300
0000
0000
0000
0000
0000
0000
0000
0000
0000
0000
0000
0000
0000
0000
0000
0000
0000
0000
0000
0000
0000
0000
0000
0000
0000
0000
ff00
0000
0000
0000
0000
0000
0000
ff00
0000
0000
0000
0000
0000
0000
0000
0000
0000
0000
ff6d
0000
0000
0000
0600
0000
0000
0000
0000
0000
0000
0000
0000
0000
0000
f0ff
0000
6600
ffff
0000
0000
0000
0000
0000
0000
0000
0000
0000
0000
0000
0000
df00
ffff
0000
0000
a3ff
0000
0000
0000
0000
0000
0000
0000
0000
0000
5505
7f00
0000
0000
ff0e
0000
0000
0000
0000
0000
0000
0000
0000
0000
0000
30fb
0030
00fd
0090
0000
0000
bf00
ff0b
9e01
0000
0400
0000
0000
0000
0000
0000
0000
bf00
20ff
0000
0400
ffff
00f5
0000
0000
0000
0000
0000
0000
0000
0000
66f6
ff03
0000
ff00
6766
00fa
0000
00f0
fbff
0000
0000
0000
0000
0000
0000
50da
0000
6f00
0000
0000
0000
00f2
0400
0000
0000
0000
0000
0000
0000
0000
0000
0f00
0000
f3ef
0000
00ff
0000
0000
0f00
6866
0000
0000
0000
0000
0000
0000
0000
0000
0000
00f0
0000
0000
ff00
0000
0000
0000
0000
0000
0000
0000
0000
0000
0000
66f6
0000
0000
ff00
ffff
0000
0000
00f0
0000
0000
0000
0000
0000
0000
0000
61da
0000
7f00
0000
0000
0000
00f2
0000
0000
0000
0000
0000
0000
0000
0000
0000
0f00
0000
ff0f
0000
ffff
0000
0000
0f00
0000
ff0f
0000
0000
0000
0000
0000
0000
0000
0000
00ff
0000
0000
0f00
0000
0000
0000
0000
0000
0000
0000
0000
0000
0000
0000
00ff
0000
0000
0f00
0000
0000
00c1
0010
0000
0000
0000
0000
0000
0000
9f00
0000
ff00
fd5f
0000
0000
00f0
70ff
0000
ff00
0000
0000
0000
0000
0000
0000
0f00
0000
0000
0000
00ff
0000
0000
0f00
6666
0080
0000
0000
0000
0000
0000
0000
0500
0000
fff4
0000
ff0f
ff00
ff09
0010
0000
0000
0000
0000
0000
0000
0000
0000
f9ff
0000
0000
0f00
cf00
ff0f
0000
00ff
0100
0000
0000
0000
0000
0000
0000
50d9
0000
5f00
0000
ff0f
0000
00f2
0000
0000
0000
0000
0000
0000
0000
0000
0000
ff00
0000
00fd
0000
66f6
30c9
0000
ff00
0000
0000
0000
0000
0000
0000
0000
0000
0030
0000
00f6
0000
0000
ef00
0000
c0ff
0000
0000
0000
0000
0000
0000
0000
0000
66f6
ff05
0000
ff00
ffff
0060
0000
00f0
cf00
0000
0000
0000
0000
0000
0000
10b7
0000
0e00
0000
0000
0000
0000
1f00
0000
0000
0000
0000
0000
0000
0000
0000
ff0f
f0ff
0000
0000
0000
0000
0000
0000
f0ff
0000
0000
0000
0000
0000
0000
0000
f0ff
0000
00f0
0000
0000
ff00
0000
60ff
0000
0000
0000
0000
0000
0000
0000
0000
0070
8f00
0000
0200
0100
0000
0000
0c00
0000
0000
0000
0000
0000
0000
0000
e0ff
af00
ff02
ff02
00f6
0000
e0ef
0000
00fa
0000
0000
0000
0000
0000
0000
0000
df00
0000
0000
0000
0200
0090
0000
0200
0000
60ff
0000
0000
0000
0000
0000
0000
00fd
0000
f2ff
20ff
0000
0000
f0ff
0000
0000
0000
0000
0000
0000
0000
0000
0000
6666
60ff
0000
0000
00fb
0000
0000
00e2
ffff
0000
0000
0000
0000
0000
ffff
0000
0000
ff00
0000
0000
0000
00f0
0000
0000
ff00
0000
0000
0000
0000
0000
0000
fe0d
0000
0000
0000
f57f
0000
0000
0000
b0ff
0000
0000
0000
0000
0000
ff0f
0000
0000
0000
f0ff
0000
0000
0000
0000
0000
0000
f0ff
0000
0000
0000
0000
0000
0000
ff9f
0000
0000
ff07
0000
0000
0000
0000
0000
0000
0000
0000
0000
0000
0000
0000
0000
0000
0000
0000
0000
0000
0000
0000
6606
ffff
0000
0000
0000
0000
0000
0600
0000
0000
0000
0000
0000
0000
0000
0000
0000
0000
0000
0000
0000
0000
0000
0000
0000
ff6e
a0ff
0000
0a00
0000
0000
0000
0000
0000
0000
0000
0000
0000
0000
00f0
0000
0000
ff00
0000
0000
0000
20fd
00f9
0000
0000
0000
0000
0000
0000
0000
0000
0000
ef68
0000
0000
0000
8088
0000
0000
0000
0000
0000
0000
0000
0000
0000
0000
0000
0000
0070
f0ff
0000
ff07
ef69
0000
0000
0000
0000
0000
0000
0000
0000
0000
ffdf
30ff
0000
ff0f
0000
0000
0000
0000
0000
0000
0000
0000
0000
0000
f1ef
0000
0000
0000
0000
0000
0000
f0ff
0000
0000
0000
0000
0000
0000
0000
0000
0000
0000
9e76
0000
0000
00f0
ff0f
0000
0000
0000
0000
0000
0000
0000
0000
ff00
0000
0000
0000
00f0
f0ff
0000
ff00
0000
0000
0000
0000
0000
0000
0000
0000
0000
0000
00f0
0000
0000
ff00
0000
0000
0000
0000
0000
0000
0000
0000
0000
0000
0000
0000
0000
0000
0000
0000
0000
f0ff
0000
0000
9f48
0000
0000
0000
00f0
0000
0000
ff00
ff04
0000
0000
6ef6
0000
0000
ff00
0000
0000
0000
0000
0000
0000
ff00
0000
0000
0000
00f0
0000
0000
ff00
0000
0000
0000
0000
0000
0000
0000
0000
0000
0000
efc5
feff
ff02
ff00
0000
0000
00f0
0000
0000
0000
0000
0000
0000
0000
0000
0000
0000
ff00
0000
0000
0000
00f0
f0ff
0000
0000
0000
0000
0000
0000
0000
0000
0000
df68
0000
0000
0000
f97f
0000
0000
0000
0000
0000
0000
0000
0000
0000
0000
0000
0000
00f0
fe1f
0000
ff00
cf67
0000
0000
00f0
0000
0000
0000
0000
0000
0000
ffff
f0ff
0000
ff0f
0000
0000
0000
0000
f0ff
0000
0000
0000
0000
0000
0000
0000
0000
ff00
0000
0000
0000
00f0
0000
0000
0000
0000
0000
0000
0000
0000
0000
0000
ef68
0000
0000
2600
e0ff
0000
0000
0000
0000
0000
0000
0000
0000
0000
0000
0000
0000
f0ff
0000
0000
0000
0088
0000
0000
0000
0000
0000
0000
0000
0000
0000
00f0
f0ff
0000
ff00
0000
0000
0000
0000
0000
0000
0000
0000
0000
0000
0000
0000
0000
af00
ff01
0000
0000
ff07
0000
0000
0000
0000
0000
0000
0000
0000
0000
fe3f
ff04
6f00
0000
16ff
ff03
0000
0000
0000
0000
0000
0000
0000
0000
0000
0000
0000
0000
f5af
0000
0000
0700
ef01
0000
0000
0000
0000
0000
0000
0000
0000
0000
0030
00fd
0000
0600
f59f
0000
0000
ff02
0000
0000
0000
0000
0000
0000
0000
0000
0000
0000
b0ff
0000
0000
00f8
00ff
0000
0000
0000
0000
0000
1900
0000
0000
0000
0000
0000
0000
20ff
0000
0000
0000
0000
0000
0000
0000
0000
0000
ff00
0000
0000
0000
00f0
0000
0000
ff00
0000
0000
0000
00f0
0000
0000
1002
0000
0000
0000
f0ff
0000
0000
0000
0000
0000
0000
c0ff
0000
0000
0000
0000
0000
0000
0000
0000
0000
0000
80ff
70ff
0000
0000
0000
0000
0000
0000
0000
0000
0000
0000
0000
0000
0000
0000
0000
0000
0000
0000
0000
0000
0000
0000
0000
0000
0000
0000
0000
0000
0000
0000
0000
0000
0000
0000
0000
0000
0050
50ff
0000
0000
0000
0000
0000
0000
0000
0000
0000
0000
0000
0000
0000
0000
0000
0000
0000
00f1
ecdf
ce00
05b0
0000
0000
0000
0000
0000
0000
0000
e07f
ff29
d00f
0000
0000
0000
0500
0000
0000
0060
ff05
dfff
0000
0000
0000
0000
1f00
0000
0000
0000
0000
50ff
0000
0000
0000
0000
00e1
0000
0000
0000
0000
0000
0000
0000
0020
0020
00e0
60df
ef00
0000
0000
0000
0000
0000
0000
0000
0000
40ff
ff01
0800
0000
0000
0000
0000
0000
0000
00c2
00f5
0000
0000
0000
0000
0000
0000
0000
0000
0000
0000
00ff
0000
0000
0000
0000
0000
0000
0000
0000
0000
0000
0000
0000
0000
0000
0000
0000
0000
0000
0000
0000
0000
0000
0000
0000
0000
0000
0000
0000
0000
0000
0000
0000
0000
0d00
0100
0000
0000
0000
0000
0000
0000
0000
0000
ffde
0000
00f5
f50f
0900
0000
0000
0000
0000
0000
0050
50ff
ff00
0000
0000
0000
0000
0000
0000
0000
00fd
f70d
f92e
e38f
fcef
0000
0000
0000
0000
0000
0000
0000
fb09
0a00
feae
0000
0000
0000
0000
0000
0000
0000
c0dc
50ff
0000
0000
0000
0000
0000
0000
0000
0000
0030
00c1
0000
0000
0000
0000
0b00
0000
0000
0000
0000
0000
0000
0000
0000
ffff
0000
0000
0000
0000
0000
0000
0000
0000
0000
ffdf
0010
ef06
fb09
0c00
0000
0000
0000
0000
0000
f29f
0500
0080
0000
3300
0000
0000
0000
0000
0000
0000
0000
0000
0000
40cc
0000
0000
0000
0000
0000
0000
0000
0000
0000
0010
0000
0000
0000
0000
0000
0000
0000
0000
80cf
0000
0000
0000
0000
0000
0000
0000
0000
0000
0000
0000
0000
0000
0000
0000
0000
0000
0000
0000
0000
0000
0000
0000
eddf
00f7
0000
0000
0000
0000
0000
0000
0000
0000
feef
00f5
00fc
f50e
0d00
0060
0000
0000
0000
0000
00f8
afe0
00fd
ff8f
fc09
0000
0000
0000
0000
0000
f33f
cf02
0200
0050
dcff
0000
0000
0000
0000
0000
00fe
0000
0000
0000
ef4a
0000
0000
0000
0000
0000
00c0
f05f
9f00
bf03
0000
0000
0000
0000
0000
0000
0000
0000
0000
60cc
0000
0000
0000
0000
ff00
0000
0000
0000
0000
0000
0000
0000
0000
df4a
50ff
f50f
0f00
0000
0000
0000
0000
0000
0000
0000
0050
50ff
ff00
0000
0000
0000
0000
0000
0000
0000
0000
0050
50ff
ff00
0000
0000
0000
0000
0000
00f5
f50f
0f00
0000
fecf
0000
0000
0000
0000
0000
0000
0000
10fd
0700
0050
0000
0000
0000
0000
0000
0000
0000
0000
0000
0000
0000
0000
0000
0000
00f0
f05f
5f70
00f4
10fe
0000
0000
0000
0000
ff00
0000
0000
0000
00f0
f0af
0000
0000
0000
df39
60ff
f50e
0f00
0000
0000
0000
0000
0000
0000
cecc
0050
50ff
ff00
0000
0000
0000
0000
0000
0000
8f01
0000
0000
00f7
7f00
0000
0000
0000
0000
0000
fc0a
0b00
cecc
0050
50ff
0000
0000
0000
0000
0000
00e0
0000
ff06
0000
ef8c
0000
0000
0000
0000
0000
0000
0000
0000
00f0
0000
0000
0000
0000
0000
0000
0000
00f0
d08f
d2ff
0000
0000
0000
0000
fa0c
0000
0000
0000
0000
0000
0000
0000
0000
0000
00fb
ff00
0000
0000
00b0
0000
0000
0000
0000
0000
50ff
0400
0000
0000
0000
0000
0000
0000
0000
9f00
3f00
fc4f
0000
0000
0000
0000
0000
0000
00f0
00fb
00fa
00f9
00f8
ccfe
0000
0000
0000
0000
0000
0000
0000
0000
0000
0050
dcff
0000
0000
0000
0000
0000
0000
0000
0030
f60c
0000
0000
ff0f
0000
0000
0000
0000
0000
0000
0000
0000
0000
0000
0c00
0100
0000
0000
0000
0000
0000
0000
0000
0000
0000
0000
0000
0000
0000
0000
0000
0000
0000
0000
0000
0000
0000
0000
0000
0000
0000
0000
0000
0000
ffde
0000
82ff
fb0c
0000
0000
0000
0000
0000
0000
fe1b
0000
0050
9fff
0000
0000
0000
0000
0000
0000
00f3
0000
3f00
fdae
0000
0000
0000
0000
0000
0000
0000
00ff
ff5e
0000
0000
0000
0000
0000
0000
0000
0000
0000
00a0
0000
0000
0000
4b00
0f00
0c00
0000
0000
0000
0000
0000
0000
0000
0000
0000
ef01
0e00
0000
0000
0000
0000
0000
0000
0000
be53
60ff
ff00
0000
0000
0000
0000
0000
0000
0000
0000
0050
50ff
ff00
0000
0000
0000
0000
0000
0000
0000
0000
00f5
f50f
1f00
af00
0000
0000
0000
0000
0000
0010
fe09
0050
0000
0000
0000
0000
0000
0000
0000
0000
0000
0000
0000
0000
0000
0000
0000
f37f
0900
0000
00ff
0000
0000
0000
0000
0000
0000
0000
0000
0000
0050
0000
0000
0000
0000
0000
df01
0e00
0000
0000
0000
0000
0000
0000
0000
ce06
60ff
ff00
0000
0000
0000
0000
0000
0000
0000
ecdf
0000
00f6
ff04
0000
0000
0000
0000
0000
0000
0000
0000
0050
50ff
0000
0000
0000
0000
0000
0000
00d0
00d5
6f00
fdce
0000
0000
0000
0000
0000
0000
0000
0000
0000
0000
0000
0000
0000
0000
0000
0000
0000
0050
50df
0000
0000
0000
0000
0000
0e00
0000
0000
0000
0000
0000
0000
0000
0000
0000
f80c
0000
0000
0000
0000
0000
0000
0000
0000
0000
f42e
0000
0000
0000
0000
0000
0000
0000
0000
5f00
0460
f60d
0000
0000
0000
0000
0000
0000
0000
50ff
20fe
00fc
ccff
0000
0000
0000
0000
0000
0000
0000
0000
0000
00f5
ef02
0000
0000
0000
0000
0000
0000
0000
0000
0000
0000
0000
1005
0000
0000
0000
0000
0000
0000
0000
0000
0000
0000
0000
0000
0000
0000
0000
0000
0000
0000
0000
0000
0000
0000
0000
0000
0000
0000
0000
0000
0000
0000
0000
0000
0000
0000
0000
0000
0000
0000
0000
0000
0000
0000
fff0
0000
0000
0000
0000
0000
0000
0000
00c0
ad00
0000
0d70
0000
0000
0000
00fd
0300
0000
bf06
0000
0000
0000
02f0
0000
20df
0000
0000
0000
0000
0110
0000
f92d
0000
0000
0000
0000
0080
0000
0000
0000
0000
0000
0000
fb03
0000
00f2
0000
20be
0000
0000
0000
0000
0200
0000
00b0
0000
0000
0000
909e
0000
0000
0000
0000
0000
0000
f00f
0000
00f0
0000
0000
0000
0000
0000
0000
0000
0000
0000
0000
0000
0000
0000
0000
0000
0000
0000
0000
0000
0000
8800
0000
0000
0000
f209
0000
0000
0d00
0000
0000
0000
10fc
0000
0000
0000
0000
0000
0000
8800
0000
0f00
0000
0000
0000
0000
0000
a06f
0000
0000
0000
0000
0000
0000
fa06
0000
00fa
0000
0000
0000
0000
0ff9
0000
f00f
0000
0000
0000
0040
747f
0000
0080
0000
0000
0000
0090
f10f
0000
10fd
0000
0000
0000
af88
0000
0000
0000
0000
0000
0000
bfc9
0000
ec16
0a00
0000
0000
0000
c9cf
0000
bec9
0000
0000
0000
0000
0000
0000
0000
0000
0000
0000
0000
0000
0000
0000
0000
00f9
0000
0000
0000
0000
0800
0071
0000
0000
0000
0000
0000
0000
0000
0000
0000
0000
0000
0000
0000
c6ff
0000
0000
0000
0000
0000
0000
4400
0000
0000
0000
df6b
0070
0570
f20d
bf51
0300
0000
fb05
0000
bf00
0500
6f00
0000
0000
ffff
0000
ffff
0000
fdff
0000
0000
0200
00fd
00f0
0000
fe9d
0000
0000
0000
cf00
ff00
b05f
ffff
0000
0000
0000
0000
0000
0000
ff00
0000
0000
0000
0000
0000
0000
0000
0000
0000
0000
00f9
0000
0000
0000
0000
0000
0000
ff00
f00f
00ff
00f0
0000
0000
0000
0000
0000
ff00
0000
0000
0000
0000
0000
ff00
0400
00d1
0000
0000
0000
0000
fc04
0000
0500
0000
0000
0000
0000
00ff
0000
8888
0000
0000
0000
0000
ff00
805f
00ff
0000
0000
0000
0000
0000
0ffb
ff00
0000
0000
0000
0060
0000
0000
0000
0000
0000
0000
00ff
00d0
0000
0000
0000
0000
0000
df01
e01f
00f1
0010
0000
0000
0000
0000
fc04
ff00
00ff
0000
0000
0000
0000
0000
0000
a09f
0000
0000
0000
0080
ff00
0000
00ff
0000
0000
0000
00ff
00f0
0000
0020
0000
0000
0000
af00
bf00
0000
2f00
0000
0000
0000
ff06
0590
9f00
0900
0000
0000
0000
0020
0000
80ff
0000
0000
0000
0000
00fd
0000
ff09
0000
0000
0000
0000
8808
0000
bf00
0000
0000
0000
0000
0f00
0000
f00f
0000
00f0
0000
0000
0000
0000
0000
0000
0000
0000
0000
0000
00f0
0000
0000
0000
0000
0000
0000
0cf8
0000
0000
0000
0000
0000
0000
0000
0000
0000
0000
0000
0000
0000
0000
0000
0000
0000
0000
0000
0000
0000
ff00
0e00
30df
0000
0000
00f0
0000
0500
0000
20ea
0000
0000
0000
0000
00f5
0000
eacf
0000
0000
0000
00ff
f50b
0000
ee2a
0000
0000
0000
0000
0b00
0000
0600
0000
0000
0000
00f0
0000
0000
0000
0000
0000
0000
0000
0000
0000
0000
e3bf
0000
0000
f00f
0000
00f0
0000
0000
0000
0000
0000
0000
ff00
0000
0000
0000
00f0
0000
0000
0000
0000
ef4a
0000
00f0
0000
fd06
0000
e25f
0000
0000
ff00
0000
00ff
0000
0000
0000
0000
0000
0000
f50f
0000
00f0
0000
0000
0000
0000
0f00
00ff
f00f
0000
0000
0000
0000
0000
1f00
0000
0000
0000
0000
0000
0000
0000
0000
0000
0000
0000
0000
0000
00f1
0000
0000
0000
0000
0000
0000
f00f
0000
0000
0000
0000
0000
f4bf
0000
00fd
0000
0000
0000
0000
80f8
0000
0000
0000
0000
0000
0000
00f0
0000
0800
0000
0000
0000
0000
f10e
0000
fe05
0000
0000
0000
0000
1f00
309f
1f00
0000
0000
0000
0000
0000
00e1
0000
0000
0000
0000
0000
0000
8f10
0000
0000
0000
0000
0000
0000
6f00
0000
0000
0000
0000
0000
0000
ee09
0000
f20d
0000
0000
0000
0000
0f00
0000
f00f
0000
0000
0000
00f0
0000
0000
0000
0000
0000
0000
0000
0070
0000
0000
0000
0000
0000
0000
0000
0000
0000
0000
0000
0000
0000
0000
0000
0000
a00f
a00f
3004
0000
0000
7a0f
0000
0000
0000
0000
0300
2f00
e700
0000
0000
f905
3b00
f40a
0000
0000
000f
0000
0600
0000
0000
ea00
fa04
fb06
0000
0000
500f
0000
0000
0000
0100
f306
a00f
f405
0000
0095
ae00
0f00
9e00
0095
0000
0000
af00
0000
0000
0000
0000
ff0f
0000
0000
0000
0000
0000
a00f
0000
0000
0000
ff0f
0000
0000
0000
0000
0000
3004
0000
0000
0000
5f00
700d
0000
0000
e10b
a00f
fb03
0000
0000
0000
0000
0000
0000
0000
d00c
0000
f80a
0000
0000
c00e
0200
fb06
0000
0000
0000
db00
0000
0000
0000
f405
5004
fa07
0000
0000
f208
b00f
ed02
0000
0000
0000
0000
0900
0000
0000
f209
eb03
fc06
0000
0000
e10b
f806
8500
0000
0000
0000
0000
3004
0000
0000
0000
0000
a00f
0000
0000
0000
df06
0000
0000
0000
0000
1101
0000
0000
0000
0000
1700
930f
0000
0000
b00d
0100
0300
0000
0000
6e00
100e
7009
0000
0000
0300
af00
902f
0000
0000
a00f
b30f
b40f
0000
0000
f607
a00f
be00
0000
0000
a00f
a00f
b40f
0000
0000
a00f
b30f
b40f
0000
0000
a00f
ff0f
a00f
0000
0000
f507
a00f
bf00
0000
0000
a00f
ff0f
a00f
0000
0000
fa00
fa00
fa00
0000
0000
0000
0000
f807
0000
0000
a00f
b30f
a00f
0000
0000
a00f
a00f
b40f
0000
0000
ff0f
a00f
a00f
0000
0000
ff0f
a00f
a00f
0000
0000
f606
a00f
bf00
0000
0000
a00f
ff0f
a00f
0000
0000
f606
a00f
bf00
0000
0000
a00f
ff0f
a00f
0000
0000
f308
0100
fd04
0000
0000
0000
0000
0000
0000
0000
a00f
a00f
ed03
0000
0000
d00d
6f00
0000
0000
0000
a01f
f802
2f00
0000
0000
be00
0000
f707
0000
0000
ce00
0000
0000
0000
0000
0000
0300
e50c
0000
ff0f
a00f
a00f
a00f
3303
0000
d00b
2f00
0000
0000
fa8f
fa00
fa00
fa00
3223
0000
fa01
0000
0000
0000
0000
0000
0000
0000
0000
0000
0000
0000
0000
0000
0000
0000
0000
e50c
0000
0000
a00f
a00f
ea0f
0000
0000
0000
b00e
ec02
0000
0000
0000
c00d
fc04
0000
0000
0000
ff0e
ee02
0000
0000
af00
af00
af00
0000
0000
0000
c00d
fc04
8d00
0000
a00f
a00f
a00f
0000
0000
0000
a00f
a00f
0000
0000
0000
fa00
fa00
80ee
0000
a00f
a20f
a00f
0000
0000
a00f
a00f
a00f
0000
0000
0000
a00f
a00f
0000
0000
0000
a00f
a00f
0000
0000
0000
b00e
ed02
0000
0000
0000
a00f
f90f
a00f
0000
0000
c00d
fc04
0000
0000
0000
a00f
a00f
0000
0000
0000
fa05
f808
0000
0000
af00
af00
7f00
0000
0000
0000
a00f
f708
0000
0000
0000
f405
0c00
0000
0000
0000
e009
7f00
0000
0000
0000
4f00
f30a
0000
0000
0000
f406
0c00
d51f
0000
0000
0000
f70b
0000
0000
fa00
908f
fa00
0100
0000
a00f
a00f
a00f
0000
0032
f900
1c00
fa00
0044
0000
0000
940b
0000
0000
0000
0000
0000
0000
0000
0000
0000
0000
0000
0000
0000
0000
0010
0000
0000
0000
0000
ffff
0000
00f2
0600
00e0
0000
0000
a203
0000
30ec
0100
00e6
0000
0000
0000
0000
0000
3f00
0000
0000
0000
005f
0000
0000
1800
0000
0000
0000
f104
0000
0000
0000
0000
0000
0000
2022
0000
0000
0000
0000
0000
0000
00b0
0000
00e8
4f00
0070
0000
0000
f104
0000
10ea
0000
0020
0000
0000
0500
0000
f10a
0000
00f1
0000
0000
0400
0000
20ec
4f00
0080
0000
0000
501f
0000
10e9
0200
00a0
0000
0000
1501
0000
0000
0000
0000
0000
0000
0000
0000
0000
0000
0070
0000
0000
ffff
0000
0000
0600
0000
0000
0000
103f
0000
fe9d
2f00
755d
0000
0000
ffff
0000
10e9
4f00
00da
0000
0000
0030
0000
20ea
4f00
00e2
0000
0000
0010
0000
f0ff
4f00
0000
0000
0000
1230
0000
4f00
4f00
104f
0000
0000
00f1
0000
f104
0000
0090
0000
0000
db11
0000
0000
4f00
0020
0000
10ff
e113
0000
4f00
4f00
10ff
0000
00a0
0030
0000
70fd
4f00
0000
0000
00a0
0030
0000
81fd
4f00
204f
0000
0000
0000
0000
ffff
0000
0010
0000
0010
0020
0000
0e00
0100
0000
0000
f402
c0fb
0000
8f00
0000
00e9
0000
0000
f104
0000
ffff
0000
0022
0000
0000
0010
0000
0000
0000
0000
0000
0000
00f1
0000
0000
4600
0000
0000
0000
0000
0000
0000
0000
0000
0000
0000
26b4
0000
0000
4f00
0080
0000
0000
0020
0000
f104
1f00
00f1
0000
0000
2242
0000
00f8
0400
0000
0000
0000
0420
0000
0000
4f00
00f1
0000
0000
0010
0000
0000
0400
0000
0000
0000
903d
0000
0000
4f00
0000
0000
0000
4f10
0000
0000
4f00
00f1
0000
0000
0520
0000
0000
4f00
0080
0000
0000
0420
0000
0000
4f00
0000
0000
0000
e949
0000
0000
0400
0000
0000
0000
0410
0000
0000
0c00
0000
0000
0000
91b9
0000
0000
0200
0000
0000
0000
f4f3
0000
0000
0000
0020
0000
0000
00b0
0000
0000
4f00
0000
0000
0000
20da
0000
0000
0200
0000
0000
0000
0000
0000
0000
0000
0000
0000
0000
000e
000e
000e
000e
0000
c039
0000
0000
0000
0000
8301
0e07
381c
0000
c000
c770
ff00
de1e
0000
0000
7160
1c00
c001
0000
f001
f803
0f38
0000
0000
0038
0000
0000
0000
0000
000e
0038
001c
0003
0000
000e
0007
000c
0000
e076
0000
0000
0000
0000
0000
e000
e000
0000
0000
0000
0000
001c
0000
0000
0000
807f
0000
0000
0000
0000
0000
0000
0000
0003
000c
0060
0000
0000
0e38
0770
fc1f
0000
0000
e000
e000
e000
0000
f80f
0e00
003c
0000
0000
1c1c
f801
0e38
0000
0000
f801
3838
3800
0000
0000
0038
0700
c007
0000
f807
e071
0730
0000
0000
0700
e000
0007
0000
0000
0e38
1e3c
fc1f
0000
0000
0770
e707
c007
0000
0000
000e
0000
0000
0000
0000
0000
0000
000c
0000
0000
e007
1f00
0000
0000
0000
0000
0000
0000
0000
0078
3f00
0000
0000
071c
3800
0000
0000
0000
000f
f070
1f3c
0000
7800
cf03
ff0f
0078
0000
ff1f
071c
001c
0000
0000
000f
0038
000f
0000
0000
001c
001c
ff1f
0000
ff1f
001c
001c
ff1f
0000
ff1f
001c
001c
0000
0000
001f
0770
001e
0000
0000
001c
001c
001c
0000
001c
001c
001c
001c
0000
1c00
1c00
1c70
0000
0000
071c
f81f
011c
0000
0000
001c
001c
ff1f
0000
001e
c01d
711c
0e1c
0000
003e
f038
0738
0000
0000
001f
0070
001f
0000
0000
001c
ff1f
001c
0000
7f00
0078
0078
7f00
0000
ff1f
001c
001c
0000
0000
011c
ff03
003c
0000
0000
e000
e000
e000
0000
001c
001c
001c
7e00
0000
0078
030e
dc01
0000
0000
0738
180e
e003
0000
0000
8707
fc00
003c
0000
00f0
8f07
7000
7000
0000
ff3f
7800
001e
0000
0000
0038
0038
0038
0038
0000
0030
000c
0003
0000
007e
000e
000e
000e
0000
8007
3030
0000
0000
0000
0000
0000
0000
0000
0000
0000
0000
0000
0000
0000
fc1f
0e3f
c71f
0000
0038
0f3e
0338
0000
0000
0000
0e38
0e38
0000
0000
0700
0770
ff3f
0000
0000
fc07
ff3f
f001
0000
001e
001c
001c
0000
0000
0000
0f78
1f38
0e78
0000
0038
0738
0738
0000
0038
0038
0038
0038
0000
0038
0038
0038
0038
0000
0070
8077
7870
0000
0000
0038
0038
0038
0000
0000
fc3b
0e38
0e38
0000
0000
0f3e
0738
0000
0000
0000
0f78
0e38
0000
0000
0000
0338
fe3f
0038
0000
f70f
0770
e707
0000
0000
003f
0038
0000
0000
0000
0038
0e38
0000
0000
001c
001c
001e
0000
0000
0738
0738
c707
0000
0000
1c70
e00e
0000
0000
0000
ee38
830d
0000
0000
0000
c007
3838
0000
0000
0e70
701e
8003
0000
0000
3c00
000e
0000
0000
000c
001c
000c
000c
0000
0018
0018
0018
0018
0078
000c
8003
000c
0000
0000
0006
0000
0000
0000
0000
0000
0000
0000
0000
0000
0000
0000
0000
0000
0000
0000
0000
0060
0000
1f00
0070
0000
6100
308c
0000
0300
0080
0030
0000
0000
000c
3000
0000
0018
1800
0000
0000
0000
0000
f87f
0000
0000
0000
0000
0000
0000
0000
0000
0000
0c00
0000
0000
7000
00e0
0000
0300
0000
000f
0e00
0000
6060
6000
0000
c00c
0000
0000
6000
0000
00e0
3060
0000
00c0
001c
0000
0080
0000
0f00
00b0
0000
0000
0000
0000
3000
0000
0000
1e00
0000
0000
3f00
0000
0000
7800
0000
8003
0000
c03f
8131
00c0
0060
0630
0000
0006
fc3f
0000
0000
0000
3000
8001
0000
3000
0000
0000
3f00
0000
f003
6080
0000
0330
3000
0000
0018
1800
0000
6000
0000
000e
3018
0000
0000
0030
0000
6003
7030
3800
00e3
0000
3800
8003
0000
3000
0000
0000
6080
0000
fc3f
3000
0000
0c30
3000
0000
8001
0100
0000
0330
0000
0007
7007
0000
30cc
0307
0000
00c0
0000
7000
00c0
0000
0000
0000
0000
3000
0000
0000
1800
0000
0018
1800
0000
c030
0000
0000
0000
0000
0000
0000
0000
0000
6060
0000
00e0
e037
0000
0000
0000
0000
0030
0000
0700
0030
0000
1800
0000
0000
6000
0060
0030
3000
0000
0030
3000
0000
0030
3000
0000
8033
0000
0000
0030
0000
c0f1
6030
0000
0030
0000
0000
0030
0000
3700
0070
0000
7000
0030
0000
3000
0000
0000
6000
0000
0018
0e00
0000
3030
0000
0000
800d
0000
c0c0
1c0e
0000
0080
0000
0000
00c0
003c
0000
0000
0000
1800
0000
0000
2000
0000
0018
0c00
0000
0000
0000
0000
0000
0000
0000
0000
3000
0000
00d8
0000
0000
80ff
0000
00c0
0000
0300
0000
6063
0000
0000
0000
c000
0000
0018
4000
0000
0000
0c00
0000
0000
2000
0000
0000
0000
0000
0018
c000
0000
003f
0600
0000
0000
6000
0000
8061
0000
0080
0000
0100
0000
8061
0000
0000
0000
3f00
0000
8061
0000
0000
0000
6000
0000
0000
0000
0000
0000
0000
0000
0063
1800
00fe
b833
0600
0060
807f
6000
0000
1830
0000
0018
0000
3000
0000
0030
0000
007c
0000
7f00
0000
0030
0000
0000
0000
3700
0000
0060
0000
000e
0000
7800
0030
3838
0700
00e0
0030
1f00
0078
c07f
6000
0000
6060
0000
0000
0000
6000
0000
8019
0000
0033
0000
0700
0000
8019
0000
0000
0000
c000
0000
0060
0000
0000
0030
3600
0000
0000
0000
0000
0000
0000
0080
0060
7100
0000
0060
0000
00c0
0000
6000
0000
0030
0000
00c0
0000
6100
0000
0060
0000
0000
00e0
6600
0000
0060
0000
0000
0000
0000
0080
0000
1f00
0000
807f
0000
00c0
0000
6000
0000
0003
0000
0000
0000
6100
0000
0033
0000
0030
0000
1e00
0000
8061
3800
0000
0000
6000
0000
0060
6000
0000
0030
0000
0000
0000
0000
0000
0020
0000
0000
00fe
0028
4070
0000
0000
0000
0040
0040
0000
0000
0008
0000
0000
0000
0000
0040
0041
0004
0000
0000
0041
0024
001f
0000
0000
0010
0022
001c
0000
0000
0000
0006
0000
0000
0000
0008
2426
000c
0000
0000
0020
2040
807f
0000
0000
2020
4040
0040
0000
0000
0042
0040
1040
0000
0000
2020
8020
0007
0000
0000
4040
0008
4040
0000
0000
5014
0012
4040
0000
0000
0040
0040
00e0
0000
0000
0000
0000
0000
0000
0000
0040
0023
0000
0000
0000
0041
0061
0040
0000
0040
0090
0040
0000
0000
0000
0041
0062
0000
0000
0000
0006
0020
0000
0000
0000
802a
0044
0000
0000
0000
0020
0040
0040
0000
0000
0000
0000
0020
0000
0014
0092
8070
0000
0000
0000
0010
0020
0000
0000
0040
0000
0000
0040
0042
0008
0002
0042
0006
007e
0000
0000
0000
0000
0000
0000
0040
0000
0000
0018
0008
9048
0022
0041
8020
0043
007f
0000
0000
0000
0000
0000
0000
8040
0020
208a
8042
4040
007e
4040
8040
0041
0008
8040
0000
0000
0000
0000
0000
0000
0040
0010
0020
0000
0000
0000
0066
005c
0000
0002
0000
0000
0000
0000
0000
0000
0040
0042
0040
4044
0042
0042
0042
0066
0058
0000
0040
0000
0000
0000
0000
0000
0030
0000
0020
0040
0020
004c
0000
0000
0000
0000
00a8
0010
0032
0000
0040
0000
0020
0080
0000
0040
0088
0000
0000
0030
0008
0070
0000
0070
0000
0000
0000
0000
0008
80a4
0000
0000
0044
0040
0040
0000
0040
0010
0044
0000
0000
0042
0040
0001
0000
0020
0042
0010
0000
0082
0010
0040
0000
0000
0000
0000
0000
0000
0008
00f0
0040
0000
0080
0080
0090
0000
0000
0070
0088
0008
0000
0040
0090
0020
0000
0000
0010
0040
0040
0000
0000
0000
0000
0000
0000
0000
0000
0000
0000
0200
0000
7c00
0000
0000
0000
0000
0000
0000
0000
0000
3000
0000
0000
0000
0000
0000
0000
0000
0000
0000
0000
0000
0000
0000
0000
0000
0000
0000
0000
0000
0000
0000
0000
0000
0000
0000
0000
0000
0000
0000
0000
0000
0000
0000
0000
0000
0000
0000
0000
0000
0000
0000
0000
0000
0000
0000
1000
6000
0000
0000
0000
6000
6c38
0000
1000
6000
6000
c600
1800
0000
0e00
0c00
1800
dc76
3800
0000
c000
0000
0000
aa55
1818
1818
0000
3636
0000
3636
0000
1818
1818
1818
3636
0000
0000
0000
1818
0000
3636
0000
3636
1818
ffff
f0f0
ffff
0000
0000
0000
0000
0000
0000
0000
0000
0000
0000
1818
0000
0000
0f00
7000
0000
ff7e
1010
c3ff
637f
3c18
0000
1800
1800
6c6c
6c38
6600
0000
cc78
6038
3000
3060
66fc
62fe
0c1e
e6c6
66fc
cccc
c6fe
3810
60e0
6c38
000c
0000
0000
0000
0000
dc76
001c
3030
00e0
38c6
6c3e
cc78
00cc
ccf8
1c00
6c3c
0000
3300
77db
3636
3636
1818
0000
1818
3636
3636
0000
0000
0000
0f0f
fc00
6600
6c38
6038
3060
3030
0000
0000