41b4
8000
668c
8001
628f
8002
628f
6127
6110
6b1d
619c
6110
6127
6110
6b1d
608c
8000
678f
6110
619d
6111
619d
6103
618f
6127
6127
4014
6b1d
6b1d
4007
6127
4007
6b1d
608c
401d
0016
6127
608c
6127
6111
6b1d
619c
6703
668c
4010
668c
8000
688f
402e
668c
8000
6110
688f
6803
668c
4033
668c
6110
6f8f
6a00
668c
403b
628f
6011
402e
2043
003b
608c
4014
6803
2049
6103
004a
608f
608c
4014
4033
0046
6011
628f
8001
698f
6a00
8000
678c
4001
6110
6033
618f
8000
6110
6033
618f
8000
6c00
638f
85dc
4052
2061
618f
4060
4052
2064
618f
812c
0064
8001
6033
618f
6011
8100
6403
406a
406a
0060
608c
8000
006a
006d
80ff
6303
8400
6403
006d
8080
0076
80c0
0076
80cb
0076
8001
4076
0068
4074
8038
4076
800c
4076
8006
4076
4082
0068
407c
8046
4077
8054
4077
8038
4077
8031
4077
8058
4077
407e
8031
4077
802e
4077
8030
4077
802e
4077
8035
0077
8020
0077
800f
6303
6011
800a
6803
20ae
8030
00af
8037
6203
0077
6011
8004
6903
40a6
00a6
6011
8008
6903
40b1
00b1
40b6
00a4
8008
6033
618f
8004
405d
4050
0050
8007
0059
8007
0055
85a0
6a00
6011
4010
20c9
618f
8001
40bd
40c8
40c6
40c8
8000
40bd
40c8
00c4
8000
40bd
40c8
40c6
40c8
8001
40bd
00c8
8001
40bd
40c8
40c6
40c8
40c0
00c4
402c
40bd
40c8
40c6
40c8
00c4
6011
8080
6303
40e6
404e
6011
8080
6303
40e6
404e
6011
8080
6303
40e6
404e
6011
8080
6303
40e6
404e
6011
8080
6303
40e6
404e
6011
8080
6303
40e6
404e
6011
8080
6303
40e6
404e
6011
8080
6303
40e6
404e
6103
00df
8000
404e
40df
6203
404e
40df
6203
404e
40df
6203
404e
40df
6203
404e
40df
6203
404e
40df
6203
404e
40df
6203
404e
40df
6203
6110
00e6
618f
40ce
8098
40ec
4131
40ec
0131
4132
40ec
4131
00d7
4132
40ce
8099
40ec
4131
8001
4116
00d7
803d
8004
4138
8000
8004
4138
8010
8061
4138
8000
8061
4138
8000
80c0
4138
8000
80c1
4138
8003
80c6
0138
8004
4059
8010
6127
6011
402e
8003
6033
6103
8002
4055
8002
4059
404e
6b1d
4052
215c
4016
8004
0055
8002
4059
8004
4055
8003
4059
8005
4055
9001
6600
4159
9000
6600
0159
8003
6033
6103
8002
4055
404e
8001
405d
6203
8002
0059
8004
4059
8000
8001
417b
8001
417b
8000
417b
8001
417b
8000
417b
8000
417b
8000
417b
8000
417b
8000
417b
8000
417b
8000
417b
8000
417b
8004
0055
8005
4059
6000
6000
6000
6000
6000
6000
8005
4055
8002
405d
21ad
4186
8006
6033
618f
4085
408e
8000
4055
4144
416d
80aa
6600
f530
41a3
4052
21bd
6103
6011
8000
6033
6103
80ff
6503
01bc
608c
0000
0000
0000
0000
0000
0000
0000
0000
0000
0000
0000
0000
0000
0000
0000
0000
0000
0000
0000
0000
0000
0000
0000
0000
0000
0000
0000
0000
0000
0000
0000
0000
0000
0000
0000
0000
0000
0000
0000
0000
0000
0000
0000
0000
0000
0000
0000
0000
0000
0000
0000
0000
0000
0000
0000
0000
0000
0000
0000
0000
0000
0000
0000
0000
0000
0000
0000
0000
0000
0000
0000
0000
0000
0000
0000
0000
0000
0000
0000
0000
0000
0000
0000
0000
0000
0000
0000
0000
0000
0000
0000
0000
0000
0000
0000
0000
0000
0000
0000
0000
0000
0000
0000
0000
0000
0000
0000
0000
0000
0000
0000
0000
0000
0000
0000
0000
0000
0000
0000
0000
0000
0000
0000
0000
0000
0000
0000
0000
0000
0000
0000
0000
0000
0000
0000
0000
0000
0000
0000
0000
0000
0000
0000
0000
0000
0000
0000
0000
0000
0000
0000
0000
0000
0000
0000
0000
0000
0000
0000
0000
0000
0000
0000
0000
0000
0000
0000
0000
0000
0000
0000
0000
0000
0000
0000
0000
0000
0000
0000
0000
0000
0000
0000
0000
0000
0000
0000
0000
0000
0000
0000
0000
0000
0000
0000
0000
0000
0000
0000
0000
0000
0000
0000
0000
0000
0000
0000
0000
0000
0000
0000
0000
0000
0000
0000
0000
0000
0000
0000
0000
0000
0000
0000
0000
0000
0000
0000
0000
0000
0000
0000
0000
0000
0000
0000
0000
0000
0000
0000
0000
0000
0000
0000
0000
0000
0000
0000
0000
0000
0000
0000
0000
0000
0000
0000
0000
0000
0000
0000
0000
0000
0000
0000
0000
0000
0000
0000
0000
0000
0000
0000
0000
0000
0000
0000
0000
0000
0000
0000
0000
0000
0000
0000
0000
0000
0000
0000
0000
0000
0000
0000
0000
0000
0000
0000
0000
0000
0000
0000
0000
0000
0000
0000
0000
0000
0000
0000
0000
0000
0000
0000
0000
0000
0000
0000
0000
0000
0000
0000
0000
0000
0000
0000
0000
0000
0000
0000
0000
0000
0000
0000
0000
0000
0000
0000
0000
0000
0000
0000
0000
0000
0000
0000
0000
0000
0000
0000
0000
0000
0000
0000
0000
0000
0000
0000
0000
0000
0000
0000
0000
0000
0000
0000
0000
0000
0000
0000
0000
0000
0000
0000
0000
0000
0000
0000
0000
0000
0000
0000
0000
0000
0000
0000
0000
0000
0000
0000
0000
0000
0000
0000
0000
0000
0000
0000
0000
0000
0000
0000
0000
0000
0000
0000
0000
0000
0000
0000
0000
0000
0000
0000
0000
0000
0000
0000
0000
0000
0000
0000
0000
0000
0000
0000
0000
0000
0000
0000
0000
0000
0000
0000
0000
0000
0000
0000
0000
0000
0000
0000
0000
0000
0000
0000
0000
0000
0000
0000
0000
0000
0000
0000
0000
0000
0000
0000
0000
0000
0000
0000
0000
0000
0000
0000
0000
0000
0000
0000
0000
0000
0000
0000
0000
0000
0000
0000
0000
0000
0000
0000
0000
0000
0000
0000
0000
0000
0000
0000
0000
0000
0000
0000
0000
0000
0000
0000
0000
0000
0000
0000
0000
0000
0000
0000
0000
0000
0000
0000
0000
0000
0000
0000
0000
0000
0000
0000
0000
0000
0000
0000
0000
0000
0000
0000
0000
0000
0000
0000
0000
0000
0000
0000
0000
0000
0000
0000
0000
0000
0000
0000
0000
0000
0000
0000
0000
0000
0000
0000
0000
0000
0000
0000
0000
0000
0000
0000
0000
0000
0000
0000
0000
0000
0000
0000
0000
0000
0000
0000