3232
0000
181a
0000
0000
0000
0000
1413
3433
5453
7473
9493
b4b3
d4d3
f4f3
ffff
ffff
ffff
ffff
0708
0000
0100
0400
8272
5655
9594
cac9
0200
2213
2827
6a69
a7a6
e3e2
4dfe
0013
001c
25d2
004a
0258
0808
0808
0808
0808
0808
0808
0808
0808
0001
0808
0808
0808
0808
e7fc
0808
0808
0808
0808
0000
0404
0308
0206
000a
0000
0808
0a09
0704
0000
0505
0b11
0906
0001
0000
0605
100b
1004
0016
0000
0d0d
1011
0d0c
0000
1d12
1618
1212
0004
0000
0808
0a09
0808
181c
0000
0909
0507
0604
0000
0807
060f
060b
0012
0000
0e0e
110f
0e09
0000
0908
141c
110a
0002
0000
1209
2316
240a
0031
0000
0000
0000
0000
0000
0000
0000
0000
0000
0000
0000
0000
0000
0000
0000
0000
0203
0506
0a0c
0c0f
0d11
0e13
0f14
1016
1016
1117
1118
1218
1319
1319
131a
131a
131a
131a
141b
141b
141b
141b
141b
151c
151c
151c
151d
151c
151d
161d
161d
161d
161d
161d
161d
161d
161d
161e
161e
161e
161d
161e
161e
161e
161e
161e
161e
171f
171f
171f
171f
161e
161e
171f
171f
171f
171f
171f
171f
171f
171f
171f
171f
0000
0000
0000
0000
0000
0000
0000
0000
0000
0000
0000
0000
0000
0000
0000
0000
0000
0000
0000
0000
0000
0000
0000
0000
0000
0000
0000
0000
0000
0000
0000
0000
0000
0000
0000
0000
0000
0000
0000
0000
0000
0000
0000
0000
0000
0000
0000
0000
0000
0000
0000
0000
0000
0000
0f00
0000
0000
0000
f1ff
0000
0000
0000
0000
0000
0000
0000
0000
f1ff
0000
0000
0000
0000
0000
0000
0000
0000
0000
0000
0000
0000
ff0f
0f00
0000
0000
0000
00f3
0000
0000
0000
0000
0000
0000
0000
0000
0000
0000
0000
0000
0000
0000
0000
0000
0000
0000
0000
0000
0000
ef00
0000
0000
0010
0000
ffff
0000
0000
50ff
00fe
ff0f
0000
0000
ff04
ff0a
0000
0000
0000
0000
0000
0000
0000
0000
0000
0000
0000
0000
ff6c
0000
0000
00f8
0000
ffdf
0000
0000
0030
af03
0000
0000
00fe
0000
fcff
0000
0000
00a4
0f00
0000
0000
0000
0000
0000
0000
0000
0000
0000
0000
0000
1004
00ff
00f1
0000
0000
90ff
0000
0000
0000
0070
00a0
0000
0000
ff6f
cf01
0000
0000
0000
0000
0000
0000
0000
0000
0000
0000
0000
0000
0000
bf00
ffff
0000
0000
0020
ffff
0000
0000
fbff
ff2d
00f2
0000
0000
deff
ffce
0000
0000
0000
0000
0000
0000
0000
0000
0000
0000
0000
0000
0000
c0ff
0000
0000
0000
0000
0000
0000
0000
0000
0000
0000
0000
0000
0000
0000
0000
0000
0000
0000
0000
0000
0000
0000
0000
0000
0000
0000
ef01
0000
0000
0000
0000
0b00
0000
0000
0000
f2ff
0000
0000
0000
0020
0000
0000
0000
0000
0000
0000
0000
0000
0000
1059
0000
0000
0000
f9ff
0000
0000
0000
40ff
0000
0000
0000
0000
1f00
0000
0000
0000
10fe
0000
0000
0000
0000
00fa
0000
0000
0000
0000
0000
0000
0000
0000
0000
0000
0000
0000
f0ff
1f00
0000
0000
00a0
ff8f
0000
0000
0000
0000
0000
0000
0000
0000
0000
0000
0000
0000
0000
0000
0000
0000
0000
0000
0000
0000
0000
ff00
0000
0000
0000
ffff
3333
0000
0000
0000
ff00
0000
0000
0000
0000
0000
0000
0000
0000
0000
0000
0000
0000
0000
0000
0000
0000
0000
0000
0000
0000
0000
0000
0000
0000
0000
0000
0000
ff00
0000
0000
0000
00e1
0000
0000
0000
0000
0000
0000
0000
0000
0000
0000
0000
0000
0000
0000
0000
0000
0000
3333
0000
0000
0000
0000
0000
0000
0000
0000
0000
0000
0000
0000
0000
0000
0000
0000
0000
0000
0000
0000
0000
0000
0000
0000
0000
0000
0000
0000
0000
0000
0000
0000
0000
0000
0000
0000
0000
0000
0000
0000
0000
0000
0000
0000
0000
0000
0000
0000
0d00
0000
0000
0000
0000
0500
0000
0000
0000
0070
0000
0000
0000
0000
00f2
0000
0000
0000
0000
0000
0000
0000
0000
0000
0000
0000
00a1
54e9
1e00
0000
00d0
0000
10ff
0000
0000
ff1f
0000
df00
0000
0010
ef59
af01
0000
0000
0000
0000
0000
0000
0000
0000
0000
0000
0000
0000
ffff
0000
0000
0000
10ff
0000
0000
0000
0000
ff00
0000
0000
0000
10ff
0000
0000
0000
0000
0000
0000
0000
0000
0000
0000
0000
0000
0000
ffff
0000
0000
00d0
0000
0000
0000
0000
00f9
0900
0000
0000
0000
0000
ffff
0000
0000
0000
0000
0000
0000
0000
0000
0000
0000
0000
0000
de6a
0000
0000
00c0
0000
0000
0000
0000
a1ff
0000
0000
0000
00fe
0000
ffdf
0000
0000
0000
0000
0000
0000
0000
0000
0000
0000
0000
0000
0000
0000
0000
0000
fff9
0000
0000
0000
00ff
0010
1e00
0000
00ff
ffff
0000
0000
0000
00ff
0000
0000
0000
0000
0000
0000
0000
0000
0000
0000
0000
0000
0000
0000
ff8f
0000
0000
80ff
0020
0000
0000
00f0
0000
f5ff
0000
0000
00d5
0000
0000
0000
0000
0000
0000
0000
0000
0000
0000
0000
0000
0000
0000
feef
0000
0000
70ff
75fd
0f00
0000
00fe
0000
faff
0000
0000
e3ff
bd16
0000
0000
0000
0000
0000
0000
0000
0000
0000
0000
0000
00ff
3333
0000
0000
0000
0080
0700
0000
0000
0000
00c0
0000
0000
0000
0000
ffff
0000
0000
0000
0000
0000
0000
0000
0000
0000
0000
0000
0000
ffff
ffff
0000
0000
ff7f
31f9
0000
0000
0000
0000
10ff
0000
0000
feff
ffff
0000
0000
0000
0000
0000
0000
0000
0000
0000
0000
0000
0000
ffff
ffef
0000
0000
ff2f
0000
af00
0000
00f0
fbff
0000
0000
0000
fdff
4554
0000
0000
0000
0000
0000
0000
0000
0000
0000
0000
0000
0000
0000
0000
0000
0000
0000
0000
0000
0000
0000
0000
0000
0000
0000
0000
0000
0f00
0000
0000
0000
0000
0000
0000
0000
0000
0000
0000
0000
0000
0000
0000
0000
0000
0000
0f00
0000
0000
0000
0000
0000
0000
0000
0000
0f00
0000
0000
0000
00fa
0000
0000
0000
0000
0000
0000
0000
0000
0000
0000
0000
0000
0000
0000
0000
0000
50fc
ffff
0000
0000
0000
ff7e
0000
0000
0000
0000
0000
0000
0000
0000
0000
0000
0000
0000
0000
0000
0000
0000
0000
0000
0000
0000
0000
0000
0000
0000
0000
ffff
0000
0000
0000
0000
0000
0000
0000
0000
0000
0000
0000
0000
0000
0000
0000
0000
0000
0000
0000
0000
0000
0000
0000
bf05
0000
0000
ffff
ef28
0200
0000
0000
0000
0000
0000
0000
0000
0000
0000
0000
0000
0000
0000
0000
0000
0030
0000
ff0e
0000
0000
ff5f
0000
0000
0000
0000
f1ff
0000
0000
0000
0000
0f00
0000
0000
0000
0000
0000
0000
0000
0000
0000
0000
0010
ffff
ffef
0000
ff2e
0010
4e00
00fe
80ff
00f0
0000
4f00
ef00
0500
ff1e
faff
70ff
0000
0000
0000
fcef
0000
0000
0000
0000
0000
0000
0000
0000
4f00
0000
0000
0000
6f10
0700
0000
0000
ff1e
33f4
0000
0000
f6ff
0000
00fd
0000
0000
0000
0000
0000
0000
0000
0000
0000
0000
0000
0000
ffff
0f00
0000
d0ff
0000
f1ff
0000
0000
ffff
0000
0f00
0000
ff2f
0000
f4ff
0000
0000
0000
0000
0000
0000
0000
0000
0000
0000
0000
0000
ad16
0000
0000
f2ff
0000
60ff
0000
0000
0000
0000
ef00
0000
fdff
0000
ff9f
0000
0000
0000
0000
0000
0000
0000
0000
0000
0000
0000
0000
0000
0f00
0000
40ff
0000
f1ff
0000
00e0
0000
0000
0f00
0000
ff7f
0000
f1ff
0000
0000
0061
0000
0000
0000
0000
0000
0000
0000
0000
0000
0000
0f00
0000
0032
0000
f1ff
0000
0000
3233
ffff
0f00
0000
0000
0000
f1ff
0000
0000
ffff
0000
0000
0000
0000
0000
0000
0000
0000
0000
0000
0000
0000
00f8
0000
f1ff
0000
0000
0000
ffff
0f00
0000
0000
0000
f1ff
0000
0000
0000
0000
0000
0000
0000
0000
0000
0000
0000
0000
0000
0000
0000
0010
4754
ffff
0000
0000
0000
0000
ff00
0000
ffff
0000
90ff
0000
0010
ff8d
ffdf
0000
0000
0000
0000
0000
0000
0000
0000
0000
0000
0000
ff01
0000
f1ff
0000
00ff
0000
0000
0f00
0000
ff34
0000
f1ff
0000
00ff
0000
0000
0f00
0000
0000
0000
0000
0000
0000
0000
0000
0000
0000
0000
0000
ffff
0000
0000
0000
0010
0000
0000
0000
0000
ffff
0000
0000
0000
0010
0000
0000
0000
0000
0000
0000
0000
0000
0000
0000
0000
0000
0000
0000
0000
0000
ffff
0000
0000
0000
0010
0000
0000
0000
0000
fbff
0000
0100
0000
0000
0000
0000
0000
0000
0000
0000
0000
0000
0000
0000
f1ff
0000
0000
f8ff
0000
0f00
0000
0000
50ff
f1ff
0000
0000
fdff
0000
0f00
0000
ff8f
0000
0000
0000
0000
0000
0000
0000
0000
0000
0000
f1ff
0000
0000
0000
0000
0f00
0000
0000
0000
f1ff
0000
0000
0000
0000
0f00
0000
00f8
0000
0000
0000
0000
0000
0000
0000
0000
0000
0000
0000
0010
ef00
0000
c0ff
0f00
ffff
6f00
00f7
f1ff
0010
0000
0c20
0000
0f00
ffff
0010
0000
0000
0000
0000
0000
0000
0000
0000
0000
0000
0000
0000
00ff
0000
90ff
0f00
0000
ff01
f2ff
f1ff
0000
00ff
faff
0000
0f00
0000
ffff
0000
0000
0000
0000
0000
0000
0000
0000
0000
0000
0000
0000
0000
ffff
10f8
0a00
0000
ff06
0000
10ff
0000
00ff
0000
0000
2f00
0000
f6ff
ffff
0000
0000
0000
0000
0000
0000
0000
0000
0000
0000
0000
0000
fdff
3333
0f00
0000
ffff
0000
f1ff
0000
0000
50c9
0000
0f00
0000
0000
0000
f1ff
0000
0000
0000
0000
0000
0000
0000
0000
0000
0000
0000
20b7
ffff
0000
0000
ff2f
0000
20ff
0000
00ff
0000
0000
bf00
0000
ffbf
0000
8f00
0000
e3ff
0000
0000
0000
0000
0000
0000
0000
0000
0000
0000
ffff
0f00
0000
fcff
0000
f1ff
0000
0000
fcff
0000
0f00
0000
ffff
0000
f1ff
0000
00f3
0000
0000
0000
0000
0000
0000
0000
0000
0000
0000
9c05
0000
0000
f4ff
0000
ffdf
0000
0000
50fb
0100
0000
0000
ffff
0000
ffbf
0000
0000
0000
0000
0000
0000
0000
0000
0000
0000
0000
0000
0000
ff0f
0000
0000
f0ff
0000
0000
0000
0000
1f00
0000
0000
0000
f0ff
0000
0000
0000
0000
0000
0000
0000
0000
0000
0000
0000
0000
0000
0000
0f00
0000
ff0f
0000
f1ff
0000
00f1
0000
0000
0f00
0000
ff0f
0000
feff
0000
0000
fcff
0000
0000
0000
0000
0000
0000
0000
0000
0000
0000
0000
0000
ff2f
0000
f2ff
0000
0000
ff04
00f8
0000
0000
0000
6f00
0000
0000
0000
0000
0a00
0000
0000
0000
0000
0000
0000
0000
0000
0000
0000
0000
0070
0d00
50ff
00fd
0000
1ff3
0000
0000
faff
ff0e
90ff
ff01
0000
ffff
0000
feff
0000
0000
0000
0000
0000
0000
0000
0000
0000
0000
0000
ffef
0000
ff9f
0000
0000
f2ff
ff2f
0000
0000
0000
fff8
0900
0000
0000
ff02
0000
ff05
0000
0000
0000
0000
0000
0000
0000
0000
0000
0000
0000
0000
f2ff
0000
0000
ff7f
a0ff
0000
0000
0000
ffff
0000
0000
0000
0000
0f00
0000
0000
0000
0000
0000
0000
0000
0000
0000
0000
0000
0000
ffff
ffff
0000
0000
fcff
0000
0000
0000
0000
00fa
0300
0000
0000
0000
0000
ff00
0000
0000
0000
0000
0000
0000
0000
0000
0000
0000
0000
0000
f1ff
0000
0000
0000
0000
0f00
0000
0000
0000
f1ff
0000
0000
0000
0000
0f00
0000
0000
0000
f4ff
0000
0000
0000
0000
0000
0000
0000
0000
00c0
0000
0000
0000
0000
0000
0000
0000
0000
0e00
0000
0000
0000
ff05
0000
0000
0000
ffaf
0000
0000
0000
0000
0000
0000
0000
0000
0000
ff0f
0000
0000
0000
00f1
0000
0000
0000
0000
ff0f
0000
0000
0000
00f1
0000
0000
0000
0000
ff0f
0000
0000
0000
0000
0000
0000
0000
0000
0000
0000
0000
0000
ff9f
0000
0000
0000
f3ff
00f3
0000
0000
0000
0000
0000
0000
0000
0000
0000
0000
0000
0000
0000
0000
0000
0000
0000
0000
0000
0000
0000
0000
0000
0000
0000
0000
0000
0000
0000
0000
0000
0000
0000
0000
0000
3333
0000
0000
0000
0000
0000
0000
0000
0000
0000
0000
0000
0000
00fb
0000
0000
0000
0000
0000
0000
0000
0000
0000
0000
0000
0000
0000
0000
0000
0000
0000
0000
0000
0000
0000
0000
0000
0000
0000
0000
0000
0000
0000
0000
ffff
fcff
0000
0000
ffff
ffff
7f00
0000
0000
ef04
ffff
0000
0000
0000
0000
0000
0000
0000
0000
0000
0000
0000
0000
0000
0f00
0000
0000
ffff
ffff
0000
0000
ff06
0000
0f00
0000
00fa
0000
efff
0000
0000
0000
0000
0000
0000
0000
0000
0000
0000
0000
0000
0000
0000
0000
0000
83ec
ff1b
0000
0000
ffff
0000
ff00
0000
0000
0200
feff
0000
0000
0000
0000
0000
0000
0000
0000
0000
0000
0000
ff1f
0000
0000
0000
00f0
0000
bf02
0000
0000
ff1f
0000
ef00
0000
00f0
0000
f5ff
0000
0000
ff03
0000
0000
0000
0000
0000
0000
0000
0000
0000
0000
0000
0000
0000
0000
0200
0000
0000
f5ff
0000
df00
0000
0000
0000
e1ff
0000
0000
60fe
0000
0000
0000
0000
0000
0000
0000
0000
0000
de4a
0000
0000
0000
0000
ff1f
0000
0000
0000
00f0
0000
0000
0000
0000
ff1f
0000
0000
0000
00f0
0000
0000
0000
0000
0000
0000
0000
0000
0000
0000
0000
0000
0000
0000
0000
0000
ffff
0000
8f00
0000
00f0
0000
30ff
0000
0000
ffff
ffff
0000
0000
0070
df58
ff5d
0000
0000
0000
0000
0f00
0000
0000
0000
f1ff
0000
0000
f5ff
0070
0f00
0000
00f1
0000
f1ff
0000
0000
ff0f
0000
0f00
0000
0000
0000
0000
0000
0000
0000
0000
0000
0000
0000
0000
0000
0000
0000
0000
0000
0f00
0000
0000
0000
f1ff
0000
0000
0000
0000
0f00
0000
0000
0000
0000
0000
0000
0000
0000
0000
0000
0000
0000
0000
0000
0000
0000
00f1
0000
0000
0000
0000
ff0f
0000
0000
0000
00f1
0000
0000
0000
0000
ff9f
0000
0000
0000
0000
0000
0000
0000
0000
f1ff
0000
0000
0000
0000
0f00
0000
0000
50ff
ffff
0000
0000
0040
0000
0f00
0000
00d1
0000
0000
0000
0000
0000
0000
0000
0000
0000
0000
f1ff
0000
0000
0000
0000
0f00
0000
0000
0000
f1ff
0000
0000
0000
0000
0f00
0000
0000
0000
0000
0000
0000
0000
0000
0000
0000
0000
0000
0000
0000
0000
0000
0000
0f00
f3ff
00fa
0500
f1ff
00f1
0000
ffff
0000
0f00
ff0f
0010
0000
0000
0000
0000
0000
0000
0000
0000
0000
0000
0000
0000
0000
0000
0000
0f00
0000
0000
0000
f1ff
0000
0000
ff1f
0000
0f00
0000
00f0
0000
0000
0000
0000
0000
0000
0000
0000
0000
0000
0000
0000
0000
0000
0000
0000
0000
0000
0800
e1ff
0000
0000
ff01
0000
8f00
0000
0040
ffff
0100
0000
0000
0000
0000
0000
0000
0000
0000
0000
0000
0000
0000
0000
0000
0000
0000
cf46
f8ff
0000
0000
ff02
0000
0f00
0000
00f2
bf46
f1ff
0000
0000
0000
0000
0f00
0000
0000
0000
0000
0000
0000
0000
0000
0000
0000
00f0
ffff
ffff
0000
0000
ff1f
0000
ef00
0000
00f0
0600
ff4e
0000
0000
ff1f
0000
0000
0000
0000
0000
0000
0000
0000
0000
0000
0000
0000
0000
00fd
dcff
0000
0000
0000
0000
0f00
0000
0000
0000
f1ff
0000
0000
0000
0000
0000
0000
0000
0000
0000
0000
0000
0000
0000
0000
0000
0000
50da
ff6f
0000
0000
0000
74fc
0000
0000
0000
0100
e5ff
0000
0000
0000
0000
0000
0000
0000
0000
0000
0000
0000
0000
0000
0000
0000
0000
0000
ffff
0000
0000
0000
00f0
0000
0000
0000
0000
ff0f
0000
0000
0000
0000
0000
0000
0000
0000
0000
0000
0000
0000
0000
0000
0000
0000
0000
f1ff
0000
0000
ff0f
0000
0f00
0000
00f1
0000
f5ff
0000
0000
ff0b
0000
0000
0000
0000
0000
0000
0000
0000
0000
0000
0000
0000
0000
0000
0000
0000
0000
c0ff
0000
0100
0000
0000
faef
7f00
0000
0000
0000
ff0e
0000
0000
0000
0000
0000
0000
0000
0000
0000
0000
0000
0000
0000
0000
0000
cf00
80ff
0000
0e00
0060
00a0
00fd
ff1f
0000
00fd
0100
f1ff
0000
0000
0000
0000
0000
0000
0000
0000
0000
0000
0000
0000
0000
0000
0000
0000
50ff
0040
0000
0000
0000
00d0
1e00
0000
0000
00f3
0000
ff0b
0000
0000
0000
0000
0000
0000
0000
0000
0000
0000
0000
0000
0000
0000
0000
feff
0000
7f00
0000
0000
ff4f
ff0d
0000
0000
0000
ffff
0000
0000
0000
0000
ff48
0000
0000
0000
0000
0000
0000
0000
0000
0000
0000
0000
f0ff
ffff
0000
0000
0000
30ff
0000
0000
0000
0000
0000
ff00
0000
0000
0000
0000
0000
0000
0000
0000
0000
0000
0000
10f9
0d00
0000
0000
0000
10ff
0000
0000
0000
0000
d1ff
0000
0000
0000
10ff
0000
0000
0000
0000
0c00
0000
0000
0000
0000
0000
0000
0000
0000
f1ff
0000
0000
0000
0000
0f00
0000
0000
0000
f1ff
0000
0000
0000
0000
0f00
0000
0000
0000
f1ff
0000
0000
0000
0000
0000
0000
0000
0000
70ff
0000
0000
0000
00f1
0000
0000
0000
0000
af00
0000
0000
0000
00f3
0000
0000
0000
0000
ff8f
0000
0000
0000
0000
0000
0000
0000
0000
0000
0000
0000
0000
0000
0000
0000
0000
0000
9e01
0000
00f9
ffff
0000
0000
0000
0000
0000
0000
0000
0000
0000
0000
0000
0000
0000
0000
0000
0000
0000
0000
0000
0000
0000
0000
0000
0000
0000
0000
0000
0000
0000
0000
0000
0000
0000
0000
0000
0000
0000
0000
0000
0000
0000
0000
0000
0000
0000
0000
0000
0000
0000
0000
0000
0000
0000
0000
0000
0000
0000
00ff
0000
0000
0f00
0000
0000
0000
0000
0000
0000
0000
0000
0000
0000
0000
0000
0000
ff00
00f7
0000
0000
0000
0000
0000
0000
0000
0000
0000
0000
0000
0000
0000
00fb
0000
0000
ff34
30ff
0000
ff0f
8f00
0000
0000
0000
0000
0000
0000
f0ff
0000
0000
20ff
6606
0000
0000
1900
0000
0000
ffef
0000
0000
0000
0000
0000
0000
fd9d
0000
0000
5f00
0210
fdff
0000
1d00
f70e
00b0
0000
0000
0000
0000
0000
0000
0000
0b00
2f00
0000
0000
6bff
4f80
0000
cf00
b7fe
0000
0000
0000
0000
0000
0000
0000
0000
0000
0000
0000
0000
0000
0000
0000
0000
0000
0000
0000
0000
00bc
0000
0000
40ff
0000
0000
ef00
0000
0000
0000
10fe
0000
0000
0000
0000
0000
0000
00f7
0000
0000
0000
00c0
0000
0000
ff03
0000
0000
0400
0000
0000
0000
0000
0000
0000
0000
0020
0000
0000
cdcf
0000
0000
0000
0000
0000
0000
0000
0000
0000
0000
0000
0000
0000
0f00
6666
0000
0000
00ff
0000
0000
0000
0000
0000
0000
0000
0000
0000
0000
0000
0000
0000
0000
0000
0000
00f0
0000
0000
0000
0000
0000
0000
0000
0000
0000
0000
0000
0000
0000
0000
0000
0000
0000
0000
0000
0000
0000
0000
0000
0000
0000
0000
0000
0000
0000
0000
ff00
0000
0000
0000
0000
0000
0000
0000
f62f
0000
0000
bf00
0000
0000
0600
0000
0000
0000
0000
0000
0000
0000
0000
0000
0000
00f8
fe1f
0000
ff00
0000
0000
0000
ff6f
0000
0000
0000
0000
0000
0000
ffff
0000
0000
0000
f0ff
0000
0000
0000
0000
0000
0000
0000
0000
0000
0000
0000
0000
5f00
0100
0000
0000
0000
0000
0000
af00
ffff
0000
0000
0000
0000
0000
0000
ffff
0000
0000
0000
0092
0000
3300
0000
0000
0000
0000
0000
0000
0000
0000
0000
0000
0b00
00f0
0000
0c00
ff00
0000
0000
0000
0000
0000
0000
0000
0000
0000
ffff
1066
0000
3f00
ff69
0000
0000
00f2
20ff
0000
0000
0000
0000
0000
0000
0000
0000
0900
0000
0000
0000
00f0
ff0f
0000
0300
d9ef
0000
0000
0000
0000
0000
0000
ffff
0000
0000
0000
0000
0000
0000
00f1
0000
0000
0000
0000
0000
0000
0000
0000
0000
30ff
fc2f
0000
0100
0000
0000
0000
ffaf
0000
0000
0000
0000
0000
0000
df39
00f5
0000
ff0f
0200
0000
0000
0000
00fd
0000
0000
0000
0000
0000
0000
0000
0000
0000
0000
0000
0000
0000
0000
0000
ff00
0000
0000
0000
0000
0000
0000
0000
0000
0000
0000
0000
0000
0000
0000
0000
0000
0000
0000
0000
0000
0000
0000
0000
0000
0000
0024
0000
7e01
0000
0000
0000
0000
0000
0000
0000
0000
0000
0000
0000
0000
0000
ff00
6666
0000
0000
0000
0000
0000
0000
0000
0000
0000
0000
0000
0000
0000
0000
0000
0000
0000
e0ff
0000
fe00
0000
0000
0000
0000
0000
0000
0000
feff
0000
0000
0000
0000
0000
0000
0000
0000
0000
0000
0000
0000
0000
0000
0000
0000
ff1c
ff8f
0000
cf00
f91f
f24f
60df
00f7
0000
0000
0000
0000
0000
0000
0000
0010
0000
0000
0400
0000
0000
00f7
4f00
0000
0000
0000
0000
0000
0000
0000
0000
ff00
0000
0080
0000
00f0
2f00
0000
ff00
feff
0000
0000
0000
0000
0000
0000
ffff
10fe
0000
00f0
0000
0000
af00
0000
00e3
0000
0000
0000
0000
0000
0000
0000
0000
00ff
0000
0000
0f00
0000
f88f
0000
ffff
0000
0000
0000
0000
0000
0000
ffff
6366
0000
ff00
ffff
0000
0000
00f0
0000
0000
0000
0000
0000
0000
0000
0000
0000
ff00
0000
0000
0000
00f0
0000
0000
ff00
0000
0000
0000
0000
0000
0000
0000
ffff
20ff
0000
00f0
6666
0000
bf00
0000
40ff
0000
0000
0000
0000
0000
0000
0000
0000
00ff
0000
0000
0f00
0000
ff0f
0000
00ff
0000
0000
0000
0000
0000
0000
00ff
0000
0000
0f00
0000
0000
0000
00ff
0000
0000
0000
0000
0000
0000
0000
0000
0000
0000
0f00
0000
0000
0000
00ff
0000
ef01
50eb
0000
0000
0000
0000
0000
0000
0000
0000
0000
03f0
0000
0000
ff00
0600
00c1
0000
0000
0000
0000
0000
0000
0000
0000
00ff
0000
0000
0f00
0000
0000
0000
ffff
0000
0000
0000
0000
0000
0000
20ff
0000
ffff
ff00
00fb
70ff
0000
00f0
f9ff
ff0f
0000
0000
0000
0000
0000
0000
0000
0f00
00f9
ff0f
0000
00ff
f6df
0000
0f00
0000
0000
0000
0000
0000
0000
0000
ffff
30fe
0000
00f0
0000
0000
af00
0000
00f5
0000
0000
0000
0000
0000
0000
0000
0000
00f0
0f00
0000
ff00
0000
0000
0000
00f0
0000
0000
0000
0000
0000
0000
0600
ff9e
0000
df00
0000
ff0f
0000
00fc
8f00
0010
0000
0000
0000
0000
0000
0000
0000
ff00
0000
00c0
0000
66f6
ff05
0000
ff00
0000
0000
0000
0000
0000
0000
0000
ffff
00f2
0000
f8ff
00b5
0000
8800
0000
00a0
0000
0000
0000
0000
0000
0000
0000
0000
0000
0000
0000
0000
f0ff
0000
0000
0000
0000
0000
0000
0000
0000
0000
00f0
0000
0000
ff00
0000
f0ff
0000
00f6
cf02
0000
0000
0000
0000
0000
0000
0000
0000
ff06
0000
0070
0000
fe1e
00fd
0000
0000
f4af
0000
0000
0000
0000
0000
0000
0800
0000
00c0
00fa
2f00
f2df
0000
00fd
ff09
0000
0000
0000
0000
0000
0000
0000
0000
f6ef
60ff
0000
0000
effc
0000
0000
00f8
0000
0000
0000
0000
0000
0000
0010
ef01
0000
0000
9fa0
0000
0000
0000
0000
0000
0000
0000
0000
0000
0000
0000
0000
0000
7f00
0000
0000
ff03
0000
0000
ff0c
ffff
0000
0000
0000
0000
0000
ff00
0000
0000
0000
00f0
0000
0000
ff00
0000
0000
0000
66f6
0000
0000
0000
0000
0000
0000
00f2
0000
0000
0000
0070
0000
0000
0000
0000
0000
0000
0000
0000
0000
f0ff
0000
0000
0000
0000
0000
0000
f0ff
0000
0000
0000
0000
0000
0000
0000
0000
0000
0100
00fb
0000
0000
0000
0000
0000
0000
0000
0000
0000
0000
0000
0000
0000
0000
0000
0000
0000
0000
0000
0000
0000
0000
0000
0000
0000
0000
0000
0000
0000
0000
0000
0000
0000
0000
0000
0000
0000
0000
0000
0000
0000
0000
0000
0000
0000
0000
0000
0400
0200
0000
0000
00f1
f0ff
0000
0000
0000
0000
0000
0000
0000
0000
ff00
eadf
0000
0000
00f0
fe0f
0000
ff00
ebdf
0000
0000
0000
0000
0000
0000
0000
0000
0000
00f8
d0ee
0000
ff0d
0300
0000
0000
0000
0000
0000
0000
0000
0000
0000
0000
f0ff
0000
ff0c
0000
0000
0000
ffff
0000
0000
0000
0000
0000
0000
0000
0000
0000
2e00
0600
0000
0000
0060
0026
0000
0000
0000
0000
0000
0000
0000
0000
0000
00ff
0000
0000
f0ff
0000
0000
0000
0000
0000
0000
0000
0000
0000
0000
0000
0000
0000
80ff
ff0f
0000
ef00
0000
0000
0000
0020
10fb
0000
0000
0000
0000
0000
00f0
00f6
0000
ff00
0000
0000
0000
00f0
0000
0000
0000
0000
0000
0000
00f0
0000
0000
ff00
0000
0000
0000
00f0
0000
0000
0000
0000
0000
0000
0000
0000
0000
0000
0000
0000
0000
f0ff
0000
0000
0000
0000
0000
0000
0000
0000
0000
ff00
0000
0000
0000
00f0
0000
0000
ff00
ff2e
0000
0000
0000
0000
0000
0000
0000
0000
0000
00f0
0000
0000
ff00
0000
0000
0000
00f0
0000
0000
0000
0000
0000
0000
0000
0000
0000
ff00
0500
0000
00f0
00f0
f0ff
ff00
0000
0000
0000
0000
0000
0000
0000
0000
ebdf
0000
0000
00f0
f0ff
0000
ff00
0000
0000
0000
0000
0000
0000
0000
0000
0000
0000
00f9
f97f
0000
ff0d
0000
0000
0000
0000
0000
0000
0000
0000
0000
0000
0000
00f7
0000
ff00
0000
0000
0000
fff7
0000
0000
ff00
0000
0000
0000
0000
0000
0000
4f00
0100
0000
0000
0050
f0ff
0000
0000
0000
0000
0000
0000
0000
0000
0000
10ef
0000
0000
00f0
0000
0000
ff00
0000
0000
0000
0000
0000
0000
0000
0000
0000
0000
00f8
2022
0000
0000
0100
0000
0000
0000
0000
0000
0000
0000
0000
0000
f0ff
0000
0000
0000
0000
0000
0000
ff3f
0000
0000
0000
0000
0000
0000
0000
0000
0000
ff00
0000
0000
0000
00f1
f0ff
0000
0000
0000
0000
0000
0000
0000
0000
0000
0200
0000
0000
30ff
0000
0000
0000
00f3
0000
0000
0000
0000
0000
0000
0000
0000
0000
0090
80ef
0090
0600
00f3
a0ff
0000
0000
0000
0000
0000
0000
0000
0000
0000
00fb
0000
0000
00f8
0000
0000
00e1
0000
0000
0000
0000
0000
0000
0000
0000
0000
ff0a
af00
0000
0000
f74f
0000
0000
0000
0000
0000
0000
0000
0000
0000
0000
ffff
0000
0000
9f00
0000
0000
ff0b
ffff
0000
0000
0000
0000
0000
0000
0000
0000
0000
e0ff
0000
0000
0700
0000
0000
0000
fd3f
0000
0000
0000
0000
0000
0000
00f0
0000
0000
ff00
0000
0000
0000
00f0
0000
0000
0000
0000
0000
0000
00fc
0000
0000
0000
0000
0000
0000
f2df
0000
0000
0700
0000
0000
0000
0000
0000
0000
0000
0000
0000
0000
68fb
ffff
0000
0000
0000
0000
0000
0000
0000
0000
0000
0000
0000
0000
0000
0000
0000
0000
0000
0000
0000
0000
0000
0000
0000
0000
0000
0000
0000
0000
0000
0000
0000
0000
0000
0000
0000
0000
0000
0000
40cc
0000
0000
0000
0000
0000
0000
0000
0000
0000
0000
0000
0000
0000
0000
0000
0000
0000
f0ff
00fb
0000
0000
0000
0000
0000
0000
0000
0000
00f0
00fa
00d0
0000
0000
0000
f90c
0c00
0000
0000
00ff
60fd
0000
0000
0000
fe6c
f14f
0700
0100
0000
0000
0000
0000
0000
0000
0000
0000
0000
0000
0000
0000
0000
0000
0000
0000
0000
0000
0050
60ef
6f00
0000
0000
0000
0000
0000
0000
0000
0040
20ff
f60c
fd02
a500
0000
0000
0000
0000
0000
0020
0000
0000
0000
0000
0000
0000
0000
0000
00c0
0000
0000
0000
0000
0000
0000
0000
0000
0000
0000
0000
0000
0000
0000
0000
0000
0000
0000
0000
0000
0000
0000
0000
0000
0000
0000
0000
0000
0000
0000
0000
0000
0000
0000
0000
a04f
f806
9f00
0b00
0000
0000
0000
0000
0000
0000
e28f
0500
0000
00f5
ff02
0000
0000
0000
0000
0000
0000
0050
50ff
ff00
0000
0000
0000
0000
0000
0000
0000
00e1
00c1
0050
ffff
0000
0000
0000
0000
0000
0000
0000
00fe
f67f
0000
0000
0000
0000
0000
0000
0000
0000
00f0
0050
0000
0000
0000
0000
0e00
0000
0000
0000
0000
0000
0000
0000
0000
ce06
e25f
ff00
0000
0000
0000
0000
0000
0000
0000
cdcc
0100
0000
0000
0000
0000
0000
0000
0000
0000
e0bf
4f00
dfff
00f6
ff06
0000
0000
0000
0000
0000
00f9
ff05
fcde
0000
ecaf
0000
0000
0000
0000
0000
0000
0000
0000
0000
0050
0000
0000
0000
0000
0000
0000
0000
0000
0000
0000
0000
0000
0000
0000
0000
0000
0000
0000
0050
0000
0000
0000
0000
0000
0000
0000
0000
0000
0000
0000
0000
0000
0000
0000
fe00
0000
0000
0000
0000
0000
0000
0000
fddf
0000
0000
0000
0000
0000
0000
0000
0000
0000
0030
2a00
3f00
00f5
fa0a
0000
0000
0000
0000
0000
0000
e05f
0500
eeee
00f6
0000
0000
0000
0000
0000
00f4
00f7
0700
0000
ffff
0000
0000
0000
0000
0000
0000
0000
8803
bf03
0000
0000
0000
0000
0000
0000
0000
00f0
70ef
50fe
0000
0000
0000
0000
ff00
0000
0000
0000
0000
0080
0000
0000
0000
ffff
50ff
ff00
0000
0000
0000
0000
0000
0000
0000
efed
0000
00f5
f50f
0300
0000
0000
0000
0000
0000
0000
0000
ffff
50ff
ff00
0000
0000
0000
0000
0000
0000
0000
0000
0050
50ff
0000
0000
0000
0000
0000
0000
00f5
f50f
6f00
fdce
0000
0000
0000
0000
0000
0000
0000
00b0
bf00
0000
0000
0000
0000
0000
0000
0000
0000
0000
60cc
0000
0000
0000
0000
ff00
0000
00f0
f05f
5f00
0000
0000
0000
0000
0090
ffff
ff00
0000
0000
0000
0000
0000
0000
0000
dffd
0000
00f5
f50e
0200
0000
0000
0000
0000
0000
5e00
0000
ccdc
50ff
ff00
0000
0000
0000
0000
0000
ff07
0000
0000
0000
ff08
0000
0000
0000
0000
0000
00fe
e29f
6f00
0000
0050
0000
0000
0000
0000
0000
0000
0000
d08f
ff18
0000
0000
0000
0000
0c00
0000
0000
0000
0000
0000
0000
0000
0000
0000
ff00
0000
0000
0000
0080
0010
0000
0000
0000
0000
10fe
5f00
0000
0000
0000
0000
0000
0000
0000
3f00
0100
90bf
1f00
0000
0000
0000
0000
0000
0000
df00
bfd1
df00
af00
9f00
0000
0000
0000
0000
10fe
60ff
c0af
f2ff
ff00
0000
0000
0000
0000
0000
0000
0000
0000
0000
0000
ffff
0000
0000
0000
0000
0000
0000
0000
0000
0000
0000
80ff
0000
0000
0e00
0000
0000
0000
0000
0000
0085
0000
0000
f5cf
0f00
0000
0000
0000
0000
0000
0000
0000
0000
10ee
cc3f
fa07
0000
0000
0000
0000
0000
0000
0000
0000
0000
0000
0000
0000
0000
0000
0000
0000
0000
0000
0000
0000
0000
0000
0000
0000
0000
0000
0000
0000
e1af
cfcc
0000
edff
0000
0000
0000
0000
0000
0000
70ef
5f00
0000
ce06
0000
0000
0000
0000
0000
0000
0000
0000
d0cf
0000
0000
0000
0000
0000
0000
0000
0000
0000
00ff
0000
0000
0000
0000
0000
0000
0000
0000
0000
0000
0000
0000
0000
edff
f50f
0f00
0000
0000
0000
0000
0000
0000
0000
0000
ecbe
10fe
f50f
0900
0000
0000
0000
0000
0000
0000
ffed
0050
50ff
ff00
0000
0000
0000
0000
0000
0000
0000
0000
0050
50ff
0000
0000
0000
0000
0000
0000
0000
0000
0000
00f5
f17f
0000
0000
0000
0000
0000
0000
0000
b0df
0000
0000
0000
0000
0000
0000
0000
0000
0000
0000
0000
0000
0000
0000
0000
0000
00f7
fa09
0900
0000
0000
0000
0000
0000
0000
ff00
0000
0000
0000
0000
0000
0000
0000
0000
fe9d
10fe
f50f
0700
0000
0000
0000
0000
0000
0000
ffed
0050
50ff
ff00
0000
0000
0000
0000
0000
0000
f5bf
0f00
0000
fe9f
0000
0000
0000
0000
0000
0000
0000
0000
0000
0050
0000
0000
0000
0000
0000
0000
0000
0060
b0cf
0000
0000
0000
0000
0000
0000
0000
0000
0000
0000
0000
0000
0000
0000
0000
0000
0000
0000
0000
0050
0000
0000
0000
0000
0000
fb08
0000
0000
0000
0000
0000
0000
0000
0000
0100
00fc
af00
0000
0000
0000
0000
0000
0000
0000
ff03
dffc
df01
cf00
0000
0000
0000
0000
0000
0000
c0af
fb09
9ffa
6f00
0000
0a00
0000
0000
0000
0000
0000
0000
0000
ffff
0000
0000
0000
0000
0000
0000
0000
0000
0000
0000
f84e
0000
0000
0000
0000
0000
0000
0000
0000
0000
0000
0000
00e5
3f00
0000
0000
0000
0000
0000
0000
0000
0000
0000
0000
0000
0a00
0000
0000
0000
0000
0000
0000
0000
0000
0000
0000
0000
0000
0000
0000
0000
0000
0000
0000
0000
0000
0000
0000
0000
00ff
0000
0000
0000
0000
0000
0000
0000
0000
0000
0000
0000
0000
05f1
0000
00ae
0a00
0000
0000
0000
ffff
0000
e3af
0900
0000
0000
0000
cffc
0000
7c00
00f0
0000
0000
0000
6f00
0000
6cef
0010
0000
0000
0000
0f00
0000
0000
0000
0000
0000
0000
0000
0000
0f00
0000
4f00
0000
0000
0000
00f8
0000
0000
0000
0000
0000
0000
ff00
0000
0000
0000
0000
0000
0000
0000
0000
0f00
0000
0000
0000
0000
0000
0000
0000
0000
0000
0000
0000
0000
0000
0000
0000
0000
0000
0000
0000
0000
0000
0000
0000
0000
0000
0000
f308
0000
0000
0000
0000
0000
b04f
f00f
00e0
ce06
0000
0000
0000
00f0
0000
0000
0000
0000
0000
0000
0020
0000
00e3
0000
0000
0000
0000
00f2
0000
0100
0000
0000
0000
0000
0000
0000
ffff
0000
0000
0000
0000
0000
00f9
1100
0010
0000
0000
0000
0000
a0ff
0e00
00d1
0000
0000
0000
0000
f806
0000
0000
0000
0000
0000
0000
c9af
0000
9dd9
0000
0000
0000
00f7
f30d
0000
99cb
0000
0000
0000
0000
0000
0000
8800
0000
0000
0000
0000
0000
0000
0000
0000
0000
0000
0000
0000
0010
0000
0000
0000
0000
0000
0080
8888
0000
0000
0000
0000
0000
0000
0000
0000
0000
0000
0000
0000
c06f
0000
0000
0000
0000
0000
90df
0300
3e00
00ee
0000
0000
0000
0000
fb02
0000
0000
0000
0000
0000
e3cf
ff00
40ef
00ff
0000
0000
0000
ef8a
0e00
0000
ef01
0000
0000
0000
8988
0000
0000
0000
0000
0000
0000
88ff
0000
8888
0000
0000
0000
0000
ff00
0000
88ff
0000
0000
0000
0000
0000
9901
f00f
00ff
0000
0000
0000
0000
0000
0000
0f00
0000
0000
0000
0000
0000
0000
0000
0000
0000
0000
0000
0000
0000
0200
0000
0000
0000
bf00
ff00
0000
00ff
00e2
0000
0000
0000
0000
0000
ff00
00f8
0000
0000
00d0
f0ff
00fa
00f0
705f
0000
0000
50ff
00f0
8f00
0000
0000
0000
0000
0100
60af
00f0
00c0
ee8d
0000
0000
0000
3f00
ff00
0000
00ff
0000
0000
0000
0000
0f00
4f00
0100
0000
0000
0000
0000
0000
0200
0000
0000
0000
0000
00f1
0000
0000
0000
0000
0000
0000
0000
0000
0000
0000
0000
0000
0000
0f00
ff00
f20e
0080
0000
0000
0000
0000
6f00
0000
0010
0000
0000
0000
1f00
bf10
00f6
0030
0000
0000
0000
00e1
2e00
0000
0010
0000
0000
0000
fd05
0000
0000
0000
0000
0000
0000
df00
0000
0000
fb0e
0000
0000
0000
0000
0000
0000
0f00
0000
0000
0000
00f4
0000
10de
0000
0000
0000
0000
0f00
0000
f00f
0000
00f0
0000
0000
0000
0000
0000
0000
0000
0000
0000
0000
0000
0000
0000
ff0f
0000
0000
0000
0000
0000
0000
0000
0000
0000
0000
e96f
0000
0900
0000
0000
0000
0000
fe0f
0000
00f7
0000
0000
0000
0000
0000
0000
fc05
0000
0000
0000
0000
0000
ff00
0800
0000
0000
0000
0000
0000
ffff
0000
0000
0000
0000
0d00
0000
f00f
0000
0000
0000
0000
0000
00af
f20e
0000
0000
0000
0000
0000
50fc
0f00
00ff
0000
0000
0000
0000
0000
0000
0000
0000
0000
0000
0000
f00f
0000
00f0
0000
0000
0000
0000
f00f
0000
0bf0
0000
0000
0000
0000
0000
0000
ff00
0000
0000
0000
0000
0000
ff02
0ff0
00ff
0000
0000
0000
0000
0100
0000
ff00
0000
0000
0000
0000
00f6
0000
ecce
0000
0000
0000
0000
f00f
0000
bef3
0000
0000
0000
0000
0b00
00ff
2a00
0000
0000
0000
0000
0000
0000
0f00
0000
0000
0000
0000
0000
7e03
0000
0000
0000
0000
0f00
0000
f00f
0000
0000
0000
0000
0000
00ff
f00f
0000
0000
0000
0000
0000
f40a
0000
0000
0000
0000
0000
0000
ae00
0000
0000
0000
0000
0000
0000
50bf
0000
3f00
0000
0000
0000
0000
f60b
0000
ef01
0000
0000
0000
0000
0000
0000
fb0d
0000
0000
0000
00f4
0000
0000
0000
0000
0000
0000
00f0
0000
0000
0000
0000
0000
0000
4f00
0000
9f00
0000
0080
0000
0000
0000
0000
f40d
0000
0000
0000
0000
0000
0000
0000
0000
0000
0000
0000
0000
0000
0000
0000
0000
0000
0000
0000
0000
0000
0000
0000
0000
0000
0000
00ff
00ff
0000
0000
0000
0080
0010
0010
0000
0000
00e1
ab94
b2be
0000
0000
0000
704f
809f
0000
0000
0000
0000
0000
0000
0000
0000
0000
0000
0000
0000
0000
0000
0000
0000
0000
0000
0000
0000
0000
0000
0000
0030
0000
0000
0000
0000
0000
0000
0000
0000
0000
0000
0000
0000
0000
0000
0000
0000
0000
0000
0000
0000
0000
0000
0000
0090
00a0
0000
0000
0000
0000
0000
0000
0000
0000
0000
0000
00f0
0000
0000
0090
0070
0000
0000
0000
0000
0000
0000
0000
0000
0000
0090
0000
0000
0000
0000
0090
0000
0000
0000
0000
0000
0000
0000
0000
0080
00c0
0000
0000
0000
0090
00a0
0000
0000
0000
0000
0000
0000
0000
0000
0000
0000
0000
0000
0000
0000
0000
0000
0000
0000
0000
0000
0000
0000
0000
0000
0000
0000
0000
0000
0000
0000
0000
0000
0000
01e8
004f
fc1a
0000
0000
0000
00c0
307f
0000
0000
00e0
00f7
0020
0000
0000
00ad
0000
0020
0000
0000
00eb
00be
0000
0000
0000
0000
0000
0070
0000
0000
0000
0000
0000
0000
0000
008b
00bf
0060
0000
0000
00af
00bf
00af
0000
0000
0000
0000
0000
0000
0000
0000
0000
0000
0000
0000
0000
0000
10ed
0000
0000
0000
0000
0080
0000
0000
fb07
0ae7
0a00
0000
0000
00af
00af
00df
0000
0000
604f
901f
0030
0000
0000
00f9
0000
0000
0000
0000
604f
901f
c17f
0000
0000
00f9
00e3
10be
0000
0000
0085
00f4
0010
0000
0000
0000
0000
0000
0000
0000
00af
00af
0020
0000
0000
00f4
0000
0000
0000
0000
03f1
4f5f
f803
0000
0000
0010
0000
10ed
0000
0000
00e1
0000
0000
0000
0000
0000
0000
00ff
0000
0000
0000
0000
0000
0000
0000
0000
0000
0000
0000
0000
0000
0000
0000
0000
0000
0000
0000
0000
0000
0000
0000
0000
0010
0000
0000
0000
0000
0000
0000
0000
0000
0000
0020
0000
0000
0000
0090
0000
0000
0000
0000
0000
0000
0000
00a0
00a0
00a0
00a0
0000
0000
0000
0020
0010
0000
0000
0000
0000
0000
0000
0000
00a0
00a0
00a0
0000
0000
0000
0000
0000
0000
0000
0000
0000
0000
0000
0000
0000
0000
0000
0000
0000
0000
0000
0020
0000
0000
0000
0000
0000
0000
0000
eb4c
0400
0400
0000
0000
0000
0000
0000
0000
0000
0000
00f0
0000
0000
0000
0000
0090
0000
0000
0000
00a0
00a0
00a0
0000
0000
0000
0000
0000
0000
0000
0000
0000
0000
0000
0000
0000
0000
0000
0000
0000
0000
0000
0000
0000
0000
0010
0000
0000
0000
0000
6f00
f275
00ae
0000
0000
0000
0000
0000
0000
0000
0020
0000
0000
0000
0000
0000
0000
0000
0000
0000
0000
0000
0000
0000
0000
0000
0000
0000
0000
0000
0000
0000
0000
0000
0000
0000
00e3
0000
0000
0000
0000
0000
0000
0000
0000
0000
0000
0000
0000
0200
0000
4e4e
0000
0000
0000
e282
0000
0000
911e
0000
f528
0000
8065
0000
0000
f203
0000
0000
0000
0000
0000
0000
a009
0000
00e3
0000
0000
0000
0000
0000
0000
0000
0000
00f1
0000
0000
0000
0000
0010
0000
0000
0000
0000
0000
0000
0000
0000
0000
3e00
0000
401f
0000
0000
0000
00f1
0000
0000
302f
0000
0000
0000
a01b
0d00
0000
0100
0000
0000
0000
10d9
0d00
0000
700e
0000
0000
0000
00d6
0000
0000
303f
0000
0000
0000
f104
0300
0000
0000
0000
0000
0000
0000
4f00
0000
0000
0000
0000
0000
f0ff
0000
0000
0000
0000
0000
0000
00bb
0000
0000
e801
4f60
00f5
0000
700d
3f00
0000
104f
0000
0000
0000
0000
0500
0000
104f
0010
0000
0000
0000
4f00
0000
104f
0000
0000
0000
0000
0600
0000
104f
0010
0000
0000
0000
0400
0000
0000
0000
0000
0000
00b0
4f00
0000
104f
0000
0000
0000
1f00
4f00
0000
e74f
0010
0000
0000
0400
0400
0000
104f
0000
0000
0000
0400
0400
0000
104f
0000
0000
0000
0020
0b00
0000
0000
0000
0000
0000
4f00
0900
0000
601e
0000
0000
0000
8cc9
0000
0000
e701
0000
0000
0000
502f
0000
0000
0000
0000
0000
0000
0000
4f00
0000
700d
0000
5400
0000
0000
0400
0000
bd07
0000
0000
0000
0000
0000
0000
0000
0000
0000
0000
c03b
1f00
0000
104f
0000
0000
0000
b03c
0900
0000
0000
0000
0000
0000
903c
0800
0000
f104
0000
0000
0000
f13c
0b00
0010
104f
0000
0000
0000
0000
4f00
0000
0000
0000
00f1
0000
00e8
4f00
0000
104f
0000
0000
0000
a3be
4f00
0000
0000
0000
0000
0000
605e
0900
0000
0000
0000
0010
0000
f13c
0b00
00f1
0000
0000
0000
0000
00cc
1e00
0000
f104
0000
0000
0000
f104
0d00
0000
0000
0000
0000
0000
40bf
0000
0000
0000
0000
0000
0000
502f
0000
0000
0000
0000
0000
0000
0000
0400
0000
104f
0000
0010
0000
0000
0400
0000
0000
00c0
0000
0000
0000
0000
0000
0000
0000
0000
0000
0000
000e
000e
0000
0000
0000
c039
0000
0000
0000
0000
8703
1c0e
7038
0000
f807
c038
c300
c000
0000
c03f
c33f
3000
0000
0000
0e0f
f00f
1f1e
0000
0000
0038
0000
0000
0000
8001
001c
0038
000c
0000
0030
0006
0007
0018
0000
000f
0000
0000
0000
0000
0000
ff7f
e000
0000
0000
0000
0000
0004
0000
0000
0000
0000
0000
0000
0000
0000
001c
0000
0000
0006
0018
00c0
0000
e003
0770
0770
0000
0000
e000
e000
e000
0000
0000
0e38
7800
0070
0000
0000
0e38
0f00
f80f
0000
1800
3807
ffff
0000
0000
fe1f
fc3f
0f70
0000
0000
0e1c
1e7c
1e1c
0000
0000
1c00
c001
000e
0000
e003
1e3c
0770
0000
0000
fc1f
0f70
0e70
0000
0000
0000
0000
000e
0000
0000
0000
0000
000e
0000
0000
0000
003c
0000
0000
0000
0000
ff3f
0000
0000
0000
f003
c01f
0000
0000
0738
e000
e000
0000
1f00
0f1c
e070
800f
0000
fc00
8707
001c
0000
0000
011c
ff1f
011c
0000
0000
001c
0038
ff01
0000
ff1f
001c
001c
0000
0000
001c
ff1f
001c
0000
0000
001c
ff1f
001c
0000
0000
0038
0070
ff03
0000
001c
001c
001c
0000
0000
001c
001c
001c
0000
0000
1c00
1c00
783c
0000
0000
3c1c
0e1c
001c
0000
001c
001c
001c
0000
0000
001f
e01c
3b1c
0000
0000
803f
3c38
0138
0000
0000
0038
0070
ff01
0000
ff1f
001c
001c
0000
0000
800f
0070
031e
0000
0000
001c
ff1f
001c
0000
0000
0038
0000
ff07
0000
ffff
e000
e000
0000
0000
001c
001c
001e
0000
0000
013c
0707
f800
0000
0000
0e1c
3807
c001
0000
003c
fe01
8703
0000
0000
013c
dc01
7000
0000
0000
0700
e001
0078
0000
0000
0038
0038
0038
003f
00c0
0010
0006
0000
0000
000e
000e
000e
000e
0000
c00c
1860
0000
0000
0000
0000
0000
0000
0000
0078
0000
0000
0000
0000
0000
0e38
0e70
0000
0000
0038
0338
0f3f
0000
0000
e003
0070
f80f
0000
0700
ff1f
0770
0000
0000
0000
071c
033c
0000
0000
001c
001c
001c
0000
0000
e703
0770
f70f
f00f
0038
fe3f
0738
0000
0000
0038
0038
0038
0000
0000
0000
0038
0038
0078
0000
3c70
c07d
1e70
0000
0038
0038
0038
0000
0000
0000
0f3c
0e38
0000
0000
0000
0738
0738
0000
0000
e003
0770
f80f
0000
0000
fe3f
0338
0038
0000
0000
0f38
0f78
0700
0000
0000
0038
0038
0000
0000
e003
f00f
f81f
0000
0000
807f
001c
0000
0000
0000
0738
0738
0000
0000
0000
3838
c007
0000
0000
38e0
c638
0107
0000
0000
3838
c007
0000
0000
0000
1c38
e00e
0007
0000
0000
e000
0038
0000
0000
000c
0070
000c
8007
0018
0018
0018
0018
0000
000c
000c
000e
000c
0000
0000
f731
0000
0000
0000
0000
0000
0000
0000
0000
0000
0000
0000
0030
6600
0000
0000
0300
00f8
0000
3300
0070
0000
1e00
0000
c003
1800
0000
0030
0000
0000
0030
1800
0000
000c
3000
0000
0000
0000
0000
0003
0000
0000
0010
0000
0000
0000
0000
0000
0000
1000
0000
0000
6000
0000
0003
0300
0000
3060
6000
0000
c000
0000
0000
c070
0000
0000
7060
0000
0000
e03f
0000
0000
0000
1f00
0030
0000
6000
0060
0000
0000
0000
0000
0000
0000
0000
0700
0000
0000
0000
0000
8007
0000
00c0
0006
0000
0600
c739
0000
0018
0360
3f00
0006
0000
3800
0003
0000
3080
001e
0000
3f00
0000
f83f
3000
0000
0330
3880
0000
0330
3000
0000
0018
0000
0060
6060
0000
00e0
0e18
0000
0000
0000
3860
608c
0000
3700
003b
0000
6080
00fc
0000
3000
0000
1e1e
7080
0000
0630
3000
0000
e00f
0000
00fe
8001
0000
0003
0330
0000
000c
c001
0000
60cc
0000
3800
0030
0000
1c00
0080
0000
0300
00fc
003c
3000
0000
0060
0400
0000
0018
1800
0000
0000
0000
0000
0000
ff00
0000
0000
0000
00e0
301e
3000
0018
0000
0000
0000
0000
1f00
00f0
0000
6000
0000
001e
1800
0000
0000
3000
0000
603c
3000
0000
0030
0000
0000
0030
0000
0060
6030
0000
0000
0000
0000
c060
0000
0000
0030
0000
3800
00c0
0000
3000
0000
0000
6000
0030
0033
3000
0000
6060
0000
0000
0018
0000
0000
3030
0000
0030
0007
0000
80e1
0000
0000
0000
0000
c000
0080
0000
0100
00e0
0006
6000
0000
0020
2000
0000
0018
1800
0000
0000
0000
0000
0000
0000
0000
0000
3000
0000
00d8
0000
0000
0000
6500
0000
6066
0c00
0000
703f
4000
0000
0010
c000
0000
0018
0000
0000
0000
7f00
0000
0000
0000
0000
0000
0000
0000
0030
0000
0080
0000
0600
0000
8001
0000
0080
0000
0f00
0000
007f
3e00
0000
003f
7f00
0000
0000
7300
0000
8001
0000
0000
0000
0000
0000
0038
0000
0080
0000
1e00
0000
001c
0000
80b9
f003
1900
0000
6060
0000
0018
0000
6000
00c0
0030
3f00
00e0
0030
1f00
001c
3060
6000
0000
0030
0000
0000
0000
3100
0000
0060
0000
0036
0000
6300
0000
0c60
0000
0070
0000
6000
0000
3060
0000
0060
0000
0600
0000
3060
0f00
0030
000f
6080
001c
3060
3000
0000
0006
0000
0000
0000
c000
0000
0030
0000
0000
0000
0000
0000
0000
ff00
0000
0000
7300
0000
006f
0000
0000
0000
0000
00c0
0000
1e00
0000
0030
0000
00c0
0060
6100
0000
0060
0000
0000
0000
6c00
0000
0060
0000
0086
0000
6100
0000
8031
0000
0080
0060
3f00
00c0
006c
0000
0000
0000
3000
0000
0000
3d00
0000
000c
0000
00e0
0000
3300
0000
0012
0000
0000
0000
c000
0000
0060
0000
0000
0000
3900
0000
0000
0000
0000
0020
0048
0000
0000
0049
0004
0042
0000
0000
0040
0010
0070
0000
0000
0020
0000
0000
0000
0000
0022
0004
0041
0000
0000
0004
0001
0041
0000
0000
0022
0023
0000
0000
0000
0006
00ff
0000
0000
0000
3027
0021
8040
0000
0000
8041
0040
0040
0000
0000
4040
0040
0004
0000
0000
0040
9048
4050
0000
0000
0020
1040
4020
0000
0000
0008
4040
8040
0000
0000
0021
000e
0003
0000
0070
0010
0020
0028
0000
80ff
0000
0003
0040
0000
0000
0023
0041
0020
0000
0042
0041
0040
0000
0000
0000
0040
0821
0000
0000
0000
0062
0041
0000
0000
0000
0020
0041
0000
0000
0000
0044
0044
0000
0000
0020
0040
0020
0000
0000
0000
0000
0020
0000
0050
0012
0008
0010
0000
0040
0020
0054
0000
0000
0000
0000
0000
0000
0000
0008
0040
0042
007f
0002
0062
0008
0042
0042
0000
0000
0000
0000
0000
0000
0000
800f
8080
0043
8020
8040
0040
007e
0040
8040
0020
0004
0041
0000
0000
0000
0000
0000
0000
400e
8040
0041
0008
8040
0022
1045
0014
0041
0001
0070
0000
0000
0000
0000
0000
0000
003b
0066
0042
0042
007e
0040
0066
005c
0000
0040
0040
0000
0000
0000
0000
0000
0040
003a
0040
0004
0040
0042
0044
8088
00c6
0000
0000
0018
0000
0000
0000
0000
0000
0000
0050
0028
0070
0000
0080
0080
0010
0000
0000
0000
0000
0000
0000
0088
0008
0010
0000
00f8
0070
0088
0000
0000
0000
0020
0000
0000
0044
0040
0078
0000
003c
007e
0040
0000
0000
0063
004a
0000
0000
0044
0004
0020
0000
8088
0010
0010
0000
0000
0040
0000
0000
0000
0080
0080
0068
0000
0000
00c8
0080
0000
0000
00ec
0088
0000
0000
0000
0060
0060
0000
0000
0050
0060
0000
0000
0040
0000
0000
0000
0000
0000
0000
0000
0000
0000
0000
0000
0000
007c
0000
0000
0000
0000
0000
0000
0000
0000
0000
0000
0000
0000
0000
0000
0000
0000
0000
0000
0000
0000
0000
0000
0000
0000
0000
0000
0000
0000
0000
0e0c
0000
0000
0000
0000
0000
0000
ff00
0000
0000
0000
cc0c
0000
0000
0000
0000
0c0c
0000
0000
0000
0c06
0000
0000
0000
0000
0000
0000
003c
0000
0000
0000
0000
0000
0000
0000
0000
0000
0000
0000
70d8
0000
0000
0000
0000
0000
3e18
0000
0000
aa55
1818
1818
3636
3636
3636
0000
1818
0000
1818
1818
3636
3636
3636
0000
0000
1818
0000
1818
3636
0000
ffff
f0f0
0000
0000
0000
0000
0000
0000
0000
0000
0000
0000
0000
0000
0000
0000
0000
0000
0000
387c
183c
cccc
3ce7
0066
3c7e
3060
183c
6cfe
0000
3030
c060
cc0c
3030
3000
0030
66c0
66ce
666c
6cc6
cc1c
eefe
6060
0000
ccc0
7ccc
6c78
cccc
0c78
fefe
3030
c6c6
663e
78c0
3030
fccc
cccc
cccc
7ec0
1818
cccc
7c00
6633
cc66
1818
36fe
36f6
18f8
181f
3637
36f7
00ff
003f
36ff
ffff
0000
6c6c
1818
cccc
cccc
0018
dc76
6cec
0000