0105
6574
0000
0000
0000
0000
0000
0201
2221
4241
6261
8281
a2a1
c2c1
e2e1
ffff
ffff
ffff
ffff
ffff
ff0f
010b
0102
1471
342a
7473
aaa9
e5e4
7702
f052
4847
8786
c3c2
f8f7
0000
0044
001a
0000
0031
0808
0808
0808
0808
0000
0808
0808
0808
0808
002f
0808
0808
0808
0808
0808
0808
0808
0808
0000
0000
0606
0907
0806
0000
0805
0a09
0707
0000
0000
0504
0d0c
0909
0000
0000
0505
050c
0609
0000
0611
130e
0e08
0000
0000
1212
1618
100b
002f
0000
0708
0806
030a
0000
0a08
0b09
0904
0000
0000
0c0c
120e
100b
0000
0f08
0f0f
0c0e
0000
0000
0d08
1617
1111
0000
0000
0a0a
0c19
0f16
0000
0000
0000
0000
0000
0000
0000
0000
0000
0000
0000
0000
0000
0000
0000
0000
0302
0807
1513
2421
3935
514c
6d69
8986
a09e
b7b7
cacc
d7dc
dfe6
e1e9
e4ec
e5ed
e6ed
e6ee
e8ef
e8ef
e9f0
e9f0
e9f0
eaf1
eaf1
eaf1
ebf1
eaf1
ebf2
ebf2
ecf2
ecf2
ecf2
ecf2
ecf2
ecf2
ecf2
ecf3
ecf3
ecf3
ecf2
edf3
edf3
edf3
edf3
edf3
edf3
edf3
edf3
edf3
edf3
edf3
edf3
edf3
edf3
edf3
edf3
edf3
edf3
edf3
edf3
eef3
eef3
0000
0000
0000
0000
0000
0000
0000
0000
0000
0000
0000
0000
0000
0000
0000
0000
0000
0000
0000
0000
0000
0000
0000
0000
0000
0000
0000
0000
0000
0000
0000
0000
0000
0000
0000
0000
0000
0000
0000
0000
0000
0000
0000
0000
0000
0000
0000
0000
0000
0000
0000
0000
0000
0000
0f00
0000
0000
0000
f1ff
0000
0000
0000
0000
0f00
0000
0000
0000
f1ff
0000
0000
0000
0000
0000
0000
0000
0000
0000
0000
0000
0000
ff0f
0f00
0000
0000
0050
00f9
0000
0000
0000
0000
0000
0000
0000
0000
0000
0000
0000
0000
0000
0000
0000
0000
0000
0000
0000
0000
0000
0000
0000
0000
0040
0000
ffff
0000
0000
80ff
20ff
3303
0000
00ff
ff02
ff07
0000
0000
0000
0000
0000
0000
0000
0000
0000
0000
0000
0000
1400
0000
0000
00f3
0000
ffff
0000
0000
0000
ffaf
0000
0000
00fb
0000
f6ff
0000
0000
b1ff
2f00
0000
0000
0000
0000
0000
0000
0000
0000
0000
0000
0000
0000
00fd
00f0
0000
0000
f4cf
0000
0000
0000
dfff
00f5
0000
0000
ff07
ff0c
0000
0000
0000
0000
0000
0000
0000
0000
0000
0000
0000
0000
0000
ff6c
ffef
0000
0000
00d2
ffff
0000
0000
fdff
ffcf
00f1
0000
0000
ffff
ffff
0000
0000
0000
0000
0000
0000
0000
0000
0000
0000
0000
0000
0000
f1ff
0000
0000
0000
0000
0000
0000
0000
0000
0000
0000
0000
0000
0000
0000
0000
0000
0000
0000
0000
0000
0000
0000
0000
0000
0000
0000
7f00
0000
0000
0000
0000
0800
0000
0000
0000
f1ff
0000
0000
0000
0000
0000
0000
0000
0000
0000
0000
0000
0000
0000
0000
0000
0000
0000
e1ff
0000
0000
0000
10fe
0000
0000
0000
0000
0f00
0000
0000
0000
40ff
0000
0000
0000
0000
50ff
0000
0000
0000
0000
0000
0000
0000
0000
0000
0000
0000
0000
f0ff
0600
0000
0000
0010
ff0b
0000
0000
0000
0000
0000
0000
0000
0000
0000
0000
0000
0000
0000
0000
0000
0000
0000
0000
0000
0000
0000
ff00
0000
0000
0000
ffff
ffff
0000
0000
0000
ff00
0000
0000
0000
0000
0000
0000
0000
0000
0000
0000
0000
0000
0000
0000
0000
0000
0000
0000
0000
0000
0000
0000
0000
0000
0000
0000
0000
0000
0000
0000
0000
00f5
0000
0000
0000
0000
0000
0000
0000
0000
0000
0000
0000
0000
0000
0000
0000
0000
0000
0000
0000
0000
0000
0000
0000
0000
0000
0000
0000
0000
0000
0000
0000
0000
0000
0000
0000
0000
0000
0000
0000
0000
0000
0000
0000
0000
0000
0000
0000
0000
0000
0000
0000
0000
0000
f1ff
0000
0000
0000
0000
0000
0000
0000
0000
0000
0000
0000
0000
0800
0000
0000
0000
0040
0000
0000
0000
0000
00d0
0000
0000
0000
0000
00f7
0000
0000
0000
0000
0000
0000
0000
0000
0000
0000
0000
0000
ffff
0800
0000
0090
0000
10ff
0000
0000
ff1f
0000
ef00
0000
0060
2d00
ff2d
0000
0000
0000
0000
0000
0000
0000
0000
0000
0000
0000
0000
ffff
0400
0000
0000
10ff
0000
0000
0000
0000
ff00
0000
0000
0000
10ff
0000
0000
0000
0000
0000
0000
0000
0000
0000
0000
0000
0000
0000
de59
0000
0000
00a0
0000
0000
0000
0000
50ff
0000
0000
0000
0000
0000
ff8f
0000
0000
0000
0000
0000
0000
0000
0000
0000
0000
0000
0000
0000
0000
0000
0080
0000
0000
0000
0000
00f5
3303
0000
0000
00ff
0000
feff
0000
0000
0050
0000
0000
0000
0000
0000
0000
0000
0000
0000
0000
0000
0000
0000
fffe
0000
0000
0000
00ff
00a0
0600
0000
0033
ffff
0000
0000
0000
00ff
0000
0000
0000
0000
0000
0000
0000
0000
0000
0000
0000
0000
0000
0000
ff7f
0000
0000
00e7
54e8
0700
0000
00e0
0000
f2ff
0000
0000
60ff
ef8b
0000
0000
0000
0000
0000
0000
0000
0000
0000
0000
0000
0000
4554
ff7f
0000
0000
0082
ffff
0f00
0000
00fc
0000
f6ff
0000
0000
fdff
ffef
0000
0000
0000
0000
0000
0000
0000
0000
0000
0000
0000
00ff
ffff
0000
0000
0000
00f3
0000
0000
0000
0000
00f1
0000
0000
0000
0000
ffff
0000
0000
0000
0000
0000
0000
0000
0000
0000
0000
0000
0000
ffff
ffef
0000
0000
ff2f
0040
0000
0000
0000
0200
40ff
0000
0000
ffef
54f9
0000
0000
0000
0000
0000
0000
0000
0000
0000
0000
0000
0000
72db
ff3e
0000
0000
ff4f
0000
df00
0000
00f0
ffff
2900
0000
0000
ffff
0000
0000
0000
0000
0000
0000
0000
0000
0000
0000
0000
0000
0000
0000
0000
0000
0000
0000
0000
0f00
0000
0000
0000
0000
0000
0000
0000
0000
0f00
0000
0000
0000
0000
0000
0000
0000
0000
0000
0000
0000
0000
0000
0000
0000
0000
0000
0f00
0000
0000
0000
0000
0000
0000
0000
0000
0f00
0000
0000
0000
10ff
0000
0000
0000
0000
0000
0000
0000
0000
0000
0000
0000
0000
0000
0000
0000
0000
fdff
ffdf
0000
0000
0000
ffff
0000
0000
0000
0000
0000
0000
0000
0000
0000
0000
0000
0000
0000
0000
0000
0000
0000
0000
0000
0000
0000
3333
0000
0000
0000
ffff
0000
0000
0000
0000
0000
0000
0000
0000
0000
0000
0000
0000
0000
0000
0000
0000
0000
0000
0000
0000
0000
0000
0000
ffef
0000
0000
ffaf
0500
0000
0000
0000
0000
0000
0000
0000
0000
0000
0000
0000
0000
0000
0000
0000
0000
0000
5954
ff0c
0000
0000
ff0b
0000
0000
0000
0000
f3ff
0000
0000
0000
0000
0f00
0000
0000
0000
0000
0000
0000
0000
0000
0000
0000
0000
ffff
ff2d
0000
f9cf
0000
0200
50ff
60ff
00f2
0000
2f00
ff00
0200
ff0c
b0ff
20ff
0000
0000
0000
80ff
0000
0000
0000
0000
0000
0000
0000
0000
0d00
0000
0000
0000
bf60
0200
0000
0000
ff5f
00f4
0000
0000
f1ff
0000
30ff
0000
00f7
0000
0000
0000
0000
0000
0000
0000
0000
0000
0000
ffff
0f00
0000
90ff
0000
f1ff
0000
0000
fdff
0000
0f00
0000
ff1f
0000
f1ff
0000
0000
0000
0000
0000
0000
0000
0000
0000
0000
0000
0000
0000
0000
0000
90ff
0000
a0ff
0000
0000
0000
0000
ff00
0000
cccc
0000
ffff
0000
0000
0095
0000
0000
0000
0000
0000
0000
0000
0000
0000
0000
0f00
0000
00f6
0000
f1ff
0000
00d0
0000
0000
0f00
0000
ff4f
0000
f1ff
0000
0000
91ff
0000
0000
0000
0000
0000
0000
0000
0000
0000
0000
0000
0000
00f8
0000
f1ff
0000
0000
0000
ffff
0f00
0000
0000
0000
f1ff
0000
0000
ffff
ffff
0000
0000
0000
0000
0000
0000
0000
0000
0000
0000
0000
00f8
3333
f1ff
0000
0000
0000
0000
0f00
0000
0000
0000
f1ff
0000
0000
0000
0000
0000
0000
0000
0000
0000
0000
0000
0000
0000
0000
0000
0000
ffff
ffaf
0000
0000
0000
0000
ff00
0000
ffff
0000
50ff
0000
0010
6e00
ffff
0000
0000
0000
0000
0000
0000
0000
0000
0000
0000
0000
0000
0000
f1ff
0000
00ff
0000
0000
0f00
0000
ffff
0000
f1ff
0000
00ff
0000
0000
0f00
0000
0000
0000
0000
0000
0000
0000
0000
0000
0000
0000
0000
ffff
0000
0000
0000
0010
0000
0000
0000
0000
ffff
0000
0000
0000
0010
0000
0000
0000
0000
0000
0000
0000
0000
0000
0000
0000
0000
0000
0000
0000
0000
ffff
0000
0000
0000
0010
0000
0000
0000
0000
feff
0000
0a00
0000
0000
0000
0000
0000
0000
0000
0000
0000
0000
0000
0000
f1ff
0000
0000
ffff
0000
0f00
0000
0000
00f8
f4ff
0000
0000
e3ff
0000
0f00
0000
ffff
0000
0000
0000
0000
0000
0000
0000
0000
0000
0000
0000
0000
0000
0000
0000
0f00
0000
0000
0000
f1ff
0000
0000
0000
0000
0f00
0000
00f8
ffff
0000
0000
0000
0000
0000
0000
0000
0000
0000
0000
0000
8f00
0000
60ff
0f00
ffff
1e00
00f1
f1ff
0010
0000
0700
0000
0f00
ffff
0060
0500
0000
0000
0000
0000
0000
0000
0000
0000
0000
0000
0000
00ff
0000
10fd
0f00
0000
ff01
70ff
f1ff
0000
00ff
e1ff
0000
0f00
0000
ffff
0000
f1ff
0000
0000
0000
0000
0000
0000
0000
0000
0000
0000
0000
faff
e9ff
0300
0000
ff0b
0000
10ff
0000
00ff
0000
0000
7f00
0000
ffff
4654
0400
0000
0000
0000
0000
0000
0000
0000
0000
0000
0000
0000
40c9
ffff
0f00
0000
feff
0000
f1ff
0000
0000
fdff
0000
0f00
0000
0000
0000
f1ff
0000
0000
0000
0000
0000
0000
0000
0000
0000
0000
0000
0000
ffcf
0000
0000
ffbf
0000
30ff
0000
00ff
0000
0000
df00
0000
ff2f
0000
ff0a
0000
f6ff
0000
0000
0000
0000
0000
0000
0000
0000
0000
0000
ffff
0f00
0000
f8ff
0000
f1ff
0000
0000
ffff
ffff
0f00
0000
feff
0000
f1ff
0000
0090
0000
0000
0000
0000
0000
0000
0000
0000
0000
0000
0000
0000
0000
b0ff
0000
ffff
0000
0000
0010
af04
0000
0000
feff
0000
ffff
0000
0000
30b8
0000
0000
0000
0000
0000
0000
0000
0000
0000
0000
ff0f
0000
3333
f0ff
0000
0000
0000
0000
1f00
0000
0000
0000
f0ff
0000
0000
0000
0000
0000
0000
0000
0000
0000
0000
0000
0000
0000
0000
0000
0000
ff0f
0000
f1ff
0000
00f1
0000
0000
0f00
0000
ff0f
0000
f8ff
0000
0000
ffff
9c04
0000
0000
0000
0000
0000
0000
0000
0000
0000
0000
0000
ff0c
0000
b0ff
0000
0000
ef00
00f3
0000
0000
0000
1f00
0000
0000
0000
0050
1e00
0000
0000
0000
0000
0000
0000
0000
0000
0000
0000
0000
0030
0900
20ff
10ff
0000
4ff8
0000
0000
feff
ff4f
e0ff
ff05
0000
dfff
0000
ffff
0000
0000
0000
0000
0000
0000
0000
0000
0000
0000
0000
0000
0000
ffff
0000
0000
fbff
ffbf
0000
0000
0000
ffff
0100
0000
0000
ff0b
0050
af00
0000
0000
0000
0000
0000
0000
0000
0000
0000
0000
0000
0000
90ff
0000
0000
ff0d
30ff
0000
0000
0000
ffff
0000
0000
0000
0000
0f00
0000
0000
0000
0000
0000
0000
0000
0000
0000
0000
0000
0000
0000
ffff
0000
0000
ffdf
0000
0000
0000
0000
60ff
0000
0000
0000
0000
0030
af00
0000
f0ff
0000
0000
0000
0000
0000
0000
0000
0000
0000
0000
f1ff
0000
0000
0000
0000
0f00
0000
0000
0000
f1ff
0000
0000
0000
0000
0f00
0000
0000
0000
f1ff
0000
0000
0000
0000
0000
0000
0000
0000
0000
0000
0000
0000
0000
0100
0000
0000
0000
5f00
0000
0000
0000
ff0b
0000
0000
0000
fbff
0000
0000
0000
0000
0000
0000
0000
0000
0000
ffff
0000
0000
0000
00f1
0000
0000
0000
0000
ff0f
0000
0000
0000
00f1
0000
0000
0000
0000
ff0f
0000
0000
0000
0000
0000
0000
0000
0000
0000
0000
0000
0000
feff
0000
0000
0000
c0ff
00f9
0000
0000
0000
0000
0000
0000
0000
0000
0000
0000
0000
0000
0000
0000
0000
0000
0000
0000
0000
0000
0000
0000
0000
0000
0000
0000
0000
0000
0000
0000
0000
0000
0000
0000
0000
0000
0000
0000
0000
0000
0000
0000
0000
0000
0000
0000
0000
0000
00e2
0000
0000
0000
0000
0000
0000
0000
0000
0000
0000
0000
0000
0000
0000
0000
0000
0000
0000
0000
0000
0000
0000
0000
0000
0000
0000
0000
0000
0000
0000
ffff
ffef
0000
0000
ffff
ffff
1d00
0000
0000
2e00
fcff
0000
0000
0000
0000
0000
0000
0000
0000
0000
0000
0000
0000
0000
0f00
0000
0000
daef
f8ff
0000
0000
ff0a
0000
0f00
0000
00fd
0000
ffff
0000
0000
0000
0000
0000
0000
0000
0000
0000
0000
0000
0000
0000
0000
0000
0000
0000
8f01
0000
0000
feff
0000
ef00
0000
0000
0000
f5ff
0000
0000
0000
0000
0000
0000
0000
0000
0000
0000
0000
0000
0000
0000
0000
00f0
0000
0500
0000
0000
ff9f
0000
df00
0000
00f0
0000
c0ff
0000
0000
ff06
0000
0000
0000
0000
0000
0000
0000
0000
0000
0000
0000
0000
0000
0000
0000
0000
0000
e0ff
0000
cf00
0000
0010
0000
80ff
0000
0000
f1ff
de6a
0000
0000
0000
0000
0000
0000
0000
0000
0000
0000
0000
0000
0000
ff1f
0000
0000
0000
00f0
0000
0000
0000
0000
ff1f
0000
0000
0000
00f0
0000
0000
0000
0000
0000
0000
0000
0000
0000
0000
0000
0000
0000
0000
0000
0000
ff99
0060
3f00
0000
00f0
0000
20ff
0000
0000
ffff
ffff
0000
0000
00b0
0900
ff6f
0000
0000
0000
0000
0000
0000
0000
0000
f1ff
0000
0000
50fe
75fd
0f00
0000
00f0
0000
f1ff
0000
0000
ff0f
0000
0f00
0000
0000
0000
0000
0000
0000
0000
0000
0000
0000
0000
0000
0000
0000
0000
0000
0000
0f00
0000
0000
0000
f1ff
0000
0000
0000
0000
0f00
0000
0000
0000
0000
0000
0000
0000
0000
0000
0000
0000
0000
0000
0000
0000
0000
00f1
0000
0000
0000
0000
ff0f
0000
0000
0000
00f1
0000
0000
0000
0000
ff3f
0000
0000
0000
0000
0000
0000
0000
0000
f1ff
0000
0000
0000
0000
0f00
0000
0000
e2ff
ffff
0000
0000
0000
0000
0f00
0000
0040
0000
0000
0000
0000
0000
0000
0000
0000
0000
0000
f1ff
0000
0000
0000
0000
0f00
0000
0000
0000
f1ff
0000
0000
0000
0000
0f00
0000
0000
0000
0000
0000
0000
0000
0000
0000
0000
0000
0000
0000
0000
0000
0000
0000
0f00
40fe
c6ff
0a00
f1ff
00f0
0000
ffff
0000
0f00
ff0f
0010
0000
0000
0000
0000
0000
0000
0000
0000
0000
0000
0000
0000
0000
0000
0000
0000
0000
0000
0400
f1ff
0000
0000
ff1f
0000
0f00
0000
00f0
0000
f1ff
0000
0000
0000
0000
0000
0000
0000
0000
0000
0000
0000
0000
0000
0000
0000
0000
cf47
f9ff
0000
0000
ff01
0000
bf00
0000
00c0
cf46
6e00
0000
0000
0000
0000
0000
0000
0000
0000
0000
0000
0000
0000
0000
0000
0000
0000
ffff
ffff
0000
0000
ff04
0000
0f00
0000
00f7
0500
faff
0000
0000
0000
0000
0f00
0000
0000
0000
0000
0000
0000
0000
0000
0000
0000
0000
faff
ffcf
0000
0000
ff1f
0000
ff00
0000
00f0
0000
ffef
0000
0000
ff1f
0000
0000
0000
00f0
0000
0000
0000
0000
0000
0000
0000
0000
0000
00ff
c3ff
0000
0000
0000
0000
0f00
0000
0000
0000
f1ff
0000
0000
0000
0000
0000
0000
0000
0000
0000
0000
0000
0000
0000
0000
0000
0000
0000
ef05
0000
0000
e0ff
0030
0000
0000
0000
0400
70ff
0000
0000
0000
0000
0000
0000
0000
0000
0000
0000
0000
0000
0000
0000
0000
0000
0000
ffff
0000
0000
0000
00f0
0000
0000
0000
0000
ff1f
0000
0000
0000
0000
0000
0000
0000
0000
0000
0000
0000
0000
0000
0000
0000
0000
0000
0000
0000
0000
ff0f
0000
0f00
0000
00f1
0000
f2ff
0000
0000
ff4c
febe
0000
0000
0000
0000
0000
0000
0000
0000
0000
0000
0000
0000
0000
0000
0000
0000
f3ff
0000
0600
0000
0000
fe9f
df00
0000
0000
0000
ff5f
0000
0000
0000
0000
0000
0000
0000
0000
0000
0000
0000
0000
0000
0000
0000
9f00
30ff
0000
4f00
00a0
0050
20ff
ff5f
0000
20ff
0500
f6ff
0000
0000
0000
0000
0000
0000
0000
0000
0000
0000
0000
0000
0000
0000
0000
0000
d1ff
0000
0000
0000
0000
00f4
0600
0000
0000
0090
0000
ff02
0000
0000
0000
0000
0000
0000
0000
0000
0000
0000
0000
0000
0000
0000
0000
ffff
0000
cf00
0000
0000
ff0e
ff4f
0000
0000
0000
ffff
0000
0000
0000
0000
8f00
0000
0000
0000
0000
0000
0000
0000
0000
0000
0000
0000
0000
ffff
3300
0000
0000
d1ff
0000
0000
0000
0000
0070
9f00
0000
0000
0000
0000
0000
0000
0000
0000
0000
0000
0000
00fe
0400
0000
0000
0000
10ff
0000
0000
0000
0000
fbff
0000
0000
0000
00ff
0000
0000
0000
0000
3f00
0000
0000
0000
0000
0000
0000
0000
0000
0000
0000
0000
0000
0000
0f00
0000
0000
0000
f1ff
0000
0000
0000
0000
0f00
0000
0000
0000
f1ff
0000
0000
0000
0000
0000
0000
0000
0000
00e5
0000
0000
0000
00f0
0000
0000
0000
0000
ff03
0000
0000
0000
00f7
0000
0000
0000
0000
ff3f
0000
0000
0000
0000
0000
0000
0000
0000
0000
0000
0000
0000
0000
0000
0000
0000
0000
0000
0000
00fd
74fd
0000
0000
0000
0000
0000
0000
0000
0000
0000
0000
0000
0000
0000
0000
0000
0000
0000
0000
0000
0000
0000
0000
0000
0000
0000
0000
0000
0000
0000
0000
0000
0000
0000
0000
0000
0000
0000
0000
0000
0000
0000
0000
0000
0000
0000
0000
0000
0000
0000
0000
0000
0000
0000
0000
0000
0000
0000
0000
00ff
0000
0000
0f00
0000
0000
0000
0000
0000
0000
0000
0000
0000
0000
0000
0000
0000
ff00
00f1
0000
0000
0000
0000
0000
0000
0000
0000
0000
0000
0000
0000
0000
00f8
0000
0000
ff04
00ff
0000
0000
bf00
0000
0000
0000
0000
0000
0000
f0ff
0000
0000
00ff
0000
0000
0000
0000
0000
0000
ef29
0000
0000
0000
0000
0000
0000
ffff
0000
0000
0600
0b00
ffff
0000
af00
ff09
0010
0000
0000
0000
0000
0000
0000
0000
0e00
9f00
0000
0000
01e3
8ff6
0000
1b00
0000
0000
0000
0000
0000
0000
ff00
0000
0000
0000
0000
0000
0000
0000
0000
0000
0000
0000
0000
0000
0000
00fd
0000
0000
00fd
0000
0000
ff00
0000
0000
0000
50ff
0000
0000
0000
0000
0000
0000
20fe
0000
0000
0000
00d0
0000
0000
ff05
0000
0000
0c00
0000
0000
0000
0000
0000
0000
0000
0020
0000
0000
35ff
0000
0000
0000
0000
0000
0000
0000
0000
0000
0000
0000
0000
0000
0f00
ffff
0000
0000
00ff
0000
0000
0000
0000
0000
0000
0000
0000
0000
0000
0000
0000
0000
0000
0000
0000
00f0
0000
0000
0000
0000
0000
0000
0000
0000
0000
0000
0000
0000
0000
0000
0000
0000
0000
0000
0000
0000
0000
0000
0000
0000
0000
0000
0000
0000
0000
0000
ff00
0000
0000
0000
0000
0000
0000
0000
f17f
0000
0000
ff02
0000
0000
0b00
0000
0000
0000
0000
0000
0000
0000
0000
0000
0000
00f3
ff0f
0000
ff00
0000
0000
0000
9d02
0000
0000
0000
0000
0000
0000
ffff
0000
0000
0000
f0ff
0000
0000
0000
0000
0000
0000
0000
0000
0000
0000
0000
0000
bf00
0100
0000
0000
0800
0000
0000
ff00
0000
0000
0000
0000
0000
0000
0000
cf68
0000
0000
af00
40fe
0000
ef00
0300
0000
0000
0000
0000
0000
0000
0000
0000
0000
5f00
00f0
0000
6f00
ff66
0000
0000
0000
0000
0000
0000
0000
0000
0000
ffff
0000
0000
5f00
3f00
0000
0000
00f5
00f9
0000
0000
0000
0000
0000
0000
0000
0000
2f00
0000
0000
0000
00f0
fe1f
0000
0000
0000
0000
0000
0000
0000
0000
ff0f
6666
0000
0000
0000
0000
0000
0000
00f0
0000
0000
0000
0000
0000
0000
0000
0000
0000
00ff
f79f
0000
1d00
0000
0000
0000
9d04
0000
0000
0000
0000
0000
0000
ffff
10fe
0000
ff0d
2c00
0000
0000
0000
00e3
0000
0000
0000
0000
0000
0000
0000
0000
0000
0000
0000
0000
0000
0000
0000
ff00
0000
0000
0000
0000
0000
0000
0000
0000
0000
0000
0000
0000
0000
0000
0000
0000
0000
0000
0000
0000
0000
0000
0000
0000
0000
00f8
0000
ff0e
0000
0000
0000
0000
0000
0000
0000
0000
0000
0000
0000
0000
0000
ff00
0000
0000
0000
0000
0000
0000
0000
0000
0000
0000
0000
0000
0000
0000
0000
0000
0000
0000
10e7
0000
6100
0000
0000
0000
0000
0000
0000
0100
ff8d
0000
0000
0000
0000
0000
0000
0000
0000
0000
0000
0000
0000
0000
0000
83db
0000
f49f
ffff
0000
df00
f73f
f15f
10fd
10fe
0000
0000
0000
0000
0000
0000
0000
0060
0000
0000
0000
0000
0000
00f2
0e00
0000
0000
0000
0000
0000
0000
0000
0000
ff00
0000
0010
0000
00f0
0f00
0000
ff00
0000
0000
0000
0000
0000
0000
0000
67c8
80ff
0000
00f0
0000
0000
6f00
0000
0020
0000
0000
0000
0000
0000
0000
0000
0000
00ff
0000
0000
0f00
0000
f3ef
0000
ffff
0000
0000
0000
0000
0000
0000
ffff
0000
0000
ff00
ffff
0000
0000
00f0
6366
0000
0000
0000
0000
0000
0000
0000
0000
ff00
0000
0000
0000
00f0
0000
0000
ff00
0000
0000
0000
0000
0000
0000
0000
66d8
90ff
0000
00f0
ffff
0000
6f00
0000
00c3
0000
0000
0000
0000
0000
0000
ff0f
0000
00ff
0000
0000
0f00
0000
ff0f
0000
00ff
0000
0000
0000
0000
0000
0000
00ff
0000
0000
0f00
0000
0000
0000
00ff
0000
0000
0000
0000
0000
0000
0000
0000
0000
0000
0f00
0000
0000
0000
00ff
0000
3d00
0000
0000
0000
0000
0000
0000
ff00
0000
0000
0000
6df6
0000
0000
ff00
0000
00fa
0000
0000
0000
0000
0000
0000
0000
0000
00ff
0000
0000
0f00
0000
0000
0000
ffff
0000
0000
0000
0000
0000
0000
80ff
0000
ffef
ff00
20ff
10fe
0000
00f0
f2ff
ff0f
0000
0000
0000
0000
0000
0000
0000
0f00
30ff
ff0f
0000
00ff
fe4f
0000
0f00
0000
0000
0000
0000
0000
0000
0000
67d8
c0ff
0000
00f0
0000
0000
5f00
0000
0030
0000
0000
0000
0000
0000
0000
0000
0000
00f0
2f00
0000
ff00
0000
0000
0000
00f0
0000
0000
0000
0000
0000
0000
df04
8f01
0000
ef00
0000
ff0f
0000
60ff
ff9d
00c1
0000
0000
0000
0000
0000
0000
0000
ff00
0000
0070
0000
00f0
ff01
0000
ff00
0000
0000
0000
0000
0000
0000
0000
6896
00f9
0000
ff6f
d5ff
0000
df00
0000
0000
0000
0000
0000
0000
0000
0000
00ff
0000
0000
0000
0000
0000
f0ff
0000
0000
0000
0000
0000
0000
0000
0000
0000
00f0
0000
0000
ff00
0000
f0ff
0000
10fd
ffbf
0000
0000
0000
0000
0000
0000
0000
0000
ef01
0000
0020
0000
ff0a
00f7
0000
0000
0000
0000
0000
0000
0000
0000
fd5f
0c00
0010
0090
00fd
0d00
d0ff
0000
00f8
ff04
0000
0000
0000
0000
0000
0000
40ff
0000
fe5f
00fc
0000
0000
5ff3
0000
0000
00d1
0000
0000
0000
0000
0000
0000
0090
ff07
0000
0000
fff5
0000
0000
0000
0000
0000
0000
0000
0000
0000
0000
0000
0000
0000
ff02
0000
0000
ff0c
0000
0000
ff0f
0000
0000
0000
0000
0000
0000
ff00
0000
0000
0000
00f0
0000
0000
ff00
0000
0000
0000
ffff
0000
0000
0000
0000
0000
0000
00f7
0000
0000
0000
00d0
0000
0000
0000
0030
0000
0000
0000
0000
0000
f0ff
0000
0000
0000
0000
0000
0000
f0ff
0000
0000
6606
0000
0000
0000
0000
0000
0000
0600
20ff
0000
0000
0000
0000
0000
0000
0000
0000
0000
0000
0000
0000
0000
0000
0000
0000
0000
0000
0000
0000
0000
0000
0000
0000
0000
0000
0000
0000
0000
0000
0000
0000
0000
0000
0000
0000
0000
0000
0000
0000
0000
0000
0000
0000
0000
0000
0000
0c00
0000
0000
0000
00f1
f1ff
0000
0000
0000
0000
0000
0000
0000
0000
ff00
ffff
0000
0000
00f0
fd2f
0000
ff00
0000
0000
0000
0000
0000
0000
0000
0000
0000
0000
00c0
0000
0000
ff0a
1c00
0000
0000
0000
0000
0000
0000
0000
0000
0000
df3a
f0ff
0000
ff0e
0000
0000
0000
ef4a
0000
0000
0000
0000
0000
0000
0000
0000
0000
bf00
0200
0000
0000
00c0
10ff
0000
0000
0000
0000
0000
0000
0000
0000
0000
00ff
0000
0000
f0ff
0000
0000
0000
0000
0000
0000
0000
0000
0000
0000
0000
0000
0000
00fd
ff0f
0000
bf00
0200
0000
0000
97ed
0050
0000
0000
0000
0000
0000
18f0
30ff
0000
ff00
0000
0000
0000
00f0
0000
0000
0000
0000
0000
0000
0000
0000
0000
ff00
0000
0000
0000
00f0
0000
0000
0000
0000
0000
0000
0000
0000
0000
0000
0000
0000
0000
f0ff
0000
0000
0000
0000
0000
0000
0000
0000
0000
ff00
0000
0000
0000
00f0
0000
0000
ff00
ff06
0000
0000
0000
0000
0000
0000
0000
0000
0000
00f0
0000
0000
ff00
0000
0000
0000
00f0
0000
0000
0000
0000
0000
0000
0000
0000
20ea
ff00
0200
0000
00f0
00f0
f0ff
ff00
0000
0000
0000
0000
0000
0000
0000
0000
ffff
0000
0000
00f0
f0ff
0000
ff00
0000
0000
0000
0000
0000
0000
0000
0000
0000
0000
00d0
fc3f
0000
ff09
0a00
0000
0000
0000
0000
0000
0000
0000
0000
0000
3a60
50ff
0000
ff00
0000
0000
0000
3af0
0000
0000
0000
0000
0000
0000
0000
0000
0000
df00
0000
0000
0000
00b0
f0ff
0000
0000
0000
0000
0000
0000
0000
0000
0000
00fe
0000
0000
00f0
0000
0000
ff00
0000
0000
0000
0000
0000
0000
0000
0000
0000
0000
00f1
0000
0000
6600
0800
0000
0000
0000
0000
0000
0000
0000
0000
0000
ffff
0000
0000
0000
0000
0000
0000
cf04
0000
0000
0000
0000
0000
0000
0000
0000
0000
ff00
0000
0000
0000
00f4
f0ef
0000
0000
0000
0000
0000
0000
0000
0000
0000
0700
0000
0000
70ff
0000
0000
0000
0000
0000
0000
0000
0000
0000
0000
0000
0000
0000
00d0
d0bf
0050
0200
00e0
60ff
0000
0000
0000
0000
0000
0000
0000
0000
0080
00f2
0000
0000
20fe
0000
0000
0060
0000
0000
0000
0000
0000
0000
0000
0000
0000
ff04
ef00
0000
0000
fe0d
0000
0000
0000
0000
0000
0000
0000
0000
0000
0000
ffff
0000
0000
ff05
0000
0000
ff0f
0000
0000
0000
0000
0000
0000
0000
0000
0000
0000
c0ff
0000
0000
0200
0000
0000
0000
ff09
0000
0000
0000
0000
0000
0000
00f0
0000
0000
ff00
0000
0000
0000
00f0
0000
0000
0000
0000
0000
0000
50ff
0000
0000
0000
0000
0000
0000
f0ff
0000
0000
1d00
0000
0000
0000
0000
0000
0000
0000
0000
0000
0000
00b0
fdad
0000
0000
0000
0000
0000
0000
0000
0000
0000
0000
0000
0000
0000
0000
0000
0000
0000
0000
0000
0000
0000
0000
0000
0000
0000
0000
0000
0000
0000
0000
0000
0000
0000
0000
0000
0000
0000
0000
0000
0000
0000
0000
f50f
0f00
0000
0000
0000
0000
0000
0000
0000
0000
0200
0000
0000
0000
0000
0000
0000
0000
00f5
ffff
00f4
fa1e
0000
0000
0000
0000
0000
0000
0000
0000
40ff
f8ff
0000
0000
0000
0000
0000
0000
0000
0040
c08f
20fb
3f20
00f9
0500
0000
0000
0000
0000
0000
0000
0000
0000
0000
0000
0000
0000
0000
0000
0000
0000
0000
0000
0000
709f
0000
0000
4f00
0000
0000
0000
0000
0000
0000
0000
0000
0000
0000
0000
0000
0000
0000
0000
0000
0000
0000
0000
0000
0000
0000
0000
0000
0000
0000
0000
0000
0000
0000
0000
0000
0000
0000
0000
0000
0000
0000
0000
0000
0000
cccc
0000
0000
0000
0000
0000
0000
0000
0000
0000
0000
0000
ff00
0000
0000
0000
0000
0000
0000
0000
0000
0000
0080
0000
0000
0000
0000
0000
0000
00ff
fd07
ffde
0000
0000
0000
0000
0000
0000
0000
0000
0000
0050
0000
0000
0000
0000
0000
0000
0000
0000
0000
0000
0000
0000
0000
feaf
6206
0000
0000
0000
0000
0000
0000
0000
0000
9f00
6f00
2f00
0d00
0000
0000
0000
0000
0000
faff
0000
dfd8
3036
ab00
0000
0000
0000
0000
0000
00f6
0000
ffed
0050
e17f
0000
0000
0000
0000
0000
0000
0000
0010
00f4
f04f
0000
0000
0000
0000
0000
0000
0000
00d1
fe06
ffde
0000
0000
0000
0000
0000
0000
0000
0000
00f8
0081
0000
0000
0000
0000
0000
0000
0000
0000
0000
0000
0000
0000
0000
0000
ff00
0000
0000
0000
0000
0000
0000
0000
0000
0000
0000
3a00
0800
0000
0000
0000
0000
0000
0000
0000
ffff
0000
0000
0000
0000
0000
0000
0000
0000
0000
00a4
0000
ff8e
0000
0000
0000
0000
0000
0000
00d0
00e3
00f1
2012
0000
0000
0000
0000
0000
fe05
50ff
8f00
0020
fd5f
10fc
0000
0000
0000
0000
0000
0000
0050
f61e
0000
0000
0000
0000
ff00
0000
0000
0000
0030
00fc
0000
0000
0000
0000
ff09
fc09
0f00
0000
0000
0000
0000
0000
0000
0000
0050
50ff
ff00
0000
0000
0000
0000
0000
0000
ffff
0000
0050
50ff
ff00
0000
0000
0000
0000
0000
60cc
0000
0000
0050
50ff
ff00
0000
0000
0000
0000
00f4
2201
cccc
0000
10f7
0000
0000
0000
0000
0000
00f0
f05f
dfcc
0000
0000
0000
0000
0000
0000
0000
0000
0000
0000
0000
0000
0000
0000
0000
0000
0000
0000
0000
0000
0000
0000
0000
0000
0000
50ff
ff00
0000
0000
0000
0010
0000
0000
0000
0000
0050
50ff
ff00
0000
0000
0000
0000
0000
0000
0000
0070
f958
50ff
ff00
0000
0000
0000
0000
0000
5f00
0000
e26f
0050
50ff
ff00
0000
0000
0000
0000
00f6
7f00
0000
0000
10f7
0000
0000
0000
0000
0000
0010
10ff
00c7
0000
0000
0000
0000
0000
0000
0000
0000
00f0
e05f
ff07
92fd
0000
0000
0000
ff00
0000
0000
0000
0000
00ff
0000
0000
0000
0000
ff2d
ff04
0000
0000
0000
0000
0000
0000
0000
0000
5f00
0000
0000
0000
0000
0000
0000
0000
0000
0000
0000
0050
50ff
df00
0000
0000
0000
0000
0000
ff02
2f00
0300
70cf
0b00
0000
0000
0000
0000
0000
0020
e05f
06f2
30df
f5ff
0000
0000
0000
0000
0000
0000
0000
0000
f91e
0000
0000
0000
0000
0000
0000
0000
0000
0000
0000
0050
0000
0000
0000
ff0f
0000
0000
0000
0000
0000
0000
0000
0000
80ff
50ff
ff00
0000
0000
0000
0000
0000
0000
0000
0000
0000
b06f
0400
0000
0000
0000
0000
0000
0000
0000
0000
00f5
f50f
0f00
0000
0000
0000
0000
0000
0000
0000
d04f
0000
0000
0000
0000
0000
0000
0000
0000
0000
0000
0000
0000
cccc
0000
0000
0000
0000
0000
0000
0000
0000
0000
0000
0000
0000
0000
0000
0000
0000
0000
00f5
f80c
0000
0000
0000
ff00
0000
0000
0000
0000
0030
0000
0000
0000
0000
0000
0200
0800
0000
0000
0000
0000
0000
0000
0500
0000
ff5f
f90c
0f00
0000
0000
0000
0000
0000
0000
0000
0290
ffff
f80c
0000
0000
0000
0000
0000
0000
0000
0000
00f5
f50f
0f00
0000
0000
0000
0000
0000
00ff
ff05
0500
0091
0000
7f00
0000
0000
0000
0000
0000
50ff
ff00
0000
0000
0000
0000
0000
0000
0000
0000
0000
0000
0000
0000
0000
0000
0c00
0000
0000
0000
0000
0000
0000
0000
0000
0000
50ff
ff00
0000
0000
0000
0000
0000
0000
0000
0000
0050
50ff
ff00
0000
0000
0000
0000
0000
0000
0000
0000
00e3
50ff
ff00
0000
0000
0000
0000
0000
0000
50ec
0300
0050
50ff
ff00
0000
0000
0000
0000
0000
0070
ff04
0200
00a1
0000
0000
0000
0000
0000
0000
0010
e07f
8f00
ffed
0050
50ff
0000
0000
0000
0000
0000
0000
00f5
f52f
0f00
0000
0000
0000
0000
0000
0000
0000
0000
0000
0000
0000
0000
0000
0400
0400
0000
0000
0000
0000
0000
0000
0000
00f5
fdcf
0f00
0000
0000
0000
0000
0000
0000
0000
0000
0050
50ff
ef00
0000
0000
0000
0000
0000
0000
f70d
cf00
0bf1
ee01
0000
0000
0000
0000
0000
0000
0070
f6a9
00fc
d0ff
0000
0000
0000
0000
0000
0000
0000
0000
0090
ef01
0000
0000
0000
0000
0000
0000
0000
0000
0000
0000
0010
0000
0000
0000
0000
0000
0000
0000
0000
0000
0000
0000
4200
fc07
0f00
0000
0000
0000
0000
0000
0000
0000
0000
0050
50ff
ff00
0000
0000
0000
0000
0000
0000
0000
0000
00f5
af00
0c00
0000
0000
0000
0000
0000
0000
0000
0030
1a00
0000
0000
0000
0000
0000
0000
0000
0000
0000
0000
0000
0000
0000
0000
0000
0000
0000
0000
0000
0000
0000
0000
00ff
0000
0000
0000
0000
0000
0000
900f
0000
0000
0000
0000
0000
0000
0000
405f
ff0f
0000
0000
0000
f00f
0000
0020
0a00
00f4
0000
0000
0000
0000
12e9
0070
8f00
0000
0000
0000
0000
ff09
00c0
9cd9
0000
0000
0000
0000
0000
0000
0000
0000
0000
0000
0000
0d00
0000
fb03
0000
0000
0000
00b0
0000
0000
0000
0000
0000
0000
0000
0000
f948
0000
0000
0000
0000
0000
0000
8f88
0000
0000
0000
0000
0000
0000
0000
0000
0090
0000
0000
0000
0000
0000
0000
0000
0000
0000
0000
0000
0000
0000
0000
0000
0000
0000
be00
0000
0000
0000
0000
0000
00f9
f00f
00f0
10fc
0000
0000
0000
00f0
0000
0000
0000
0000
0000
0000
9bfc
0000
b09f
0000
0000
0000
0000
c9df
0000
3c00
0000
0000
0000
0000
0000
0000
00dd
0000
0000
0000
0000
0000
0000
3600
00d0
0000
0000
0000
0000
0000
0f00
00fd
0000
0000
0000
0000
4f00
0000
0020
0000
0000
0000
0000
00f2
0000
0000
0000
0000
0000
0000
f10f
0000
0000
0000
0000
0000
0000
0000
0000
0000
0000
0000
0000
0000
0000
0000
0000
0000
0000
0000
0000
0000
fadf
0000
0000
0000
0000
0000
0000
0000
0000
0000
0000
0000
0000
0000
9e03
0000
0000
0000
0000
0000
f01f
0000
0000
0000
0000
0000
0000
00f4
8a00
00fb
01b0
9b98
0000
0000
6f00
0000
ffff
0000
0000
0000
0000
ff00
00a0
00ff
0020
0000
0000
0000
0700
0000
f40c
0090
0000
0000
0000
0000
0000
0000
c1ef
0000
0000
0000
0000
0000
0000
8888
0000
0000
0000
0000
00ff
0000
0000
0000
0000
0000
f81c
f00f
00ff
fc3e
0000
0000
0000
0000
0000
0f00
ff00
0000
0000
0000
0000
0000
0000
0000
0000
0000
0000
0000
0000
0000
0000
0000
0000
0000
ff00
0000
00ff
0000
0000
0000
0000
0000
0000
ff00
0000
0000
0000
0000
f0ff
00d0
00f0
f5ff
0000
0000
0000
00f0
f50b
0000
0800
0000
0000
0000
00d2
00f1
00f0
0060
0000
0000
0000
fcad
ff00
0071
00ff
0000
0000
0000
df99
0e00
0f00
df01
e505
0000
0000
8988
0000
cf88
0000
0000
0000
0000
c9df
0000
9e04
0000
0000
0000
0000
8808
0000
0000
0000
0000
0000
0000
0f00
ff00
f00f
00fc
0000
0000
0000
0000
0a00
0000
00c0
0000
0000
0000
0900
3f00
00fd
00c0
0000
0000
0000
40ff
fd05
0000
00f3
0000
0000
0000
5f00
0b00
0000
0000
0000
0000
0000
ffff
0000
0000
af00
00ff
0000
0000
0000
0000
0000
0f00
0000
0000
0000
0080
0000
00f4
0000
00ee
0000
0000
0f00
0000
f00f
0000
00f0
0000
0000
0000
0000
0000
0000
0000
0000
0000
0000
0000
0000
0000
0000
0000
0000
0000
0000
0000
0000
0000
0000
0000
0000
0000
0000
0040
0000
0000
0000
0000
f00f
0000
00f0
0000
0000
0000
0000
0000
00fc
f20e
0000
0000
0000
0000
0000
ff05
0e00
00ef
0000
0000
0000
0000
0600
0000
f68a
0000
0000
0000
0000
f00f
0000
00f0
0000
0000
0000
0000
fc06
0000
c9df
0000
0000
0000
0000
0f00
00ff
f00f
0000
0000
0000
0000
0000
0000
0000
0000
0000
0000
0000
0000
00f0
0000
0000
0000
0000
f00f
0000
ffff
0000
0000
0000
0000
0000
0000
ff00
0000
0000
0000
0000
0000
f7bf
0ff0
00ff
0000
0000
0000
0000
afb8
0000
ff00
0000
0000
0000
0000
d99f
0000
0110
0000
0000
0000
0000
ee0f
0000
00f5
0000
0000
0000
0000
0000
00ff
fb08
0000
0000
0000
0000
0000
0000
0f00
0000
0000
0000
0000
0000
1085
0000
0000
0000
0000
0800
0000
f00f
0000
0000
0000
0000
0000
00ff
f00f
0000
0000
0000
0000
0000
ef01
0000
0000
0000
0000
0000
0000
1f00
0050
0970
0000
0000
0000
0000
00f3
0000
fbd6
0000
0000
0000
0000
a08f
0000
f90c
0000
0020
0000
0000
0f00
0000
8f00
0000
0000
0000
d08f
0000
0000
0000
0000
0000
0000
00f0
0000
0000
0000
0000
0000
0000
f80d
0000
f50b
0000
00f0
0000
0000
0000
0000
7d00
00e7
0000
0000
0000
0000
0000
0000
0000
0000
0000
0000
0000
0000
0000
0000
0000
0000
0000
0000
0000
0000
00f0
0000
0000
0000
0000
03e7
2f80
e700
0000
0000
f8ff
0061
1f00
00af
0000
009c
c910
0ec0
0000
0000
eb66
00f8
4f00
0000
0000
0000
0000
0000
0000
0000
0000
0000
0000
00c1
0000
0000
0090
0040
0000
0000
0000
a0ff
0000
0000
0000
0000
00af
00af
0000
0000
0000
0000
0000
0000
0000
0000
0011
0000
0000
0000
0000
0000
0000
0000
0000
106e
0060
0000
0000
0000
ec56
0f00
5f00
0000
0000
00fa
00fa
00fa
0000
0000
f858
f309
0020
0000
0000
cf55
f5ff
4f00
0000
0000
ff0a
af60
bf33
0000
0000
4444
ed46
5f00
0000
0000
6465
ee46
5f00
0000
0000
4e44
207f
00f1
0000
0000
cf55
e3ff
0d00
0000
0000
ec57
1f00
6f00
0000
0000
0000
0000
0000
0000
0000
0000
0000
0000
0000
0000
0000
e8bf
fb9e
0000
0000
0000
3333
0000
0000
0000
0000
0092
00b4
0000
0000
f858
e31c
0000
0000
0000
64fa
402f
00bc
54e8
0000
a0cf
9f60
4644
0000
0000
af45
fbff
0300
0000
0000
6d84
0000
0100
0000
0000
af45
0000
0800
0000
0000
4444
f9ff
0000
0000
0000
4444
0000
0000
0000
0000
6d85
0000
0000
0000
0000
0000
0000
0000
0000
0000
0000
0000
0000
0000
0000
af00
af00
dc00
0000
0000
4f00
00f5
af00
0000
0000
0000
0000
0000
0000
0000
0000
00f5
ec08
0000
0000
0000
10ae
3f00
0000
0000
6c84
0000
0000
0000
0000
7e44
3c01
0000
0000
0000
6c84
0000
0000
0000
0000
7e44
3c01
0000
0000
0000
8e65
61fb
0400
0000
0000
b44f
a00f
a00f
0000
0000
0000
0000
0300
0000
0000
0000
2f00
e1fc
0000
0000
df00
900f
00f6
0000
0000
0a00
a0cf
3f10
0000
0000
0000
cdf8
a00f
0000
0000
5f44
308f
0000
0000
0000
0000
0000
0000
0030
0000
0000
0010
00e8
0000
0000
0000
0000
0000
0000
0000
00b0
602f
0000
0000
0000
0000
0000
0000
3333
0000
0000
0000
0000
0000
0000
0000
be00
bf00
0000
0000
0000
7f00
5f00
0000
0000
0000
3f00
2e00
0000
0000
0f00
1f00
1f00
0000
0000
0000
2f00
0000
0000
0000
0010
0000
0000
0000
0000
0000
2f00
1f00
ce46
0000
0000
cd00
af00
0000
0000
0000
0000
0000
0000
0000
0000
0000
0000
0000
0000
0000
607f
806f
0000
0000
0000
0000
0000
0000
0000
0000
cf00
af00
0000
0000
0000
cd00
af00
0000
0000
0000
2f00
2f00
0000
0000
0000
8f00
6f00
0000
0000
0000
1f00
1f00
0f00
0000
0000
0000
0000
0000
0000
0000
8a00
ae00
0000
0000
0000
0000
0000
0000
0000
0000
af00
bf00
0000
0000
0000
f503
00bd
0000
0000
0000
bd1f
04f1
0000
0000
0000
605f
703f
0000
0000
0000
f506
00ec
0030
0000
0000
d11d
0010
0000
0000
0000
0000
0000
00c2
0000
0000
0000
0000
0000
0000
0000
0051
0000
0000
0000
0000
00c4
0000
0000
0000
0000
0000
0000
0000
0000
0000
0000
0000
0000
0000
0000
0000
0000
0000
0000
0000
b034
0000
0000
601f
0000
0000
0000
6d94
0000
0000
ae00
0000
0000
0000
0000
0000
0000
302f
0000
4008
0000
0010
0500
0000
7f09
0000
0000
0000
22f3
0000
0000
0000
0000
0000
0000
00f0
0000
0000
0000
0000
0000
0000
0000
6300
0000
104f
0000
0000
0000
00f1
0000
0000
0000
0000
0000
0000
a04c
0000
0000
3f00
0000
0000
0000
e007
0000
0000
6c4f
0000
0000
0000
0090
0000
0000
a10c
0000
0000
0000
f1fa
0000
0000
0002
0000
0000
0000
0000
4a00
0000
0000
0000
0000
0000
0000
0000
0000
810e
0000
0000
0000
0070
0000
0000
700e
8d30
ce05
0000
f203
0000
0000
104f
0000
0000
0000
0000
0000
0000
104f
0000
0000
0000
0022
0000
0000
104f
0000
0000
0000
ff7f
0000
0000
104f
0010
0000
0000
0000
0000
0000
0000
0000
0000
0000
00d1
0000
0000
104f
0000
0000
0010
b690
0000
0000
1c4f
0010
0000
0000
0400
0000
0000
104f
0000
0000
0000
0400
0000
0000
104f
0010
0000
0000
f838
0000
0000
0000
0000
0000
0000
4f00
0000
0000
f105
0000
0000
00e7
0ef1
0000
0000
0d00
0000
0000
0000
00f6
0000
0000
0000
0000
0000
0000
0000
4f00
0000
f202
0000
0000
0000
0000
0400
0000
133f
0000
0000
0000
0000
0f00
0000
0000
0000
0000
0000
f1ff
0000
0000
b34f
0000
0000
0000
0000
0000
0000
d40a
0000
0000
0000
f1ff
0000
0000
f305
0000
0000
0000
f104
0000
0000
a34f
0000
0000
0000
0000
0000
0000
f104
0000
0040
0000
0030
0000
0000
104f
0000
0000
0000
104f
0000
0000
a34f
0000
0000
0000
f005
0000
0000
a34f
0000
0010
0000
f104
0000
0000
924f
0000
0000
0000
0040
0000
0000
f305
0000
0000
0000
f104
0000
0000
203f
0000
0000
0000
d0d5
0000
0000
b00b
0000
0000
0000
00b9
0000
0000
2202
0000
0000
0000
0000
0100
0000
104f
0000
0000
0000
00b0
0700
0000
0000
0000
0000
0000
0000
0000
0000
0000
0000
0000
0000
0000
0000
0000
0000
0000
0000
0000
0000
0000
0000
0080
00c0
0080
0000
0000
0000
0000
0000
0000
0000
00e0
001f
c071
0000
0000
0000
0080
0000
0000
0000
0000
0000
0000
0000
0000
0000
0000
0000
0000
0000
0000
0000
0000
0000
0000
0000
0000
0000
0000
0000
0000
0000
0000
0000
0000
0000
0000
0000
0000
0000
0000
0000
0000
0000
0000
0000
0000
0000
0000
0000
0000
0000
0000
0000
0000
0000
0000
0000
0000
0000
0000
0000
0000
0000
0000
0000
0000
0000
0000
0000
0000
0000
0000
0000
0000
0000
0000
0000
0000
0000
0000
0000
0000
0000
0000
0000
0000
0000
0000
0000
0000
0000
0000
0000
0000
0000
0000
0000
0000
0000
0000
0000
0000
0000
0000
0000
0000
0000
0000
0000
0000
0000
0000
0000
0000
0080
0000
0000
0000
0000
0080
0000
0000
0000
0000
0000
0000
0000
e003
0c1c
e0f9
00fc
0000
0000
00c0
0070
0000
0000
00e0
0070
0000
0000
00e0
0000
003c
0000
0000
00e0
0038
00e0
0000
0000
0000
0000
00f0
0000
00e0
0000
0000
0000
0000
00e0
0000
001e
0000
0000
0038
00f8
0038
0000
0000
0000
0000
0000
0000
0000
0000
0000
0000
0000
00e0
0000
0080
0000
0000
0000
0000
0000
0000
0000
003f
00c7
0007
0000
0038
0038
0038
0078
0000
00f0
0007
001e
0000
0000
00f0
00e0
0000
0000
0000
001e
0007
00fc
0000
0080
0038
00f0
003c
0000
0080
0000
0070
0000
0000
0000
0000
0000
0000
0000
0038
0038
00e0
0000
00f0
00c0
0000
0000
0000
3cc0
f070
c01d
0000
0000
00c0
0000
00c0
0000
0000
0080
0000
0000
0000
00e0
0000
0000
00e0
0000
0000
0000
0000
0000
0000
0000
0000
0000
0000
0000
0000
0000
0000
0000
0000
0000
0000
0000
0000
0000
0000
0000
0000
0000
0000
0000
0000
0000
0000
0000
0000
0000
0000
0000
0000
0080
0000
0000
0000
0000
0000
0000
0000
0000
0000
0000
0000
0000
0000
0080
0000
0000
0000
0000
0000
0000
0000
0000
0000
0000
0000
0000
0000
0000
0000
0000
0000
0000
0000
0000
0000
0000
0000
0000
0000
0000
0000
0000
0000
0000
0000
0000
0000
0000
0000
0000
0000
8003
8003
0000
0000
0000
0000
0000
0000
0000
0000
0000
0000
0000
0000
0080
0000
0000
0000
0000
0000
0000
0000
0000
0000
0000
0000
0000
0000
0000
0000
0000
0000
0000
0000
0000
0000
0000
0000
0000
0000
0000
0000
0000
0000
0000
0000
0000
001c
0070
0000
0000
0000
0000
0000
0000
0000
0000
0000
0000
0000
0000
0000
0000
0000
0000
0000
0000
0000
0000
0000
0000
0000
0000
0000
0000
0000
0000
0000
0000
0000
0000
0000
0000
0000
0000
0000
0000
0000
0000
0000
0000
0000
0020
0000
0000
0000
0000
00f8
8019
0300
00c0
0000
3f00
30cc
0000
0c00
0076
0000
0000
0000
0006
3000
0000
0018
0c00
0000
0000
0000
0000
0003
0000
0000
0000
0000
0000
0000
0000
0000
0000
0400
0000
0000
3000
0060
0000
0300
0000
0000
0100
0000
c03f
0000
0000
c007
0000
0000
c03f
0000
0000
6070
0000
0070
000c
0000
0060
e03f
0000
0070
0000
0000
0000
0000
3000
0000
0000
0100
0000
0000
0000
0000
0000
0700
0000
c000
0600
0000
e130
0300
00c0
fc1f
0000
0006
0730
0000
0000
f003
3f00
8001
0000
3000
0000
0000
3000
0000
0000
6000
0000
0330
3000
0000
0018
1800
0000
6000
1f00
0000
e01c
0000
0000
0030
0000
6003
d830
0000
00c3
0000
0f00
8001
0000
3000
0000
0000
6080
00ff
0000
3000
0000
1818
0000
0000
8001
0100
0000
0330
0000
0003
3006
0000
1878
860d
0000
0070
0770
0000
00e0
0000
0000
0000
0000
3000
0000
0000
1000
0000
0078
1800
0000
0009
0000
0000
0000
0000
0000
0000
0000
0000
603c
0000
0000
3038
0000
00e0
800f
0000
0030
0000
0000
0000
0000
7e00
0000
0000
7000
0030
0030
3000
0000
0000
3000
0000
0030
3000
0000
003e
0000
0000
0030
0000
008f
6030
0000
0030
0000
0000
0030
0000
0000
0038
0000
3800
00b0
0000
3000
0000
0000
0000
0000
007e
1800
0000
3030
0000
0000
c018
0000
0000
161a
0000
00e0
6060
0000
0060
0006
0000
0000
0000
1800
0000
0000
2000
0000
0060
0600
0000
0000
0000
0000
0000
0000
0000
0000
0000
0000
0000
0000
0000
0012
0000
0000
0000
0100
0000
003e
0000
0000
0000
c000
0000
0018
3000
0000
0000
0000
0000
0000
6000
0000
0000
0000
0000
0018
c000
0000
8061
0000
0000
0000
3800
0000
8003
0000
0000
0000
6300
0000
006e
0000
0000
0000
6100
0000
8061
0000
0000
0000
0000
0000
0000
0100
0000
0000
0000
0000
003e
0000
0000
6666
0000
00e0
0000
6000
0000
0060
0000
0018
0000
3f00
0000
c03f
0000
0000
0000
6000
0000
0030
0000
0000
0000
3100
0018
0060
7f00
0006
8661
7000
00f0
c007
3800
0000
0030
0000
00dc
0000
6000
0000
e000
0000
0000
0000
6000
0000
c030
0000
0023
0000
0d00
0000
c030
0000
00c0
0000
c000
0000
00c0
1800
0000
0030
0800
0000
0000
0000
0000
0000
0000
0080
0000
6000
0000
0060
0000
00c0
0000
6100
0000
0030
0000
00c0
803f
7f00
0000
0060
0000
0000
0060
6000
0080
0060
6000
0000
8661
0000
0080
0000
3100
0000
c060
0000
00c0
0000
6000
0000
007e
0000
0000
0000
6100
0000
8061
0000
0018
0000
7300
0000
8061
0c00
0000
0000
6000
0000
0060
6000
0000
0030
0000
0000
0000
0000
0000
0000
0000
0000
0024
0049
0000
0000
0083
0000
0020
0000
0020
0000
0008
0000
0000
0000
0000
0020
0022
0000
0000
0040
001c
0014
0000
0000
0041
0008
0022
0000
0000
0000
0000
0000
0000
0000
0006
0002
300c
0000
0000
4040
0040
8041
0000
0000
0040
0040
4040
0000
0000
0084
0058
0040
0000
0000
4041
1040
8020
0000
0000
4020
0018
0008
0000
0000
0012
8822
0021
0000
0000
0020
0040
0080
0000
0020
0000
0000
0020
0000
0000
0041
0041
0001
0000
0000
0020
0041
0040
0000
0000
0040
0090
0040
0000
0000
0041
0041
0000
0000
0001
0040
0042
0020
0000
0000
0028
4044
0000
0000
0020
0020
0020
0040
0000
0020
0000
0000
0000
0020
0050
0000
0000
0000
0000
0000
0000
0040
0010
0000
0008
0000
0000
0000
0020
0042
0038
003c
0000
0000
0000
0000
0000
0000
003c
0042
0000
0000
0060
007e
0060
0042
1020
001c
007e
0000
0000
0000
0000
0000
0000
8040
0020
0084
0044
0020
2091
8048
4040
0041
8031
007f
0000
0000
0000
0000
0000
0000
8080
0008
0020
0040
0020
0020
0044
0000
0000
0000
0040
0000
0000
0000
0000
0000
0002
0042
0040
0040
0050
0040
4044
0066
003c
0000
0000
0000
0000
0000
0000
0000
0000
0000
00c6
0018
0040
0040
0040
0010
0000
0000
0000
0040
0000
0000
0094
004a
0000
0000
00a0
0020
0000
0000
0000
0088
0020
0000
0000
0040
0088
0040
0000
0000
0000
0010
0000
0000
404d
007c
0000
0000
0040
0040
003e
0000
0010
0070
0040
0000
0000
0044
004a
0000
0000
0042
0044
0022
0000
007c
0040
0020
00c0
0000
0000
0090
0000
0000
0000
0040
0068
0000
0080
00a0
0080
0000
0000
00b0
0088
0000
0000
0000
0050
0028
0000
0000
0040
0040
0080
0000
0000
7eff
0010
3c18
ffff
ffc3
1818
e6e7
80c0
0018
1b1b
fefe
1818
0000
0000
00fe
0000
0000
7cc6
76cc
0c18
0000
1818
1818
386c
fec6
1e0c
7cc6
7cc6
0018
060c
6030
7cc0
fc66
f86c
f060
c6c6
78cc
fe66
c6c6
f060
e666
3c18
1038
c6c6
fec6
0206
0000
0000
7c66
76cc
f060
e666
0606
3c18
6666
7c66
f060
1c36
183c
c66c
fec6
1818
0000
0c3c
7cc6
76cc
76cc
7cc6
7cc6
3c18
c6c6
fe66
cecc
7cc6
76cc
7ec6
7cc6
fce6
c6cc
76cc
7cc6
6666
0000
7cc6
0006
3e9e
0000
4411
77dd
1818
3636
1818
3636
0000
0000
0000
1818
0000
1818
0000
0000
3636
3636
0000
3636
0000
3636
1818
1818
ffff
0f0f
76dc
c0c0
fec6
6060
7e18
ee6c
0000
1c30
00fe
7e00
1818
0018
0000
0000
0000
007c
81a5
fe38
4266
303f
fe3e
6c38
1818
ff66
3078
18cc
1818
fc00
3030
0cf8
7ccc
00fc
cccc
7868
3030
fefe
cccc
cccc
78cc
1818
0c78
cc78
3070
fecc
cc76
cccc
cccc
1c30
cc00
0c78
cc78
3070
0c7f
7800
663c
fc78
3070
eccc
fc00
1800
aa55
18f8
06f6
3636
1818
1818
303f
00ff
00ff
181f
1818
f0f0
f8cc
d87e
fec6
db7e
30fc
1818
1800
6030