0000
7465
0000
080a
0000
0000
0000
0000
1c1b
3c3b
5c5b
7c7b
9c9b
bcbb
dcdb
fcfb
ffff
ffff
ffff
ffff
030c
0605
0908
1306
251a
6665
a4a3
d9d8
0507
b1a1
3a39
7a79
b6b5
f2ea
0701
001c
245f
0035
0190
0808
0808
0808
0808
0001
0808
0808
0808
0808
0008
0808
0808
0808
0808
0808
0808
0808
0808
0001
0000
0606
0807
0606
dafc
0000
0908
0404
0503
0000
0606
040c
0309
000e
0000
0a0a
0e0c
0a06
0000
0606
1119
0d07
0001
0000
0b09
1b12
1b07
0026
0000
0808
0909
0707
0000
0d0a
090b
090a
0008
0000
0c0c
0e0e
0c0b
799c
0000
0e0c
070a
0906
0000
0a0b
0917
0711
001c
0000
1818
1c1a
180e
0000
0000
0000
0000
0000
0000
0000
0000
0000
0000
0000
0000
0000
0000
0000
0000
0100
0201
0805
0f0c
1b16
2c25
433a
6055
7c70
9a8e
b7ac
d0c7
e6df
f5ef
fefb
ffff
ffff
ffff
ffff
ffff
ffff
ffff
ffff
ffff
ffff
ffff
ffff
ffff
ffff
ffff
ffff
ffff
ffff
ffff
ffff
ffff
ffff
ffff
ffff
ffff
ffff
ffff
ffff
ffff
ffff
ffff
ffff
ffff
ffff
ffff
ffff
ffff
ffff
ffff
ffff
ffff
ffff
ffff
ffff
ffff
ffff
ffff
ffff
0000
0000
0000
0000
0000
0000
0000
0000
0000
0000
0000
0000
0000
0000
0000
0000
0000
0000
0000
0000
0000
0000
0000
0000
0000
0000
0000
0000
0000
0000
0000
0000
0000
0000
0000
0000
0000
0000
0000
0000
0000
0000
0000
0000
0000
0000
0000
0000
0000
0000
0000
0000
0000
0000
0000
0000
0000
0f00
0000
0000
0000
f1ff
0000
0000
0000
0000
0000
0000
0000
0000
0000
0000
0000
0000
0000
0000
0000
0000
0000
0000
0000
0000
0000
ff0f
0f00
0000
0000
0000
0000
0000
0000
0000
0000
0000
0000
0000
0000
0000
0000
0000
0000
0000
0000
0000
0000
0000
0000
0000
0000
ff05
ff0b
0000
0000
ffff
0100
0700
0000
0000
ffff
ffff
0000
0000
0000
ff0f
fa5f
0000
0000
0000
0000
0000
0000
0000
f0ff
0000
0000
0000
feff
00e3
0000
0000
0022
0000
ff03
0000
0000
ffff
0000
0f00
0000
00fa
4a01
9f00
0000
0000
0000
0000
0000
0000
0000
0000
0000
0000
0000
0000
ffef
df00
0000
10fd
00f8
ffef
0000
0000
0610
0600
0000
00e0
0000
0000
0000
0000
0000
0000
0000
0000
0000
0000
0000
0000
0000
0000
0000
ffff
0000
0000
0000
af00
ff2f
0000
0000
0000
9f00
ff0a
0000
40ff
0000
feff
0000
0050
0000
0000
0000
0000
0000
0000
0000
0000
0000
0000
0000
0f00
0000
0000
0000
00f7
0000
0000
0000
0000
0000
0000
0000
0000
0000
0000
0000
0000
0000
0000
0000
0000
0000
0000
0000
0000
0000
ff0b
0000
0000
0000
0000
ff9f
0000
0000
0000
0000
0f00
0000
0000
0000
f8ff
0000
0000
0000
00f9
0000
0000
0000
00fb
0000
0000
0000
0000
0000
ef01
0000
0000
0000
ff08
0000
0000
0000
d0ff
0000
0000
0000
0000
5f00
0000
0000
0000
0080
0100
0000
0000
0000
0000
0000
0000
0000
0000
0000
0000
0000
0000
0000
0000
0000
0000
ffff
0000
0000
0000
00f6
0000
0000
0000
0000
0000
0000
0000
0000
0000
0000
0000
0000
0000
0000
0000
0000
0000
0000
0000
0000
0000
0000
ff00
ff00
0000
0033
10ff
0000
0000
0000
0000
0000
0000
0000
0000
0000
0000
0000
0000
0000
0000
0000
0000
0000
0000
0000
0000
0000
0000
0000
0000
0000
0000
0000
0000
0000
0000
0000
0000
ff00
0000
0000
0000
0000
0000
0000
0000
0000
0000
0000
0000
0000
0000
0000
0000
0000
0000
0000
0000
0000
f0ff
0000
0000
0000
0000
0000
0000
0000
0000
0000
0000
0000
0000
0000
0000
0000
0000
0000
0000
0000
0000
0000
0000
0000
0000
0000
0000
0000
0000
0000
0000
0000
0000
0f00
0000
0000
0000
0000
0000
0000
0000
0000
0000
0000
0000
0000
0000
0000
0000
0000
ff06
0000
0000
0000
0000
cf00
0000
0000
0000
0000
3f00
0000
0000
0000
0000
0000
0000
0000
0000
0000
0000
0000
0000
0300
0000
0000
feff
0000
ef00
0000
00f0
0000
10ff
0000
0000
ff2f
0000
0800
0000
0000
0000
0000
0000
0000
0000
0000
0000
0000
0000
0000
0100
0000
0000
0000
ff00
0000
0000
0000
10ff
0000
0000
0000
0000
ff00
0000
0000
0000
10ff
0000
0000
0000
0000
0000
0000
0000
0000
0000
0000
0000
0000
fbff
0010
0d00
0000
0080
0900
0000
0000
0000
0000
ffef
0000
0000
0033
ffff
0000
0000
0000
0000
0000
0000
0000
0000
0000
0000
0000
0000
f4ff
0080
0d00
0000
00b0
5c01
0000
0000
0000
ff06
0000
0e00
0000
00e1
ffff
0000
0000
0000
0000
0000
0000
0000
0000
0000
0000
0000
0000
00ff
0700
0000
0000
0000
ff01
ef01
0000
0000
00ff
3333
ff0f
0000
0000
ff01
0000
0000
0000
0000
0000
0000
0000
0000
0000
0000
0000
0000
feff
ffff
0000
0000
0000
0000
feff
0000
0000
ff9f
0000
0000
0000
0090
1c00
ff1c
0000
0000
0000
0000
0000
0000
0000
0000
0000
0000
0000
0000
ffaf
0000
0000
0000
0000
f1ff
0000
0000
ff3f
0000
0e00
0000
00fa
0000
ff08
0000
0000
0000
0000
0000
0000
0000
0000
0000
0000
0000
0000
ffff
ff00
0000
0030
5f00
0000
0000
0000
0000
ff04
0000
0000
0000
0030
0000
0000
0000
0000
0000
0000
0000
0000
0000
0000
0000
0000
0000
0000
0000
0000
0070
0000
f2ff
0000
0000
00a1
54fa
1e00
0000
00f0
0000
e2ff
0000
0000
0000
0000
0000
0000
0000
0000
0000
0000
0000
0000
0000
0000
0000
0000
0200
50ff
0000
0000
ff1f
0000
0000
0000
00f0
0000
0000
0000
0000
0050
0000
0000
0000
0000
0000
0000
0000
0000
0000
0000
0000
0000
0000
0000
0000
0000
0000
0000
0000
0000
0000
0000
0000
0000
0000
0000
0000
0000
0000
0000
0000
0000
0000
0000
0000
0000
0000
0000
0000
0000
0000
0000
0000
0000
0000
0000
0000
0000
0000
0000
0000
0000
0000
0000
0000
0f00
0000
0000
0000
0000
0000
0000
0000
0000
0000
0000
0000
0000
0000
0000
0000
00a7
0400
0000
0000
0000
0000
ffff
0000
0000
00f8
0000
0000
0000
0000
0000
0000
0000
0000
0000
0000
0000
0000
0000
0000
0000
0000
0000
0000
ffff
0300
0000
0000
3333
ffff
0000
0000
0000
0000
0000
0000
0000
0000
0000
0000
0000
0000
0000
0000
0000
0000
0000
0000
0000
0000
0000
0000
0f00
0000
0000
ffff
0000
0000
0000
0000
00b4
0e00
0000
0000
0000
0000
0000
0000
0000
0000
0000
0000
0000
0000
ffcf
0000
0000
00fd
0000
0000
0000
0000
40fe
0600
0000
0000
0000
0000
0000
0000
0000
0000
0000
0000
0000
0000
0000
0000
0000
0000
0000
0000
0000
ef17
0000
0060
0300
2f00
ef14
fcef
00f3
e0ef
00a0
0000
7f00
7f00
ff5d
6f10
0000
ff0b
0000
0070
ffff
0000
0000
0000
0000
0000
0000
0000
0000
00a0
ff0a
0000
0000
0000
0100
ef00
0000
0000
ffff
0000
2f00
0000
ff4f
0000
0000
0000
0000
0000
0000
0000
0000
0000
0000
0000
0000
0000
ffdf
0000
0f00
0000
70ff
4733
ffff
0000
0010
0000
0000
0f00
0000
f8ff
ffff
0000
0000
0000
0000
0000
0000
0000
0000
0000
0000
0000
0000
ffff
00f6
0c00
0000
cbcc
0000
10ff
0000
0000
0000
0000
3f00
0000
70ff
ffff
0000
0000
0000
0000
0000
0000
0000
0000
0000
0000
0000
0000
81ff
3333
0f00
0000
ffcf
0000
f1ff
0000
00f1
0000
0000
0f00
0000
e1ff
7c45
ffff
0000
0000
0000
0000
0000
0000
0000
0000
0000
0000
0000
ffff
ffff
0f00
0000
0000
0000
f1ff
0000
0000
0000
0000
0f00
0000
0000
0000
ffff
0000
0000
0000
0000
0000
0000
0000
0000
0000
0000
0000
0000
ffff
0f00
0000
0000
0000
f1ff
0000
0000
f8ff
0000
0f00
0000
0000
0000
f1ff
0000
0000
0000
0000
0000
0000
0000
0000
0000
0000
0000
0000
9c15
0000
0000
f6ff
0000
50ff
0000
0000
ffff
0000
ef00
0000
ffff
0000
ff9f
0000
0000
0000
0000
0000
0000
0000
0000
0000
0000
0000
0000
0000
0f00
0000
ff01
0000
f1ff
0000
00ff
ffff
ffff
0f00
0000
ff01
0000
f1ff
0000
00ff
0000
0000
0000
0000
0000
0000
0000
0000
0000
0000
0000
0000
0000
0000
0000
ffff
0000
0000
0000
0010
0000
0000
0000
0000
ffff
0000
0000
0000
0000
0000
0000
0000
0000
0000
0000
0000
0000
0000
0000
0000
0010
0000
0000
0000
0000
ffff
0000
0000
0000
0010
0000
20ff
0000
0000
00f8
febe
0000
0000
0000
0000
0000
0000
0000
0000
0000
0000
0000
fbff
0000
f1ff
0000
0000
0030
df01
0f00
0000
0000
ff6f
f1ff
0000
0000
df01
0000
0000
0000
0000
0000
0000
0000
0000
0000
0000
0000
0000
0000
0000
f1ff
0000
0000
0000
0000
0f00
0000
0000
0000
f1ff
0000
0000
0000
ffff
0f00
0000
0000
0000
0000
0000
0000
0000
0000
0000
0000
0000
0000
ffff
0010
ff7f
0000
ff6f
0f00
ffff
ff0d
e0ff
f1ff
0010
0000
fffe
0000
0f00
ffff
0000
0000
0000
0000
0000
0000
0000
0000
0000
0000
0000
ffff
0000
00ff
0000
ff4f
0f00
0000
ff01
ff0b
f1ff
0000
00ff
ff04
0000
0f00
0000
0000
0000
0000
0000
0000
0000
0000
0000
0000
0000
0000
0400
0000
0000
0000
0000
df00
0000
ff01
0000
10ff
0000
00fa
0000
0070
0000
0000
0000
0000
0000
0000
0000
0000
0000
0000
0000
0000
0000
ffff
0000
0000
1e00
0000
0f00
0000
f7ff
4533
ffff
0000
0000
0000
0000
0f00
0000
0000
0000
0000
0000
0000
0000
0000
0000
0000
0000
0000
0000
0000
0000
af02
0000
7f00
0000
ff02
0000
10ff
0000
00fe
0000
0000
0300
0000
ffff
eddf
0000
0000
0000
0000
0000
0000
0000
0000
0000
0000
0000
0000
ff9e
0000
0f00
0000
fbff
0000
ffff
0000
0000
0b00
0000
0f00
0000
ffef
0000
0000
0000
0000
0000
0000
0000
0000
0000
0000
0000
0000
0000
ffff
00f8
0000
0000
0000
0000
6e00
0000
0000
af01
0000
0d00
0000
e2ff
ffff
0000
0000
0000
0000
0000
0000
0000
0000
0000
0000
0000
0000
ffff
4f33
0000
0000
0000
f0ff
0000
0000
0000
0000
1f00
0000
0000
0000
f0ff
0000
0000
0000
0000
0000
0000
0000
0000
0000
0000
0000
0000
0000
0000
0f00
0000
ff0f
0000
f1ff
0000
00f1
0000
0000
0e00
0000
ffef
0000
9f00
0000
0000
0000
0000
0000
0000
0000
0000
0000
0000
0000
0000
0000
ff04
0000
fbff
0000
ffaf
0000
0000
ffaf
e0ff
0000
0000
0000
fffc
0000
0000
0000
0000
0000
0000
0000
0000
0000
0000
0000
0000
0000
0000
ff0a
bf00
00f8
ef00
f3ff
00d0
0000
0010
05b0
0000
b0ff
df00
00f7
2f00
0000
ffdf
0000
0000
0000
0000
0000
0000
0000
0000
0000
0000
0000
7f00
0000
50ff
0000
1e00
0000
0000
0090
6f00
0000
0000
0000
0100
ff2f
0000
0000
0000
0000
0000
0000
0000
0000
0000
0000
0000
0000
0000
ff1e
0000
faff
0000
ff4f
0000
0000
c0ff
ff8f
0000
0000
0000
f1ff
0000
0000
0000
0000
0000
0000
0000
0000
0000
0000
0000
0000
0000
0000
0000
0000
f0ff
0000
0000
0000
0000
00e2
0b00
0000
0000
0000
0000
ff1d
0000
0000
ffff
ffff
0000
0000
0000
0000
0000
0000
0000
0000
f0ff
0f00
0000
0000
0000
f1ff
0000
0000
0000
0000
0f00
0000
0000
0000
f1ff
0000
0000
0000
0000
0f00
0000
0000
0000
0000
0000
0000
0000
0000
0000
0000
0000
0000
50ff
0000
0000
0000
00e0
0000
0000
0000
0000
0000
0000
0000
0000
0c00
0000
0000
0000
0000
0000
0000
0000
0000
0000
ff0f
0000
0000
0000
ff0f
0000
0000
0000
00f1
0000
0000
0000
0000
ff0f
0000
0000
0000
00f1
0000
0000
0000
0000
ffff
0000
0000
0000
0000
0000
0000
0000
0000
af00
0000
0000
0000
af00
5f00
0000
0000
0000
0000
0000
0000
0000
0000
0000
0000
0000
0000
0000
0000
0000
0000
0000
0000
0000
0000
0000
0000
0000
0000
0000
0000
0000
0000
0000
0000
0000
0000
0000
0000
0000
0000
0000
0000
ffff
0000
0000
0000
0000
0000
0000
0000
0000
0000
fbff
0000
0000
0000
0000
0000
0000
0000
0000
0000
0000
0000
0000
0000
0000
0000
0000
0000
0000
0000
0000
0000
0000
0000
0000
0000
0000
0000
0000
0000
0000
0000
0000
0000
0000
0100
0000
0000
0000
ffff
0000
df00
0000
0020
0030
0000
0000
0000
0000
0000
0000
0000
0000
0000
f1ff
0000
0000
0000
0000
0f00
0000
0000
0000
f1ff
0000
0000
ff01
0000
0f00
0000
0020
ffff
0000
0000
0000
0000
0000
0000
0000
0000
0000
0000
0000
0000
0000
0000
0000
0000
0000
6f00
d0ff
0000
0000
0000
0000
8f00
0000
0000
ffff
0200
0000
0000
0000
0000
0000
0000
0000
0000
0000
0000
0000
ff1f
0000
0000
0000
00f0
df57
f9ff
0000
0000
ff1f
0000
df00
0000
00f0
df57
df04
0000
0000
0000
0000
0000
0000
0000
0000
0000
0000
0000
0000
0000
0000
0000
0000
ffff
feff
0000
0000
ffff
ffff
df00
0000
0000
0000
ff09
0000
0000
0000
0000
0000
0000
0000
0000
0000
0000
0000
0000
00fb
0000
0000
0000
00f0
ff4f
0000
0000
0000
00f0
0000
0000
0000
0000
ff1f
0000
0000
0000
0000
0000
0000
0000
0000
0000
0000
0000
0000
0000
0000
0000
0000
20c8
ff2d
0000
0000
ff1f
0000
ff00
0000
00f0
0000
feff
0000
0000
ff1f
0000
0000
0000
0000
0000
0000
0000
0000
0000
0000
0f00
0000
0000
0000
f1ff
0000
0000
ff4f
0000
0f00
0000
00f1
0000
f1ff
0000
0000
ff0f
0000
0000
0000
0000
0000
0000
0000
0000
0000
0000
0f00
0000
0000
0000
f1ff
0000
0000
0000
0000
0f00
0000
0000
0000
f1ff
0000
0000
0000
0000
0000
0000
0000
0000
0000
0000
0000
0000
00f1
0000
0000
0000
0000
0000
0000
0000
0000
00f1
0000
0000
0000
0000
ff0f
0000
0000
0000
00f1
0000
0000
0000
0000
00b5
0000
0000
0000
0000
0f00
0000
0000
0000
f1ff
0000
0000
10fe
0200
0f00
0000
0000
40ff
f1ff
0000
0000
d1ff
0000
0000
0000
0000
0000
0000
0000
0000
0000
0000
0f00
0000
0000
0000
f1ff
0000
0000
0000
0000
0f00
0000
0000
0000
f1ff
0000
0000
0000
0000
0f00
0000
0000
0000
0000
0000
0000
0000
0000
0000
0000
0000
0000
0000
0000
0000
00f9
54fa
0f00
ff4f
0010
0000
f1ff
00f1
0000
ffff
0000
0f00
ff0f
0000
0000
0000
0000
0000
0000
0000
0000
0000
0000
0000
0000
0000
0000
0071
ffef
0f00
0000
00e0
0000
f1ff
0000
0000
ff1f
0000
0f00
0000
0000
0000
0000
0000
0000
0000
0000
0000
0000
0000
0000
0000
0000
0000
0000
ffff
0000
0000
00f3
0000
10ff
0000
0000
ff09
0000
0000
0000
0000
0000
0000
0000
0000
0000
0000
0000
0000
0000
0000
0000
0000
0000
0000
8c03
0f00
0000
00d0
0000
f1ff
0000
0000
ff04
0000
0f00
0000
0000
0000
f1ff
0000
0000
0000
0000
0000
0000
0000
0000
0000
0000
0000
0000
0000
0000
0000
00f0
0000
60ff
0000
0000
ff1f
0000
1f00
0000
00f0
40d9
0000
0000
0000
ff1f
0000
0000
0000
0000
0000
0000
0000
0000
0000
0000
0f00
0000
0000
0000
f1ff
0000
0000
0000
0000
0f00
0000
0000
0000
0000
0000
0000
0000
0000
0000
0000
0000
0000
0000
0000
0000
0000
0000
0000
0000
0000
ef03
f1ff
0000
0000
0091
0100
5500
0000
0000
ffff
1700
0000
0000
0000
0000
0000
0000
0000
0000
0000
0000
0000
0000
00f0
0000
0000
0000
0030
ff1f
0000
0000
0000
00f0
0000
0000
0000
0050
9f00
0000
0000
0000
0000
0000
0000
0000
0000
0000
0000
0000
0000
0000
0000
0000
00f1
0000
f1ff
0000
0000
ff0f
0000
0f00
0000
00f1
1a00
ff2e
0000
0000
0000
0000
0000
0000
0000
0000
0000
0000
0000
0000
0000
0000
0000
0000
0300
30ff
0000
0000
00f6
0070
0000
0000
0000
30ff
0100
0000
0000
0000
0000
0000
0000
0000
0000
0000
0000
0000
0000
0000
0000
0000
0000
ef00
00fb
0000
ff0b
fbaf
0a00
0000
0000
0bfd
0090
ef00
0000
00b0
0000
0000
0000
0000
0000
0000
0000
0000
0000
0000
0000
0000
0000
0000
0000
90ff
0000
0000
0000
dfff
0000
0000
0000
f5ff
ff8f
0000
0000
fcff
0000
0000
0000
0000
0000
0000
0000
0000
0000
0000
0000
0000
0000
0000
00f3
0000
0000
80ff
0000
0100
0000
0000
f5ff
7f00
0000
0000
0000
ff9f
0000
0000
0000
0000
0000
0000
0000
0000
0000
0000
0000
0000
0000
0000
0000
0000
00fb
0400
0000
0000
0000
0000
ff0b
0000
0000
ffff
ffff
0000
0000
0000
0000
0000
0000
0000
0000
0000
0000
0000
0000
0000
ef00
0000
0000
0000
00fd
0000
0000
0000
0000
ff07
0000
0000
0000
10ff
0000
0000
0000
10fc
0000
0000
0000
0000
0000
0000
0000
0000
0000
f1ff
0000
0000
0000
0000
0f00
0000
0000
0000
f1ff
0000
0000
0000
0000
0f00
0000
0000
0000
0000
0000
0000
0000
0000
0001
0000
0000
0000
ff6f
0000
0000
0000
00f1
0000
0000
0000
00f8
bf00
0000
0000
0000
00f1
0000
0000
0000
0000
50fe
0000
0000
0000
0000
0000
0000
0000
0000
0000
0000
0000
0000
0000
0000
0000
0400
f6ff
a0ff
0000
0000
0000
0000
0000
0000
0000
0000
0000
0000
0000
0000
0000
0000
0000
0000
0000
0000
0000
0000
0000
0000
0000
0000
0000
0000
0000
0000
0000
0000
0000
0000
0000
0000
0000
0000
0000
0000
0000
0000
0000
0000
0000
0000
0000
0000
0000
0000
0000
0000
0000
0000
0000
0000
0000
0000
0000
0000
0000
0f00
0000
0000
0000
00ff
0000
0000
0f00
0000
0000
0000
0000
0000
0000
0000
00ff
0000
0000
0000
0000
0000
0000
0000
0000
0000
0000
0000
0000
0000
0000
0000
0000
4f00
ffff
0000
0000
6c66
00f0
0000
00fe
0000
0000
0000
0000
0000
0000
ff09
f3ff
0000
0b00
30e9
0000
0000
00f1
fa9f
0000
0000
0000
0000
0000
0000
0000
0000
ef00
f04f
0000
0000
0000
f41f
00ff
0000
0000
0000
0000
0000
0000
0000
0000
ffff
0000
0000
f8df
0000
0000
ff0e
0600
0070
0000
0000
0000
0000
0000
0000
0000
0000
00a0
0000
0000
0000
0000
0000
0000
0000
0000
0000
0000
0000
0000
0000
ff06
0000
0000
7f00
0000
0000
0000
00f3
0000
0000
0000
0070
0000
0000
0000
0000
0000
0000
0000
0000
0000
ff00
0000
0000
0000
0000
0000
0000
0000
0000
0000
0000
0000
0000
0000
ffa4
0000
0000
0000
0000
0000
0000
0000
0000
0000
0000
0000
0000
0000
0f00
0000
0000
ff0f
00ff
0000
0000
0000
0000
0000
0000
0000
0000
0000
0000
0000
0000
0000
0000
0000
0000
0000
0000
0000
ff00
0000
0000
0000
0000
0000
0000
0000
0000
0000
0000
ffff
0000
0000
0000
0000
0000
0000
0000
0000
0000
0000
0000
0000
0000
0000
0000
0000
0000
0000
0000
0000
0000
0000
0000
0000
0000
0000
0000
0400
0000
0000
0000
0000
0000
0000
0040
0000
0000
0000
0000
0000
0000
9d02
50ff
0000
ff00
0000
0000
0000
00f3
e1ff
0000
0000
0000
0000
0000
0000
0000
0000
0000
f0ff
0000
0000
0000
0000
0000
0000
f0ff
0000
0000
0000
0000
0000
0000
ffff
0000
0000
0000
00f3
0000
0000
0000
0000
0000
0000
0000
0000
0000
0000
0000
0000
00f3
d0ff
0000
0000
0000
0000
0000
ff8f
0000
0000
0000
0000
0000
0000
0000
00f0
0000
0000
ff00
0000
0000
ffff
00f0
0000
0000
0000
0000
0000
0000
0000
0000
0b00
0000
0000
0000
0000
f0ff
0000
1d00
a5fd
0000
0000
0000
0000
0000
0000
ffff
0000
0000
7ef0
e1ff
0000
df00
0000
0000
0000
0000
0000
0000
0000
0000
0000
0000
0000
00d1
0000
0000
00fa
0000
0000
ff00
0000
0000
0000
0000
0000
0000
7b01
f2ff
0000
0800
ffff
0000
0000
00f1
f6ef
0000
0000
0000
0000
0000
0000
0000
0000
ff02
0300
0000
0000
ffff
e0ff
0000
3f00
60da
0000
0000
0000
0000
0000
0000
0000
0000
0000
0000
0000
0000
0000
0000
0000
0000
0000
0000
0000
0000
0000
0000
0000
0000
0000
0000
0000
0000
0000
0000
00f0
0000
0000
0000
0000
0000
0000
0000
0000
0000
0000
ffff
0000
0000
ff29
00f8
0000
0000
0000
0000
0000
0000
0000
0000
0000
0000
0000
0000
0000
f0ff
0000
0000
0000
0000
0000
0000
0000
0000
0000
0000
0000
0000
40fb
0000
0000
0000
00b4
0000
0000
0000
0000
0000
0000
0000
0000
0000
0020
00fe
0000
0000
0070
0000
0000
ff0f
0000
0000
0000
0000
0000
0000
0000
6797
ff07
0a00
df00
f70e
e00f
0050
0200
ffff
0000
eaff
10a6
0000
0000
0000
0000
0000
aff6
0000
0000
d0ef
ffff
0000
ff07
0000
0000
0000
0000
0000
0000
0000
ffff
0080
0000
00f0
e7ff
0000
ff00
0000
00c0
0000
0000
0000
0000
0000
0000
0000
0000
60ff
0100
0000
ff00
0000
e0ff
0000
ef06
0000
0000
0000
0000
0000
0000
ffff
ffbf
0000
0f00
0000
ff0f
0000
00ff
cf02
0000
0000
0000
0000
0000
0000
0000
0000
ff00
0000
0000
0000
00f0
0000
0000
ff00
ffff
0000
0000
0000
0000
0000
0000
ffff
0000
0000
00f0
80ff
0000
ff00
0000
0000
0000
0000
0000
0000
0000
0000
0000
0000
60ff
0000
0000
ff00
0000
f0ff
0000
df04
0000
0000
0000
0000
0000
0000
00ff
0000
0000
0f00
6666
ffff
0000
00ff
0000
0000
0000
0000
0000
0000
0000
0000
0000
0f00
0000
0000
0000
00ff
0000
0000
0f00
0000
0000
0000
0000
0000
0000
0000
0f00
0000
0000
0000
00ff
0000
5505
7f00
0000
0000
0000
0000
0000
0000
0000
0000
0000
00f0
00b0
0000
ff00
fe9f
0000
0000
00f0
0000
0000
0000
0000
0000
0000
00ff
0000
0000
0f00
0000
0000
0000
00ff
0000
0000
0000
0000
0000
0000
0000
0000
ffef
ff00
0020
ff0b
0000
00f0
8f00
ff0f
ff00
0200
0000
0000
0000
0000
0000
0000
0000
ff0f
0000
00ff
00c0
0000
0f00
0000
ffff
0000
0000
0000
0000
0000
0000
0000
0000
60ff
0000
0000
ff00
0000
f96f
0000
ef05
0000
0000
0000
0000
0000
0000
ffff
ffbf
0000
ff00
0000
0000
0000
00f0
0000
0000
0000
0000
0000
0000
0000
0000
0000
0400
0000
fd2f
0000
00f0
0000
0000
0000
ffad
3900
0000
0000
0000
0000
0000
ffff
0070
0000
00f0
91ff
0000
ff00
0000
00f2
0000
0000
0000
0000
0000
0000
0000
0000
40ff
0800
0000
0000
0000
00fe
0000
ff4c
0000
0000
0000
0000
0000
0000
ffff
6666
0000
0000
f0ff
0000
0000
0000
0000
0000
0000
0000
0000
0000
0000
0000
0000
ff00
0000
f0ff
0000
00f0
0000
0000
0300
fede
0000
0000
0000
0000
0000
0000
0000
00fe
0000
80ff
f5af
0000
0000
effa
0000
0000
0000
0000
0000
0000
0000
0000
00fc
00c0
fff5
ff0e
0a00
f1bf
e6bf
0000
ff07
0000
0000
0000
0000
0000
0000
00e1
ff08
0000
0000
ffff
0000
0000
fd7f
ff1d
0000
0000
0000
0000
0000
0000
0000
0000
bf00
0000
0000
0000
0c00
0000
0000
0000
f0ff
0000
0000
0000
0000
0000
0000
ffff
0000
0000
0000
0000
0000
0300
0000
0060
0000
0000
0000
0000
0000
0000
0000
0000
00f0
0000
0000
ff00
0000
0000
0000
00f0
0000
0000
0000
0000
0000
0000
0000
0000
0000
0900
0000
0000
0000
3f00
0000
0000
0000
0000
0000
0000
6066
0000
0000
0000
0000
0000
0000
f0ff
0000
0000
0000
0000
0000
0000
0000
0000
0000
0000
0020
0000
0000
00a0
0000
0000
0000
0000
0000
0000
0000
0000
0000
0000
0000
0000
0000
0000
0000
0000
0000
0000
0000
0000
0000
f0ff
0000
0000
0000
0000
0000
00fb
0000
0000
0000
0000
0000
0000
0000
0000
0000
0000
0000
0000
0000
0000
0000
0000
0000
d9ef
0000
0000
ff6c
f0ff
0000
7f00
00c6
0000
0000
0000
0000
0000
ff00
0000
0000
0000
20fd
f97f
0000
ff00
0000
0000
0000
0000
0000
0000
0000
0000
0000
0000
0000
00c1
0000
ff0d
0000
0000
0000
ffef
0000
0000
0000
0000
0000
0000
0000
f0ff
0000
5f00
0200
0000
0000
0040
f0ff
0000
0000
0000
0000
0000
0000
0000
0000
0000
a5fd
0000
0000
ffff
0000
0000
2e00
ebef
0000
0000
0000
0000
0000
0000
0000
0000
0000
f0ff
0000
0000
0000
0000
0000
0000
0000
0000
0000
0000
0000
0000
0000
0000
ff69
0000
cf00
0000
0000
0000
ff9f
fe1f
0000
0000
0000
0000
0000
00f0
0000
0000
ff00
0400
0000
0000
00f0
f0ff
0000
0000
0000
0000
0000
0000
0000
0000
0000
0000
0000
0000
00f0
0000
0000
ff00
0000
0000
0000
0000
0000
0000
0000
0000
0000
0000
f0ff
0000
0000
0000
0000
0000
0000
c0ff
0000
0000
0000
0000
0000
0000
00f0
10fd
0000
ff00
00f9
0000
0000
00f0
0000
0000
0000
0000
0000
0000
00f0
0000
0000
ff00
0000
0000
0000
00f0
0000
0000
0000
0000
0000
0000
0000
0000
0000
0000
ebde
67e9
00b0
00f0
f0ff
ff00
ff00
0000
0000
0000
0000
0000
0000
0000
0000
0000
0000
10fb
e0ff
0000
ff00
0000
0000
0000
0000
0000
0000
0000
0000
0000
0000
0000
00d2
0000
ff0d
0000
0000
0000
ffdf
0000
0000
0000
0000
0000
0000
0000
0000
0000
ff00
0100
0000
0000
00f0
f1ff
0000
ff00
0000
0000
0000
0000
0000
0000
0000
40eb
0000
0000
0010
f0ff
0000
7f00
40eb
0000
0000
0000
0000
0000
0000
0000
0000
0000
00fa
0000
0000
ff00
0000
0000
0000
0000
0000
0000
0000
0000
0000
0000
0000
00d3
0000
8f00
feff
0000
0000
ffdf
0000
0000
0000
0000
0000
0000
0000
0000
0000
6606
0000
0000
0000
f0ff
0000
0000
0000
0000
0000
0000
0000
0000
0000
0000
0000
0000
0000
00f0
f0ff
0000
1e00
20d9
0000
0000
0000
0000
0000
0000
0000
0000
0000
00d0
00f2
0000
0000
a0df
0000
0000
0000
0000
0000
0000
0000
0000
0000
0000
00f5
00fb
7f00
70ff
fc1b
0000
ff0e
0000
0000
0000
0000
0000
0000
0000
0000
0000
9f00
fc5f
0000
0000
f4cf
0090
0000
0000
0000
0000
0000
0000
0000
0000
0000
0500
0000
0000
30ff
0000
0000
0000
00f2
0000
0000
0000
0000
0000
0000
0000
0000
0000
0000
0000
0000
0000
0000
0000
0000
0000
0000
0000
0000
0012
0000
0000
f0ff
0000
0000
bf07
0000
0000
0000
f0ff
0000
0000
0000
0000
0000
0000
00f0
0000
0000
ff00
0000
0000
0000
00f0
0000
0000
ff00
0000
0000
0000
0000
0000
0000
0200
0000
0000
0000
af01
0000
0000
0000
0000
0000
0000
0000
0000
0000
0000
0000
0000
0000
0000
0000
0000
0200
0000
0000
0000
0000
0000
0000
0000
0000
0000
0000
0000
0000
0000
0000
0000
0000
0000
0000
0000
0000
0000
0000
0000
0000
0000
0000
0000
0000
0000
0000
0000
0000
0000
0000
0050
50ff
ff00
0000
0000
0000
0000
0000
0000
0000
0010
0000
0000
0000
0000
0000
0000
0000
0060
00dd
fbad
1f00
00f7
e00c
0000
0000
0000
0000
0000
0060
0010
df01
0000
bf28
0000
0000
0000
0000
0000
0000
0000
09f9
f90c
0000
0000
0000
0000
0000
0000
0000
0040
00f7
f7de
0000
0000
0000
0000
f40f
0f00
0000
0000
0000
0000
0000
0000
0007
a06f
f31e
bf00
0000
0000
0000
0000
0000
0000
0000
0000
00f8
ff02
0000
0000
0000
0000
0000
0000
0000
0000
0050
e7ff
0099
0000
0000
0000
0000
0000
0000
0000
0000
ffff
ff05
0000
0000
0000
0000
0000
0000
0000
0000
0000
0000
0000
0050
0000
0000
0000
0000
0000
0000
0000
0000
0000
0000
0000
0000
0000
0000
0000
0000
0000
0000
0000
0000
0000
0000
0000
0000
0000
0000
0000
0000
0000
0000
0000
fdae
00fc
f50f
0f00
0000
0000
0000
0000
0000
0000
50ff
ff00
0000
0000
0000
0000
0000
0000
0000
0000
f93e
0700
0400
0b00
4f00
0000
0000
0000
0000
0000
00f3
90cf
6f00
0000
ff8f
0000
0000
0000
0000
0000
0000
0050
50ff
ff00
0000
0000
0000
0000
0000
0000
0000
0000
40ff
f93e
0000
0000
0000
0000
0000
0000
0000
0000
00d0
00f7
0000
0000
0000
0000
0000
0000
0000
0000
0000
0000
0000
0000
0000
feae
30ff
7f00
0200
0000
0000
0000
0000
0000
0000
ffdf
0000
00fb
0500
0000
0000
0000
0000
0000
0000
0000
0000
0000
0000
0000
0000
0000
0000
0000
0000
0000
0000
0000
0000
50ff
f600
0000
0000
0000
0000
0000
0040
0000
fedf
0000
0000
0000
0000
0000
0000
0000
0000
00ff
0000
0000
0000
0000
0000
0000
0000
0000
0000
0000
0000
0000
0000
0000
0000
fe0a
0000
0000
0000
0000
0000
0000
0000
0000
1700
ff09
ff04
0d00
00ee
f24e
0000
30ff
0000
0000
f3df
f40e
ff01
2f00
0400
0000
0000
0000
0000
0000
df03
0000
ffff
50ff
ff00
0000
0000
0000
0000
0000
fa0d
0000
0000
0000
ff09
0000
0000
0000
0000
0000
70ef
5f00
0000
0000
ffff
0000
0000
0000
0000
0000
0000
0000
0000
0000
0000
0000
0000
0000
0000
0000
0000
0000
0000
0000
0000
0000
0000
0000
9f00
0d00
0000
0000
0000
0000
0000
0000
0000
0050
50ff
ff00
0000
0000
0000
0000
0000
0000
0000
0000
0050
50ff
ff00
0000
0000
0000
0000
0000
0000
f50f
0f00
0000
0000
fe08
0000
0000
0000
0000
30fe
00f8
00d1
f39f
0050
50ff
0000
0000
0000
0000
0000
0000
0000
0000
0000
ffff
0000
0000
0000
0000
f0ff
7fff
d04f
fa07
ff4f
0000
0000
0000
0000
0000
0000
0000
00f0
f09f
ff04
0000
0000
0000
0000
7f00
0d00
0000
0000
0020
0000
0000
0000
0000
ffff
50ff
ff00
0000
0000
0000
0000
0000
0000
0000
dffd
0000
00f5
f50e
0200
0000
0000
0000
0000
0000
7f00
0000
ffff
50ff
ff00
0000
0000
0000
0000
0000
b0bf
0000
df48
0000
ff5e
0000
0000
0000
0000
0000
0000
0000
00f0
f05f
5f00
0000
0000
0000
0000
0000
00f0
f05f
5f00
4d00
0000
0000
0000
0000
3f00
0000
0000
0000
0000
0000
0000
0000
0000
0000
f70e
0400
0060
00fa
e0ef
ff02
0000
0000
0000
0010
fb0d
0000
0000
0000
0000
0000
0000
0000
0000
0000
00e1
cf00
0000
0000
0000
0000
0000
0000
0000
ff03
ff04
ff05
ff06
ff07
0000
0000
0000
0000
0000
0000
0000
0000
0050
50ff
ff00
0000
0000
0000
0000
0000
0000
0000
00fd
3f00
0000
0000
0000
0000
0000
0000
0000
0000
0000
0000
00f5
0000
0000
0000
0000
0000
0000
0000
0000
0000
0000
0000
0000
0000
0000
0000
0000
0000
0000
0000
0000
0000
00b0
0000
0000
0000
0000
0000
0000
0000
0000
0000
0000
feae
1099
bf01
0f00
0000
0000
0000
0000
0000
0000
ffed
0050
50ff
ff00
0000
0000
0000
0000
0000
0000
c0cf
0000
0000
fe4f
0000
0000
0000
0000
0000
0000
00ff
ff05
0700
ecbe
0000
0000
0000
0000
0000
0000
0000
0000
5016
0000
0000
0000
0000
0000
0000
0000
0000
0000
0000
0000
0000
0000
0000
0000
0000
0000
0000
0000
0000
00f6
0000
0000
0050
50ff
ff00
0000
0000
0000
0000
0000
0000
0000
0000
0050
50ff
ff00
0000
0000
0000
0000
0000
0000
0000
0000
00f5
f50f
0f00
0000
0000
0000
0000
0000
0000
40ff
20fe
4f50
50ff
0000
0000
0000
0000
0000
0000
0000
0000
0000
0050
0000
0000
0000
0000
0000
ffde
0010
00ff
ff05
0000
0000
0000
0000
0000
0000
0000
0000
0050
50ff
0000
0000
0000
0000
0000
0000
0000
0000
0000
0000
0000
0000
0000
0000
0000
ff00
0000
0000
0000
0000
0000
0000
0000
0000
eace
00fe
f50f
0a00
0000
0000
0000
0000
0000
0000
10dc
0050
50ff
ff00
0000
0000
0000
0000
0000
0000
a0df
0073
0000
fdcf
0000
0000
0000
0000
0000
0000
0000
0000
0000
ec8d
0000
0000
0000
0000
0000
0000
0050
50ff
ff3d
0000
0000
0000
0000
0000
0000
0000
0000
0000
0000
0000
0000
0000
0000
0000
1f00
0000
0000
00d0
10ff
0000
0000
0000
0000
0000
bf00
0000
0000
0000
0000
0000
0000
0000
0000
0000
10ff
4f00
0000
0000
0000
0000
0000
0000
0000
ffcc
df01
ef03
ff05
0000
0000
0000
0000
0000
0000
0000
0000
00f2
f50f
0900
0000
0000
0000
0000
0000
0000
0000
0000
0050
50ff
0000
0000
0000
0000
0000
0000
0000
0000
0000
0000
0000
0000
0000
0000
0000
0000
0000
0000
0000
0000
0000
0000
0000
0000
0000
0000
0000
0000
0000
0000
0000
0000
0000
0000
0000
0000
0000
0000
0000
ff00
0000
0088
0000
0000
0000
0000
0000
0000
0000
0000
0000
0000
c00b
0000
ed88
0000
0000
0000
0000
a1bf
0000
0800
0000
00f0
0000
0000
f20d
0010
0200
d02f
0000
0000
0000
0000
0090
f70b
00f7
0000
0000
0000
0000
0000
0000
0000
0000
0000
0900
0000
0000
0000
0000
0000
0000
104a
0000
fb04
0000
00f8
0000
0000
0000
0000
1002
0000
0000
0000
0000
0000
0000
0000
f0ff
0000
0000
0000
0000
0000
0000
0000
0000
0000
0000
0000
0000
0000
8888
0000
0000
0000
0000
0000
0000
0000
0000
0000
0000
0000
0000
0000
0d00
0000
0010
0000
0000
0000
1f00
0f00
b04f
0000
0000
0000
0000
f00f
0000
00f0
0000
0000
0000
0000
0055
0000
40ef
0000
0000
0000
0030
0000
0000
00f2
0000
0000
0000
f06f
0000
00f0
8808
0000
0000
0000
ffff
0000
ef14
0000
0091
0000
0000
be04
0000
4e31
0000
10e9
0000
0000
ff0f
0000
0d00
0000
00ff
0000
0000
0000
00ff
3d00
00e0
ce18
0000
0000
0000
fc03
0800
00fe
8c00
0000
0000
0000
0000
0000
0000
0000
0000
0000
0000
0000
0000
0000
0000
0000
0000
0000
0000
0000
facf
0000
0000
0000
0000
0000
f0ff
ff00
0000
0000
0000
0000
0000
0000
0000
0000
0000
0000
0000
0000
ef01
0000
0000
0000
0000
0000
0500
00f7
00f1
9f00
0000
0000
0000
0070
0800
00d0
00e1
0000
0000
0000
0800
0000
5f00
ff00
0000
0000
0000
0050
0000
0000
0000
0000
0000
0000
00ff
00e0
0000
0000
0000
0000
0000
ff00
0000
00ff
0000
0000
0000
0000
0000
0000
ff00
0000
0000
0000
0000
0000
0000
0e00
ff04
0000
0000
0000
00f0
0000
0000
0000
0000
0000
0000
0000
00ff
0000
0000
0000
0000
0000
00ff
0000
0000
00f7
0000
0000
0000
0700
0000
0010
ff00
0000
0000
0000
0000
0000
0000
0000
0000
0000
0000
f4ff
9f5f
cf00
f00f
0000
0000
0000
ff00
f00f
00ff
00f0
0000
0000
0000
0000
4f00
f00f
70af
0000
0000
0000
0000
0000
0000
0000
0000
0000
0000
0000
0000
0000
0000
0000
0000
0000
0020
00ff
0000
0000
0000
0000
0000
0060
f20e
0000
00f3
0000
0000
0000
ffff
0000
0000
0000
0000
0000
0000
0000
0000
0000
0b00
00a4
0000
0000
0090
0000
00f1
0000
00fa
0000
0000
a08f
00e0
41cf
f3cb
00fe
0000
0000
1d00
50df
0000
0000
00f6
0000
0000
0000
0c00
0000
0000
0000
0000
0000
0000
0800
0000
0000
0f00
0000
0000
0000
00f0
0000
0000
0000
0000
0000
0000
fa03
0000
8f00
0000
0000
0000
0000
0000
0000
0f00
0000
f0ff
0000
0000
0000
00ed
0000
0000
0000
0000
0000
0000
0000
0000
0000
0000
0000
f90a
0000
0000
0000
0000
0000
0000
0000
0000
ef00
0000
99fd
0000
0000
0000
0000
0f00
00ff
de0f
0000
0000
0000
0000
0000
0000
0000
0000
0000
0000
0000
0000
0000
0000
0000
0000
0000
0000
0000
88f8
0000
0000
0000
0000
0000
0000
0f00
0000
0000
0000
0000
0000
efbe
0f00
00ff
1000
0000
0000
0000
afb8
0000
ff00
0000
0000
0000
0000
00ff
0000
0000
0000
0000
0000
0000
0f00
0000
f00f
0000
0000
0000
0000
0f00
0000
f00f
0000
0000
0000
0000
0000
0000
0000
0000
0000
0000
0000
c4ef
0000
f00f
0000
0000
0000
0000
0000
00f0
0000
0000
0000
0000
0000
0060
f20e
00b0
0000
0000
0000
0000
10ea
0f00
00fd
f00f
0000
0000
0000
c4ef
0000
ff00
0000
00ff
0000
0000
bfd3
0000
0000
0000
0000
0000
0000
3a00
0000
0080
0000
0000
0000
0000
0f00
0000
0f00
0000
0000
0000
0000
0000
ff00
0e00
00df
0000
0000
0000
0000
1e00
0000
0050
0000
0000
0000
0000
01f7
00f7
00f7
0000
0000
0000
0000
2e00
0000
00f2
0000
0000
0000
0000
0500
0000
0000
0000
0000
0000
0000
0000
0000
0f00
0000
0000
0000
f10e
0000
0080
0000
0060
0000
0000
f00f
0000
00f0
0000
0000
0000
0000
0000
0000
0800
0000
10fd
0000
0000
0000
0000
0500
0000
0000
0000
0000
0000
0000
0000
0000
0000
0000
0000
0000
0000
0000
0000
0000
0000
0000
0000
0000
0000
0000
0000
0000
0000
00e7
00a4
0033
0000
0000
0000
0020
0070
0000
0000
0000
0040
1f10
0000
0000
0000
0000
20bf
0000
0000
0000
0000
0000
0000
0000
0000
0000
0000
0000
0000
0000
0000
0000
0000
0000
0000
0000
0000
0000
0000
0000
0000
0000
0000
0000
0000
0000
0000
0000
0000
0000
0000
0000
0000
0000
0000
0000
0000
0000
0000
0000
0000
0000
0000
0000
0000
00a0
0090
0000
0000
0000
0000
0000
0000
0000
0000
0000
0000
0000
0000
0000
0030
0090
0000
0000
0000
0000
00f0
0000
0000
0030
0000
0090
0000
0000
0000
0000
0090
0000
0000
00f0
0000
0000
0000
0000
0000
0020
00f0
0000
0000
0000
00a0
0090
0000
0000
0000
0000
0000
0000
0000
0000
0000
0000
0000
0000
0000
0000
0000
0000
0000
0000
0000
0000
0000
0000
0000
0000
0000
0000
0000
0000
0000
0000
0000
0000
60eb
305f
006d
0000
0000
0000
0000
00f2
0000
0000
0000
0070
00f9
0000
0000
0030
0000
00ad
0000
0000
0000
00be
00eb
0000
0000
0050
0000
0000
0000
0000
0090
0000
0000
0000
0000
0030
0000
00af
0000
0000
00af
00af
00af
0000
0000
0000
0000
0000
0000
0000
0000
0000
0000
0000
0000
00f7
0000
0000
0000
0000
0000
0000
0000
0000
0000
4f00
ba0d
0af1
0000
0000
00af
00af
00af
0000
0000
0030
901f
704f
0000
0000
0010
00f8
0000
0000
0000
0030
901f
604f
b105
0000
0020
00f7
00f8
0000
0000
0010
0000
00f9
0000
0000
f0ff
0000
0000
0000
0000
00af
00af
00be
0000
0000
606f
00d0
0000
0000
0000
0040
07f5
af1f
0000
0000
00ed
0000
0010
0000
0000
904f
0060
0000
0000
0000
00f0
0000
0000
0000
0000
0000
0000
0000
0000
0000
0000
0000
0000
0000
0000
0000
0000
0000
0000
0000
0000
0000
0000
0000
0000
0000
0000
0000
00f0
0000
0000
0000
0000
0000
0000
0000
0000
0000
0000
0000
0000
0000
0080
0000
0000
0000
0020
0000
0000
0000
00a0
00a0
00a0
0000
0000
0000
0020
0000
0000
0000
0000
0000
0000
0000
0000
0000
00a0
00a0
0080
0000
0000
0000
0000
0000
0000
0000
0000
0000
0000
0000
0000
0000
0000
0000
0000
0000
0000
0000
0000
0000
0000
0000
0000
0000
0000
0000
6ed5
0400
0000
0000
0000
0000
0000
0000
0000
0000
0020
00e0
0000
0000
0000
0000
0080
0000
0000
0000
00a0
00a0
00a0
0000
0000
0000
0000
0000
0000
0000
0000
0000
0000
0000
0000
0000
0000
0000
0000
0000
0000
0000
0000
0000
0000
0000
0000
0000
0000
0000
9f00
d0c8
0000
0000
0000
0000
0000
0000
0000
0000
0000
0000
0000
0000
0000
0000
0000
0000
0000
0000
0000
0000
0000
0000
0000
0000
0000
0000
0000
0000
0000
0000
0000
0000
0000
0000
0000
0000
0000
0000
0000
0000
0000
0000
0000
0000
0000
4f00
0000
104f
0000
0049
0000
0000
0000
00d0
6800
0000
0520
0000
00f1
2f00
0010
0000
0000
2cf6
0000
0000
4f00
0000
0000
0000
0060
0000
0000
0600
0000
d500
0000
104f
0000
0000
0000
00ff
0000
0000
0000
0000
0000
0000
0000
0000
0000
0000
0000
0000
0000
0000
0089
0000
0410
0000
0000
0700
0000
0400
0000
0600
0000
0000
0c00
0020
ae02
0000
d409
0000
0000
0a00
0090
be03
0000
0020
0000
0000
0200
0000
4f00
0000
0520
0000
0000
0a00
00f1
df05
0000
0010
0000
0000
0000
0000
104f
0000
0000
0000
0000
0000
0020
0000
0000
0000
0000
0000
1e00
0000
4f00
0000
09d0
005f
2583
0000
00c0
008c
0000
0510
0000
0000
0500
0000
6d00
0000
0010
0000
0000
4f00
0020
ff4f
0000
0010
0000
0000
0600
0000
5c00
0000
0010
0000
0000
0400
0000
f104
0000
0400
0000
0000
4f00
0000
104f
0000
0010
0000
0000
4f00
4f6b
104f
0000
107e
0000
0000
0400
f104
4c00
0000
0010
0000
0000
0400
f104
4b00
0000
0010
0000
0000
0c00
0050
7d00
0000
4f00
0000
0000
4f00
104f
7d00
0000
00b0
0000
0000
6f00
1b4f
7e00
0000
3f7e
0000
0000
1e00
0000
0400
0000
3f00
0000
0000
4f00
0000
104f
0000
00c0
0000
0000
0400
0000
f104
0000
a068
0000
0000
0000
0000
0000
0000
0000
0000
0000
0000
00f1
de05
0000
e97e
0000
0000
0000
00c0
9e01
0000
d8bf
0000
0000
0000
00e0
8d00
0000
f0ff
0000
0000
0000
00f1
bf02
0000
eb5d
0000
0000
0200
0000
104f
0000
00f1
0000
0000
4f00
0000
104f
0000
0010
0000
0000
0000
5f20
104f
0000
eb4d
0000
0000
0000
00d0
ae01
0000
e96e
0000
0000
0000
00f1
bf02
0000
506e
0000
0000
0000
0000
ce04
0000
f0ff
0000
0000
0000
00f1
cf03
0000
0b00
0000
0000
0000
b980
aa00
0000
3f30
0000
0000
0000
0000
3f00
0000
ffff
0000
0000
0100
0000
f104
0000
0010
0000
0000
0800
0000
f104
0000
0000
0000
0000
0000
0000
0000
0000
0000
0000
0000
0000
0000
000e
000e
000e
0000
0000
c039
0000
0000
0000
0000
ff3f
ff7f
0000
0000
de1e
e01f
c370
c000
0000
6070
0600
6000
0000
0000
0e0e
391c
f80f
0000
0000
0010
0000
0000
0000
0003
0018
0038
0006
0000
0018
0007
0006
0030
0006
c039
0000
0000
0000
0000
e000
ff7f
0000
0000
0000
0000
0000
000c
0000
0000
0000
0000
0000
0000
0000
0000
001c
0000
8001
0006
0030
0000
0000
fc1f
0770
0e38
0000
0000
e007
e000
e000
0000
0000
0770
e003
ff7f
0000
e003
0e00
0770
0000
0000
7800
380e
ffff
0000
0000
001c
0e38
3e3c
0000
0000
0038
0778
f80f
0000
ff7f
3800
8003
0000
0000
fc1f
f80f
0770
0000
0000
1e38
1f38
3c3c
0000
0000
000e
0000
000e
0000
0000
000e
0000
0002
0000
0000
0f00
e007
0000
0000
0000
ff3f
0000
0000
0000
0000
3f00
0078
0000
fc07
0e00
e000
0000
0000
f801
3838
f070
f001
0000
ce01
0307
003c
0000
0000
001c
001c
ff1f
0000
ff01
0038
003c
0000
0000
031c
001c
001c
0000
0000
001c
ff1f
001c
0000
0000
001c
001c
001c
0000
ff01
0070
0038
0000
0000
001c
ff1f
001c
0000
0000
001c
001c
001c
0000
0000
1c00
1c00
f01f
0000
001c
f81c
071c
0000
0000
001c
001c
001c
0000
0000
801f
601c
1f1c
0000
0000
c039
0e38
0038
0000
ff01
0070
0078
0000
0000
011c
011c
001c
0000
0000
001e
0070
800f
0000
0000
001c
011c
001c
0000
ff07
003e
0070
0000
0000
e000
e000
e000
0000
0000
001c
001c
810f
0000
0000
011c
8e03
7000
0000
0378
1c1c
7007
0000
0000
010e
7800
030f
0000
0000
031e
f800
7000
0000
0000
1e00
c003
ff7f
0000
003f
0038
0038
0038
0000
0060
0018
0002
0000
0000
000e
000e
000e
000e
0000
e01c
0000
0000
0000
0000
0000
0000
0000
0000
001c
0000
0000
0000
0000
0000
1e00
3e70
0000
0000
f838
0338
fc3b
0000
0000
fc1f
0070
0000
0000
0700
0f38
0f78
0000
0000
0000
0338
0f1e
0000
0000
807f
001c
001c
0000
0000
ff1f
0770
0700
0000
0038
073c
0738
0000
0000
0000
0038
0038
0000
0000
0038
0038
0038
00f0
0070
f070
e070
0000
0000
0038
0038
0038
0000
0000
0000
0e38
0e38
0000
0000
f838
0738
0738
0000
0000
fc1f
0770
0000
0000
0000
073c
073c
0038
0000
0000
0770
1f3c
0700
0000
c039
0038
0038
0000
0000
f81f
3c00
0000
0000
001c
001c
001c
0000
0000
0000
0738
1f3c
0000
0000
0ee0
701c
8003
0000
0000
7c70
c71d
0000
0000
0000
701c
e01e
0000
0000
0000
381c
c007
003e
0000
fc3f
c003
fe7f
0000
800f
000c
0038
000c
0000
0018
0018
0018
0018
0000
000c
000e
000c
001c
0000
0000
3c00
0000
0000
0000
0000
0000
0000
0000
0000
0000
0000
0030
0000
0000
0000
0000
0060
8019
0000
0000
0003
0000
c063
0000
0c00
0018
0000
0000
0000
0000
3000
0000
0030
0c00
0000
0036
0000
0000
0003
0000
0000
0000
0000
0000
0000
0000
0000
0030
0000
0000
0000
1f00
0030
0000
3f00
0000
0000
0000
00f0
0000
0000
0000
c001
7f00
0000
0030
3f00
0000
c06f
0000
00f0
0006
0000
0060
3060
0000
0030
000f
0000
0000
0000
0000
0000
0000
0000
0078
0000
3f00
0000
0000
0000
0000
6060
0000
0000
3e18
0ee0
0000
0c18
0000
001c
0330
0000
0003
1e1e
0000
8001
0000
3f00
0000
0000
3000
0000
0000
6000
80fd
0000
3000
0000
0018
1800
0000
6000
3000
0000
801f
0000
0000
0030
0000
e001
d830
0000
0083
0f30
0000
8001
0000
3000
0000
0000
7000
003f
0000
3f00
0006
e003
0000
0000
8001
0100
0000
0330
0f00
0000
180c
0000
1830
8619
0000
0018
0c18
0000
0070
8001
7f00
0000
0000
3000
0000
0000
3000
0000
0000
1800
0000
0006
0000
0000
0000
0000
0000
0000
0000
0000
e003
0000
0000
1830
0000
0080
e038
0000
0070
0000
0000
00f0
0000
1800
0000
0000
3800
00b0
0000
3000
0000
0030
3000
0000
0030
3000
0000
8033
0000
0000
0030
0000
0000
6030
0000
00e0
3030
0000
0070
0000
0000
0018
0030
0f00
0070
0000
3c00
0000
0000
3f00
0000
0018
1800
0000
3030
1f00
0000
6030
0000
0000
3333
0000
0000
c039
0000
0030
0003
0000
0000
0000
1800
0000
0000
2000
0000
0000
1800
0000
0000
3300
0000
0000
0000
0000
0000
0000
0000
0000
0000
0000
0012
0000
0000
0000
6600
0000
0033
0000
0000
0000
6000
0000
0030
1800
0000
0000
0000
0000
0000
0000
0000
0000
0000
0000
0000
6000
0000
8061
0000
0000
0000
0e00
0000
000e
0000
0000
0000
7e00
0000
0060
0000
0080
0000
7300
0000
003f
3e00
0000
0060
0000
0000
0000
1e00
0000
803f
0000
0080
0000
1800
0000
3366
0000
00c0
0000
7f00
0000
0060
0000
0018
0000
3000
0000
0030
0000
000c
0000
6000
0030
0030
3000
0000
007e
3000
0070
0060
6000
0000
4662
0000
00b0
0000
7000
0000
0030
0000
000c
0000
7f00
0000
800f
0000
0000
0000
6000
0000
6060
0000
80e1
0000
3800
0030
6060
0600
00e0
e07f
f000
0000
00c0
1800
0000
0030
0000
0000
0000
0000
0000
0000
0000
0080
0000
6000
0000
8031
0000
00c0
0000
3f00
0000
00fc
0000
0000
c000
6000
0080
0000
6000
0000
0060
6000
0000
0060
6000
0000
8661
0000
0080
0000
6000
0000
c060
0000
00c0
0000
6000
0000
0063
0000
0000
0000
6100
0000
8061
0000
0000
0000
0000
0080
0000
0c00
0000
007f
3000
0000
0060
6000
0000
0030
0000
0000
0000
0000
0000
0000
0020
0000
0012
0000
0000
1011
0029
0040
0000
0020
0010
0000
0000
0000
0000
0000
0000
0020
0000
0000
0004
0004
0041
0000
0000
0022
0041
0002
0000
0000
0042
0000
0000
0000
0000
0000
8001
0041
0000
0000
4080
8040
2020
0000
0000
0040
0040
2020
0000
0000
0040
0004
0042
0000
0000
1045
4044
2020
0000
0000
c018
8020
4040
0000
0000
8020
0021
0441
0000
0000
0004
0008
0040
0000
0000
0020
0082
0000
0000
0000
0043
0041
0000
0000
0000
0022
0020
0000
0000
0000
0040
0040
0080
0000
0000
0821
0041
0000
0000
0040
0023
0040
0000
0000
0000
0043
0044
0000
0000
0000
0010
0008
0020
0000
0040
0020
8038
0000
0000
0000
0000
0000
0000
0010
c021
0045
0000
0040
0010
0000
0008
0000
0000
0000
0010
0000
0000
0000
0000
0000
0000
003c
0042
0020
0042
0002
0000
0040
0000
0000
0000
0018
0000
0000
0000
0000
0000
0000
007f
0040
4020
8040
0020
0004
0050
0020
60c0
8050
000e
0000
0000
0000
0000
0000
0000
001e
0008
a028
0022
001c
0008
0040
0040
0020
0028
0000
0000
0000
0000
0000
0000
0000
003c
0040
0042
0042
0040
0040
0048
0040
0000
0000
0000
0000
0000
0000
0000
0000
0000
003a
0028
0055
0010
0044
0008
0020
0040
0020
0000
0000
0000
0040
0000
0000
0000
0048
0000
0040
0000
0000
0000
0000
0000
0000
0020
0040
0000
0000
0088
0020
0070
0000
0000
0020
0000
0000
0000
0028
0044
0000
0000
0040
0046
0042
0000
0044
0040
0049
0000
0000
0042
0044
0000
0000
0082
0055
0044
0000
0060
0040
0040
0000
0080
00e0
0088
0000
0000
0040
0088
0088
0000
0080
0080
0092
0000
0000
0068
0080
0000
0000
0000
0054
0088
0000
0020
0040
0040
0000
0000
ffdb
3810
7e3c
ffff
c3ff
6666
637f
f8f0
187e
dbdb
0000
187e
1800
0000
3810
0000
0024
c0c2
386c
3030
6600
0000
0000
c6c6
0c06
6c3c
c0c0
c6c6
1818
180c
1830
c6c6
6666
6666
6862
c6c6
0c0c
6060
fef6
6666
6666
185a
c6c6
7c6c
0c86
e0c0
0000
0000
7860
3c0c
6064
6c60
0e00
1818
dc00
dc00
dc00
fc30
6600
c600
fe00
1818
0000
c0c2
7c00
7800
7800
7c00
7c00
3800
6c38
66fe
cccc
7c00
cc00
c600
c6c6
f060
c4f8
7800
7c00
dc00
003e
3000
0000
ccc6
3600
4411
77dd
1818
3636
f800
3636
f636
f818
1818
0000
0000
1f18
3736
f736
3736
f736
3636
0000
1f18
0000
ff18
0000
0000
0f0f
7600
c0c6
60c6
6666
3c18
c6c6
7e00
6060
00fe
0c18
181b
1818
0038
0000
6c6c
7c7c
0000
387c
e7c3
183c
e0f8
1b1b
1818
fec0
0000
f80c
3060
3000
e6f6
0cfe
cccc
3060
c0de
6c66
cccc
6662
6060
3030
6c38
060c
0000
cccc
6666
3030
7c66
3430
6c38
1818
1878
cc7c
607e
1818
6078
cccc
7ccc
e660
cc7c
cccc
ccc0
6f37
8822
18f8
18f8
00fe
001f
00ff
003f
3637
00ff
001f
18ff
ffff
dcc8
cc60
78cc
7edb
fc00
1818
0000
006c