3032
0000
1c1e
0000
0000
0000
0000
1211
3231
5251
7271
9291
b2b1
d2d1
f2f1
ffff
ffff
ffff
ffff
0012
0000
0000
0302
6233
5453
9392
c8c7
11fa
7161
261a
6867
a5a4
dad9
4d86
00d8
0000
0018
001b
0000
0808
0808
0808
0808
0808
0808
0808
0808
0000
0808
0808
0808
0808
0000
0808
0808
0808
0808
0000
0208
0806
0604
0000
0000
0808
090a
0705
002f
0000
090a
0908
000a
0000
0a07
0d0a
0904
0000
0000
0d0d
1611
120d
0000
130c
1816
1012
0000
0000
0603
0a09
0808
0000
0000
0404
050b
0609
0000
040e
0e0c
0b08
0000
0000
0e0e
0e0f
0c09
002d
0000
0f10
100d
0815
0000
1812
1a17
160b
0000
0000
0000
0000
0000
0000
0000
0000
0000
0000
0000
0000
0000
0000
0000
0000
0000
0303
0708
0e11
1316
161b
181e
1a21
1c24
1d24
1e26
1f27
2028
2129
2129
212a
222b
222b
222b
232c
232c
242d
242d
242d
242e
242e
242e
252f
242e
252f
262f
2630
2630
2630
2630
2630
2630
2630
2731
2731
2731
2630
2731
2731
2731
2731
2731
2731
2732
2832
2832
2732
2731
2731
2832
2832
2832
2832
2832
2832
2832
2832
2832
2832
0000
0000
0000
0000
0000
0000
0000
0000
0000
0000
0000
0000
0000
0000
0000
0000
0000
0000
0000
0000
0000
0000
0000
0000
0000
0000
0000
0000
0000
0000
0000
0000
0000
0000
0000
0000
0000
0000
0000
0000
0000
0000
0000
0000
0000
0000
0000
0000
0000
0000
0000
0000
0000
f1ff
0000
0000
0000
0000
0f00
0000
0000
0000
f1ff
0000
0000
0000
0000
0f00
0000
0000
0000
0000
0000
0000
0000
0000
0000
0000
0000
0000
f1ff
0000
0000
0000
fe0f
0f00
0000
0000
0000
0000
0000
0000
0000
0000
0000
0000
0000
0000
0000
0000
0000
0000
0000
0000
0000
0000
0000
0000
0000
0000
ff0e
fa5f
0f00
0000
0000
0a00
1f00
0000
0000
00f1
00a0
0000
0000
0000
0000
0000
0000
0000
0000
0000
0000
0000
0000
f0ff
0000
0000
0000
ff0d
0010
0000
0000
0000
faff
0000
0000
0000
ff04
0000
0800
0000
0020
feff
0000
0000
0000
0000
0000
0000
0000
0000
0000
0000
0000
0000
0000
1f00
ff00
0000
0010
0700
0000
0000
c1ff
ff6f
ff05
0000
00e0
0070
0000
0000
0000
0000
0000
0000
0000
0000
0000
0000
0000
0000
0000
00f9
00c0
0000
0000
0000
fcff
4f00
0000
0000
0320
0000
ff0e
0000
00e2
ffff
4800
0000
0000
0000
0000
0000
0000
0000
0000
0000
0000
0000
0000
0000
0f00
0000
0000
0000
0000
0000
0000
0000
0000
0000
0000
0000
0000
0000
0000
0000
0000
0000
0000
0000
0000
0000
0000
0000
0000
0000
c0ff
0000
0000
0000
0000
f8ff
0000
0000
0000
0000
0d00
0000
0000
0000
ffaf
0000
0000
0000
f4ff
0000
0000
0000
0000
0000
0000
0000
0000
0000
0300
0000
0000
0000
bf00
0000
0000
0000
f0ff
0000
0000
0000
0000
df00
0000
0000
0000
0000
df01
0000
0000
0000
0000
0000
0000
0000
0000
0000
0000
0000
0000
0000
0000
0000
0000
ffff
0000
0000
0000
0000
0000
0000
0000
0000
0000
0000
0000
0000
0000
0000
0000
0000
0000
0000
0000
0000
0000
10ff
0000
0000
0000
0000
ffff
3300
0000
0000
10ff
0000
0000
0000
0000
0000
0000
0000
0000
0000
0000
0000
0000
0000
0000
0000
0000
0000
0000
0000
0000
0000
0000
0000
0000
0000
0000
0000
0000
0000
0000
0000
0000
ff00
0000
0000
0000
0000
0000
0000
0000
0000
0000
0000
0000
0000
0000
0000
0000
0000
0000
0300
0000
0000
0000
0000
0000
0000
0000
0000
0000
0000
0000
0000
0000
0000
0000
0000
0000
0000
0000
0000
0000
0000
0000
0000
0000
0000
0000
0000
0000
0000
0000
0000
0000
0000
0000
0000
0000
0000
0000
0000
0000
0000
0000
0000
0000
0000
0000
f4ff
0000
0000
0000
0000
fd8f
0000
0000
0000
0000
ff0e
0000
0000
0000
0000
ff05
0000
0000
0000
0000
0000
0000
0000
0000
0000
0000
0000
ffff
ffcf
0000
0000
ff2f
0000
ff00
0000
00f0
0000
10ff
0000
0000
feff
54f9
0000
0000
0000
0000
0000
0000
0000
0000
0000
0000
0000
0000
10ff
ffff
0000
0000
0000
ff00
0000
0000
0000
10ff
0000
0000
0000
0000
ff00
0000
0000
0000
0000
0000
0000
0000
0000
0000
0000
0000
0000
0000
4d00
0000
0000
ff3f
0000
0000
0000
0000
ff1c
0000
0000
0000
0000
30fe
0600
0000
00ff
0000
0000
0000
0000
0000
0000
0000
0000
0000
0000
0100
0000
0000
ff7f
0000
0000
0000
0000
ffff
0000
0000
0000
ff01
0000
0100
0000
0000
0000
0000
0000
0000
0000
0000
0000
0000
0000
0000
0000
0000
0000
00ff
ff04
0000
0000
0000
ff01
fecf
0000
0000
ffff
ffff
0000
0000
0000
ff01
0000
0000
0000
0000
0000
0000
0000
0000
0000
0000
0000
0000
3333
0080
0000
0000
0000
ffff
feff
0000
0000
ff0f
0000
0d00
0000
0000
ffff
0000
0000
0000
0000
0000
0000
0000
0000
0000
0000
0000
0000
f4ff
10fa
0100
0000
0000
ffff
ffff
0000
0000
ff02
0000
0700
0000
00a0
ffff
0000
0000
0000
0000
0000
0000
0000
0000
0000
0000
0000
0000
ffff
3333
0000
0000
0000
ff4f
0000
0000
0000
0000
ff2f
0000
0000
0000
0010
0000
0000
0000
0000
0000
0000
0000
0000
0000
0000
0000
0000
0030
ffff
0700
0000
00f0
0000
ff5f
0000
0000
faff
0000
ef00
0000
00c0
1c00
ff6f
0000
0000
0000
0000
0000
0000
0000
0000
0000
0000
0000
0000
ffff
0200
0000
0060
0000
10ff
0000
0000
ffff
ffff
0000
0000
0090
0b00
b78f
0000
0000
0000
0000
0000
0000
0000
0000
0000
0000
0000
0000
0000
0000
0000
0000
0000
f1ff
0000
0000
0000
0000
0000
0000
0000
0000
0000
0000
0000
0000
0000
0000
0000
0000
0000
0000
0000
0000
0000
0000
0000
0000
0000
0000
f1ff
0000
0000
0000
0000
0000
0000
0000
0000
0000
0000
0000
0000
0000
0f00
0000
0000
0000
0000
0000
0000
0000
0000
0000
0000
0000
0000
0000
0000
0000
00f8
ffff
ef07
0000
0000
0082
0100
0000
0000
0000
0000
0000
0000
0000
0000
0000
0000
0000
0000
0000
0000
0000
0000
0000
0000
0000
0000
ffff
0000
0000
0000
0000
ffff
0000
0000
0000
0000
0000
0000
0000
0000
0000
0000
0000
0000
0000
0000
0000
0000
0000
0000
0000
0000
0000
0000
50fc
0000
0000
0070
9e03
0000
0000
0000
0000
0000
0000
0000
0000
0000
0000
0000
0000
0000
0000
0000
0000
0000
feff
30fe
0000
0000
00fc
0000
0000
0000
0000
0000
0f00
0000
0000
0000
f1ff
0000
0000
0000
0000
0000
0000
0000
0000
0000
0000
0000
84ca
ffff
0300
0000
0000
2300
0000
3f00
0500
ff01
a0ff
00f0
d0ef
0060
0000
0d00
0a00
0094
0000
0000
0400
0000
0000
0000
0000
0000
0000
0000
f4ff
0000
0000
0000
00fb
ffbf
0000
0000
0030
0000
ff1e
0000
0000
0900
0000
ff03
0000
0000
0000
0000
0000
0000
0000
0000
0000
0000
0000
0000
ffff
0000
0000
4f00
0000
0f00
0000
0010
ffff
f1ff
0000
00e0
0000
0000
0f00
0000
0000
0000
0000
0000
0000
0000
0000
0000
0000
0000
0000
0000
0000
0000
6f00
0000
bf00
0000
0000
0000
10ff
0000
0000
0200
0000
0000
0000
0000
0000
0000
0000
0000
0000
0000
0000
0000
0000
0000
0000
0000
0000
ff4d
0000
0f00
0000
ff2f
0000
f1ff
0000
00e0
0000
0000
0f00
0000
0040
cafe
0000
0000
0000
0000
0000
0000
0000
0000
0000
0000
0000
0000
3333
0000
0f00
0000
0000
3333
ffff
0000
0000
0000
0000
0f00
0000
0032
ffff
0000
0000
0000
0000
0000
0000
0000
0000
0000
0000
0000
0000
ffff
0000
0f00
0000
0000
0000
ffff
0000
0000
0000
0000
0f00
0000
0000
0000
f1ff
0000
0000
0000
0000
0000
0000
0000
0000
0000
0000
0000
faff
d7ff
0600
0000
dddd
0000
10ff
0000
0010
3333
0000
8f00
0000
ffff
4554
0500
0000
0000
0000
0000
0000
0000
0000
0000
0000
0000
0000
0000
0000
0f00
0000
ff01
0000
f1ff
0000
00ff
3333
0000
0f00
0000
ff01
0000
f1ff
0000
0000
0000
0000
0000
0000
0000
0000
0000
0000
0000
0000
0010
0000
0000
0000
0000
ffff
0000
0000
0000
0010
0000
0000
0000
0000
ffff
0000
0000
0000
0000
0000
0000
0000
0000
0000
0000
0000
0000
0000
0000
0000
0010
0000
0000
0000
0000
ffff
0000
0000
0000
0000
0700
f7ff
0000
0000
0000
0000
0000
0000
0000
0000
0000
0000
0000
0000
0000
0f00
0000
00f4
2e00
f1ff
0000
0000
0000
ffff
0f00
0000
0000
2e00
f1ff
0000
0010
0000
0000
0000
0000
0000
0000
0000
0000
0000
0000
0000
0f00
0000
0000
0000
f1ff
0000
0000
0000
0000
0f00
0000
0000
0000
f1ff
0000
0000
ffff
0000
0000
0000
0000
0000
0000
0000
0000
0000
0000
0000
ffff
0000
0000
feff
0010
f2ff
0000
ff03
0f00
ffff
f8ff
ff7f
f1ff
0010
0000
feff
0000
0000
0000
0000
0000
0000
0000
0000
0000
0000
0000
0000
ff01
0000
ffff
0000
00ff
0000
5f00
0f00
0000
ff01
0c00
f1ff
0000
00ff
0500
0000
0000
0000
0000
0000
0000
0000
0000
0000
0000
0000
0000
0000
ffff
ff7f
0000
00f2
0000
0000
ff00
0000
ff01
0000
60ff
0000
00a0
af02
ffff
0000
0000
0000
0000
0000
0000
0000
0000
0000
0000
0000
0000
ffff
f4ff
0000
0000
0100
0000
0f00
0000
00f7
feff
f1ff
0000
0000
0000
0000
0f00
0000
0000
0000
0000
0000
0000
0000
0000
0000
0000
0000
eddf
8f00
0000
0020
0000
0000
ef00
0000
ff01
0000
20ff
0000
00f6
0000
10f8
0000
0000
3e00
0000
0000
0000
0000
0000
0000
0000
0000
0000
0000
ffff
0000
0000
0600
0000
0f00
0000
20fd
ffff
f1ff
0000
0000
0100
0000
0f00
0000
ff3f
0000
0000
0000
0000
0000
0000
0000
0000
0000
0000
0000
0000
0000
4f00
0010
0000
0000
0000
ffff
0000
0000
0000
0000
0000
0000
0000
0030
0000
0000
0000
0000
0000
0000
0000
0000
0000
0000
0000
0000
00f0
0000
1f00
0000
0000
0000
f0ff
0000
0000
0000
0000
1f00
0000
0000
0000
f0ff
0000
0000
0000
0000
0000
0000
0000
0000
0000
0000
0000
00f1
0000
0000
0f00
0000
ff0f
0000
f1ff
0000
00f1
0000
0000
0600
0000
90ff
ffff
0000
0000
0000
0000
0000
0000
0000
0000
0000
0000
0000
00fe
0000
0000
2f00
0000
90ff
0000
ff08
0000
0000
f4ff
feef
0000
0000
0000
feff
0000
0000
0000
0000
0000
0000
0000
0000
0000
0000
0000
0000
ffff
0000
ef00
ff06
60ff
ff0b
fdff
0030
0540
0000
1ff6
0000
00ff
0e00
0090
0600
0000
0000
0000
0000
0000
0000
0000
0000
0000
0000
0000
0100
0000
0000
0000
0060
5f10
0000
0000
0000
00b0
ff4f
0000
0000
00f3
0000
fbff
0000
0000
0000
0000
0000
0000
0000
0000
0000
0000
0000
0000
0000
6f00
0000
10fe
0000
af00
0000
0000
00f3
df00
0000
0000
0000
f1ff
0000
0000
0000
0000
0000
0000
0000
0000
0000
0000
0000
0000
0000
ffff
ff00
0000
00f4
0a00
0000
0000
0000
0000
ff0c
0000
0000
0000
0000
f8ff
0000
0000
0000
0000
0000
0000
0000
0000
0000
0000
0000
0000
0000
0f00
0000
0000
0000
f1ff
0000
0000
0000
0000
0f00
0000
0000
0000
f1ff
0000
0000
0000
0000
0f00
0000
0000
0000
0000
0000
0000
0000
0000
ff1e
0000
0000
0000
f7ff
0000
0000
0000
10ff
0000
0000
0000
00b0
0000
0000
0000
0000
0000
0000
0000
0000
0000
0000
0000
0000
0000
00f1
0000
0000
0000
0000
ff0f
0000
0000
0000
00f1
0000
0000
0000
0000
ff0f
0000
0000
0000
00f1
0000
0000
0000
0000
0000
0000
0000
0000
0000
0000
0000
0000
0000
ff0d
0000
0000
0000
0700
ff08
0000
0000
0000
0000
0000
0000
0000
0000
0000
0000
0000
0000
0000
0000
0000
0000
0000
0000
0000
0000
0000
0000
0000
0000
0000
0000
0000
0000
0000
0000
0000
0000
0000
0000
0000
3303
0000
0000
0000
0000
0000
0000
0000
0000
0000
0000
0000
0000
af00
0000
0000
0000
0000
0000
0000
0000
0000
0000
0000
0000
0000
0000
0000
0000
0000
0000
0000
0000
0000
0000
0000
0000
0000
0000
0000
0000
0000
0000
0000
ffff
0a00
0000
0000
ffff
ffef
0000
0000
ffff
0000
0a00
0000
0000
0000
0000
0000
0000
0000
0000
0000
0000
0000
0000
f1ff
0000
0000
0000
ff7f
0f00
0000
00f3
0000
f1ff
0000
0000
ff07
0000
0f00
0000
0000
0000
0000
0000
0000
0000
0000
0000
0000
0000
0000
0000
0000
0000
0000
df7c
0000
0000
0000
0100
20ff
0000
0000
0000
0000
0500
0000
0000
0000
0000
0000
0000
0000
0000
0000
0000
0000
0000
0000
0000
0000
ff1f
0000
0000
0000
00f0
0000
60ff
0000
0000
ff1f
0000
2f00
0000
00f0
30c8
0000
0000
0000
0000
0000
0000
0000
0000
0000
0000
0000
0000
0000
0000
0000
0000
0000
0a00
70ff
0000
0000
0000
0000
4f00
0000
0000
ffff
0000
0000
0000
0000
0000
0000
0000
0000
0000
0000
0000
0000
0000
00f0
0000
0000
0000
0000
ff1f
0000
0000
0000
00f0
0000
0000
0000
0000
ff1f
0000
0000
0000
0000
0000
0000
0000
0000
0000
0000
0000
0000
0000
0000
0000
00f0
df57
f9ff
0000
0000
ff1f
0000
df00
0000
00f0
df57
df04
0000
0000
ffcf
4485
0000
0000
0000
0000
0000
0000
0000
0000
0000
0f00
0000
0000
ffff
ffff
0000
0000
ff0f
0000
0f00
0000
00f1
0000
f1ff
0000
0000
0000
0000
0000
0000
0000
0000
0000
0000
0000
0000
0000
0000
0000
0000
0000
f1ff
0000
0000
0000
0000
0f00
0000
0000
0000
f1ff
0000
0000
0000
0000
0000
0000
0000
0000
0000
0000
0000
0000
00f1
0000
0000
0000
0000
ff0f
0000
0000
0000
00f1
0000
0000
0000
0000
ff0f
0000
0000
0000
00f0
0000
0000
0000
0000
0000
0000
0000
0000
0000
0f00
0000
0000
0000
f1ff
0000
0000
0000
ff03
0f00
0000
0000
ffff
f1ff
0000
0000
ffcf
0000
0000
0000
0000
0000
0000
0000
0000
0000
0000
0f00
0000
0000
0000
f1ff
0000
0000
0000
0000
0f00
0000
0000
0000
f1ff
0000
0000
0000
0000
0000
0000
0000
0000
0000
0000
0000
0000
0000
0000
0000
0000
0000
0000
0000
ffff
ffff
0000
0f00
ff0f
0010
0000
f1ff
00f1
0000
ffff
0000
0000
0000
0000
0000
0000
0000
0000
0000
0000
0000
0000
0000
0000
0000
0000
0000
feff
0000
0f00
0000
00f0
0000
f1ff
0000
0000
ff1f
0000
0000
0000
0000
0000
0000
0000
0000
0000
0000
0000
0000
0000
0000
0000
0000
0000
90ff
0070
3f00
0000
00fd
0000
30ff
0000
0000
ffff
ffff
0000
0000
0000
0000
0000
0000
0000
0000
0000
0000
0000
0000
0000
0000
0000
0000
20fc
74fc
0f00
0000
00fa
0000
f1ff
0000
0000
ff7f
64fc
0f00
0000
0000
0000
f1ff
0000
0000
0000
0000
0000
0000
0000
0000
0000
0000
0000
ff03
ffff
0600
0000
00f0
0000
10ff
0000
0000
ff1f
0040
0000
0000
00f0
0000
0000
0000
0000
0000
0000
0000
0000
0000
0000
0000
0000
0000
0000
ff4e
0f00
0000
0000
0000
f1ff
0000
0000
0000
0000
0f00
0000
0000
0000
0000
0000
0000
0000
0000
0000
0000
0000
0000
0000
0000
0000
0000
febd
0000
0000
0000
0000
ffef
0000
0000
faff
0000
5f00
0000
0000
0000
0000
0000
0000
0000
0000
0000
0000
0000
0000
0000
0000
0000
0000
00f0
ff0f
0000
0000
0000
ff1f
0000
0000
0000
00f0
0000
0000
0000
0081
0000
0000
0000
0000
0000
0000
0000
0000
0000
0000
0000
0000
0000
0000
0f00
0000
00f1
0000
f1ff
0000
0000
ff0f
0000
0b00
0000
00f1
e4ff
0000
0000
0000
0000
0000
0000
0000
0000
0000
0000
0000
0000
0000
0000
0000
0000
0000
2f00
f3ff
0000
0000
0050
00f7
0000
0000
0000
00f2
0000
0000
0000
0000
0000
0000
0000
0000
0000
0000
0000
0000
0000
0000
0000
0000
0000
ff0d
60ff
0000
ff6f
ff0d
9f10
0000
0000
bfff
0000
1f00
0000
0000
0000
0000
0000
0000
0000
0000
0000
0000
0000
0000
0000
0000
0000
0000
ff03
ffef
0000
0000
0000
ffcf
0000
0000
0000
ff2f
e1ff
0000
0000
0000
0000
0000
0000
0000
0000
0000
0000
0000
0000
0000
0000
0000
0000
0700
30ff
0000
0000
00f7
0060
0000
0000
0000
40ff
0500
0000
0000
0000
f1ff
2400
0000
0000
0000
0000
0000
0000
0000
0000
0000
0000
0000
ffff
ffff
0000
0000
0000
ff07
0000
0000
0000
0000
fbff
0000
0000
0000
0000
0000
0000
0000
0000
0000
0000
0000
0000
ff7f
0000
0000
0000
0000
ff00
0000
0000
0000
00a0
ff08
0000
0000
0000
ff00
0000
0000
0000
80ff
0000
0000
0000
0000
0000
0000
0000
0000
0000
0f00
0000
0000
0000
f1ff
0000
0000
0000
0000
0f00
0000
0000
0000
f1ff
0000
0000
0000
0000
0f00
0000
0000
0000
0000
0000
0000
0000
0000
ff19
0000
0000
0000
ff0f
0000
0000
0000
00f8
0000
0000
0000
0000
ff0d
0000
0000
0000
00f0
0000
0000
0000
0000
0000
0000
0000
0000
0000
0000
0000
0000
0000
0000
0000
0000
0000
0000
0000
0000
df01
df03
0000
0000
0000
0000
0000
0000
0000
0000
0000
0000
0000
0000
0000
0000
0000
0000
0000
0000
0000
0000
0000
0000
0000
0000
0000
0000
0000
0000
0000
0000
0000
0000
0000
0000
0000
0000
0000
0000
0000
0000
0000
0000
0000
0000
0000
0000
0000
0000
0000
0000
0000
0000
0000
0000
0000
0000
0000
0f00
0000
0000
0000
00ff
0000
0000
0000
0000
0000
0000
0000
0000
0000
0000
0000
0000
0000
0f70
0000
0000
0000
0000
0000
0000
0000
0000
0000
0000
0000
0000
0000
0900
f90b
0000
3300
0200
0000
0000
80cf
0070
0000
0000
0000
0000
0000
0000
0010
0000
0e00
0000
0000
0000
0000
fe2f
0000
0400
f2ff
0000
0000
0000
0000
0000
0200
a0ff
00fa
0000
5414
5ec0
00f9
0000
0010
ffff
0000
0000
0000
0000
0000
0000
0000
0000
00ff
00c1
0000
8f00
ff2e
00b0
0000
de4a
0000
0000
0000
0000
0000
0000
00f0
0000
0000
0000
0000
0000
0000
0000
0000
0000
0000
0000
0000
0000
0100
0000
0000
0900
0000
0000
0000
00f0
0000
0000
0c00
0000
0000
0000
0000
0000
0000
3f00
0000
0000
0000
ff03
0000
0000
0000
0050
0000
0000
00e3
0000
0000
0000
0000
0000
0000
ff00
0000
0000
0000
80bf
0000
0000
0000
0000
0000
0000
0000
0000
0000
0000
0000
0000
0000
66ff
0000
0000
0f00
0000
0000
0000
0000
0000
0000
0000
0000
0000
0000
0000
0000
0000
0000
0000
0000
ff00
0000
0000
0000
0000
0000
0000
0000
0000
0000
0000
0000
0000
0000
0000
0000
0000
0000
0000
0000
0000
0000
0000
0000
0000
0000
0000
0000
0000
0000
0000
0000
00f0
0000
0000
0000
0000
0000
0000
0000
0000
0000
0000
0010
0000
0000
00f6
0000
0000
7058
0000
0000
0000
0000
0000
0000
7f00
0000
0000
0000
00f0
fe1f
0000
0000
0000
0000
0000
0000
0000
0000
0d00
f0ff
0000
0000
0000
0000
0000
0000
f0ff
0000
0000
0000
0000
0000
0000
0000
0000
0000
00f2
b0ff
0000
0000
20fe
0000
0000
ffff
0000
0000
0000
0000
0000
0000
ffcf
a0ff
0000
0000
ffff
0000
0000
00f6
b0ff
0000
0000
0000
0000
0000
0000
0000
0000
0000
ffc0
0000
0000
00b0
ffff
0000
0000
0000
0000
0000
0000
0000
0000
0500
6666
0000
0000
b7ff
90ff
0000
ef00
3f00
0000
0000
0000
0000
0000
0000
0000
0000
0000
00f7
0000
0000
ff00
0000
0000
0000
7c01
0000
0000
0000
0000
0000
0000
ffff
e2bf
0000
0000
a0ff
0000
0000
ef00
0000
0000
0000
0000
0000
0000
0000
0000
0000
0d00
0000
0000
0000
00f7
ff0f
0000
0100
0000
0000
0000
0000
0000
0000
0000
ff7a
0000
0000
0080
f0ff
0000
0000
bf01
0000
0000
0000
0000
0000
0000
0000
0000
0000
00f0
0000
0000
0000
0000
0000
0000
00f0
0000
0000
0000
0000
0000
0000
0000
0000
0000
0000
0000
0000
0000
0000
0000
0000
fb00
0000
0000
0000
0000
0000
0000
0000
0000
0000
0000
0081
0000
0000
0000
0000
0000
0000
0000
0000
0000
0000
0000
0000
0000
6666
0000
0000
0000
0000
0000
0000
0000
0000
0000
0000
0000
0000
0000
0000
0000
0000
0000
cf16
0000
0000
0000
0000
0000
0000
0000
0000
0000
ffff
00f9
0000
0000
f9ef
0000
0000
0000
0000
0000
0000
0000
0000
0000
0000
0000
00c3
0000
0000
fb2c
a05f
0030
0000
0000
1e00
0000
1100
0000
0000
0000
0000
0000
ffff
0000
0000
fe0d
f39f
0000
5f00
0000
60ff
0000
0000
0000
0000
0000
0000
0000
0000
00f0
ff08
0000
ff00
0000
00fe
0000
ffff
0000
0000
0000
0000
0000
0000
ef05
9f01
0000
ef00
0000
0000
0000
60ff
ff9e
0000
0000
0000
0000
0000
0000
0000
0000
0f00
0000
fe1f
0000
00ff
0000
0000
0f00
0000
0000
0000
0000
0000
0000
ff00
6666
0000
0000
ffff
0066
0000
ff00
0000
0000
0000
0000
0000
0000
0000
0000
0000
0000
00f0
0000
0000
ff00
0000
0000
0000
00f0
0000
0000
0000
0000
0000
0000
ef06
8f00
0000
ff00
1600
f0ff
0000
70ff
ef7a
0000
0000
0000
0000
0000
0000
0000
0000
0f00
0000
ff0f
0000
00ff
0000
0000
0f00
0000
0000
0000
0000
0000
0000
0f00
0000
0000
0000
00ff
0000
0000
0f00
0000
0000
0000
0000
0000
0000
0000
0000
0000
0000
0000
00ff
0000
0000
0f00
0000
0000
ef7c
0000
0000
0000
0000
0000
0000
00f0
f5ef
0000
ff00
00fb
0000
0000
00f0
ff0c
0000
0000
0000
0000
0000
0000
0000
0000
0f00
0000
0000
0000
00ff
0000
0000
0f00
0000
0000
0000
0000
0000
0000
ff00
0000
8f00
0000
1ff0
0500
ff0f
ff00
6f00
0000
0000
0000
0000
0000
0000
0000
ff0f
0000
bfff
0000
0000
0f00
0000
ffbf
0000
00ff
0000
0000
0000
0000
0000
0000
df04
8f01
0000
ef00
0000
ff0f
0000
60ff
ff9d
0000
0000
0000
0000
0000
0000
0000
0000
ff00
0000
00fa
0000
00f0
0000
0000
ff00
0000
0000
0000
0000
0000
0000
0000
67d8
c0ff
0000
00f0
0000
0000
5f00
0000
fcff
0000
0000
0000
0000
0000
0000
0000
0000
00f0
ff02
0000
ff00
0000
00f0
0000
00f0
0000
0000
0000
0000
0000
0000
ff1a
ff07
0000
0400
ffff
0070
0000
00f9
ffbf
0000
0000
0000
0000
0000
0000
0000
0000
0000
f0ff
0000
0000
0000
0000
0000
0000
0000
0000
0000
0000
0000
0000
ff00
0000
f0ff
0000
00f0
0000
0000
bf00
0000
0010
0000
0000
0000
0000
0000
0000
f1ff
0000
00f8
ff09
0000
0000
1fa0
0000
0000
0000
0000
0000
0000
0000
0000
0000
0020
fbff
ff05
6f00
fd0e
30ff
0000
fd3f
0000
00e0
0000
0000
0000
0000
0000
0000
0000
0100
1d90
0000
0000
8f00
80ff
0000
ef01
0000
0000
0000
0000
0000
0000
fe5f
0000
0040
0000
ff07
0070
0000
0000
f0ff
0000
0000
0000
0000
0000
0000
0000
0000
0000
0000
0060
0000
0000
0000
0000
0000
ffff
0000
0000
0000
0000
0000
0000
00f0
0000
0000
ff00
0000
0000
0000
00f0
0000
0000
ff00
0000
0000
0000
0000
0000
0000
bf00
0000
0000
0000
ff05
0000
0000
0000
fd0e
0000
0000
0000
0000
0000
0000
0000
0000
0000
f0ff
0000
0000
0000
0000
0000
0000
f0ff
0000
0000
0000
0000
0000
0000
0efc
0000
0000
0000
0000
0000
0000
0000
0000
0000
0000
0000
0000
0000
0000
0000
0000
0000
0000
0000
0000
0000
0000
0000
0000
0000
0000
0000
0000
0000
0000
0000
0000
0000
0000
0000
0000
0000
0000
0000
0000
0000
0000
0000
0000
0000
0000
0000
0000
1099
f0ff
0000
ef00
5f00
0000
0000
0000
0000
0000
0000
0000
0000
0000
3af0
50ff
0000
ff00
0000
0000
0000
3a60
0000
0000
0000
0000
0000
0000
0000
0000
0000
cf00
0100
0000
0000
00c0
10fc
0000
0000
0000
0000
0000
0000
f0ff
0000
0000
f7ff
0000
0000
0000
f0ff
0000
0900
0000
0000
0000
0000
0000
0000
0000
0000
0000
0000
00c0
e0ff
0000
ff09
0000
0000
0000
0000
0000
0000
0000
d4ef
0000
0000
ffff
0000
0000
0000
0000
0000
0000
f0ff
0000
0000
0000
0000
0000
0000
0000
0000
0000
0d00
0000
0000
0000
00fa
ffff
0000
0000
ffff
0000
0000
0000
0000
0000
ff00
ffff
0000
0000
00f0
f0ff
0000
ff00
0000
0000
0000
0000
0000
0000
ff00
0000
0000
0000
00f0
0000
0000
ff00
0000
0000
0000
0000
0000
0000
0000
0000
0000
0000
f0ff
0000
0000
0000
0000
0000
0000
f0ff
0000
0000
0000
0000
0000
0000
00f0
0000
0000
ff00
e2ff
0000
0000
00f0
00fb
0000
0000
0000
0000
0000
0000
0000
0000
ff00
0000
0000
0000
00f0
0000
0000
ff00
0000
0000
0000
0000
0000
0000
0000
0000
0000
0000
00f1
f0ff
ff00
ff00
0000
0000
0000
0000
0000
0000
0000
0000
0000
0000
18b0
30ff
0000
ff00
0000
0000
0000
00f0
0000
0000
0000
0000
0000
0000
0000
0000
0000
cf00
0000
0000
0000
00d0
20fe
0000
0000
0000
0000
0000
0000
0000
0000
0000
ffff
0000
0000
00f0
fd2f
0000
ff00
0000
0000
0000
0000
0000
0000
0000
0000
0000
0000
00d0
f0ff
0000
ff0b
1b00
0000
0000
0000
f0ff
0000
0000
0000
0000
0000
4bb0
0000
0000
ff00
0000
0000
0000
00f0
0000
0000
0000
0000
0000
0000
0000
0000
0000
bf00
0000
0000
0000
00f2
40ff
0000
0000
0000
0000
0000
0000
0000
0000
0000
00ff
0000
0000
f0ff
0000
0000
0000
0000
0000
0000
0000
0000
0000
0000
0000
0000
0000
00f0
f0ff
0000
ef00
2d00
0000
0000
0000
0000
0000
0000
0000
0000
0000
0000
30ff
0000
0900
fb0e
0000
0000
6f00
0000
0000
0000
0000
0000
0000
0000
0000
80ff
ff05
f43f
ff01
0000
bfcf
4f00
0000
0000
0000
0000
0000
0000
0000
0000
0000
af00
0000
0000
ef01
0000
0000
ff05
0000
0000
0000
0000
0000
0000
0000
0000
0000
0000
00f3
00c0
0000
0000
30ff
0000
0000
f6ef
0000
0000
0000
0000
0000
0000
ffff
00fa
0000
0000
0070
0000
0000
ffff
0000
0000
0000
0000
0000
0000
fa6f
0000
0000
0100
0000
0000
0000
e0ff
0000
0000
0000
00fe
0000
0000
0000
0000
0000
ff00
0000
0000
0000
00f0
0000
0000
ff00
0000
0000
0000
0000
0000
0000
7f00
0000
0000
0000
f3cf
0000
0000
0000
0000
0000
0000
00f8
0000
0000
0000
0000
0000
0000
0000
0000
0000
6f00
7f00
0000
0000
0000
0000
0000
0000
0000
0000
0000
0000
0000
0000
0000
0000
0000
0000
0000
0000
0000
0000
0000
0000
0000
0000
0000
0000
0000
0000
0000
0000
0000
0000
0000
0000
0000
0050
50ff
0000
0000
0000
0000
0000
0000
0000
0000
0000
0000
0000
0000
0000
0000
0000
0000
0010
ffff
d00d
ffff
00f1
0000
0000
0000
0000
0000
0000
0000
40ff
6f00
ffff
0f00
0000
0000
0000
0000
0000
0000
f5df
05f5
6d00
0000
0000
0000
0000
0000
0000
0000
0000
00a0
0000
0000
0000
0000
00f5
a00f
0000
0000
0000
0000
0000
0000
0000
00f6
00f9
a09f
ef00
0000
0000
0000
0000
0000
0000
0000
0000
00ff
ff00
0300
0000
0000
0000
0000
0000
0000
0000
f6ff
fe54
0000
0000
0000
0000
0000
0000
0000
0000
cccc
00ff
ff05
0000
0000
0000
0000
0000
0000
0000
0000
0000
0000
0000
0000
0000
0000
0000
0000
0000
0000
0000
0000
0000
0000
0000
0000
0000
0000
0000
0000
0000
0000
0000
0000
0000
0000
0000
0000
0000
0000
0000
0000
0000
0000
0000
0080
00f5
f50f
0e00
0000
0000
0000
0000
0000
0050
50ff
ff00
0000
0000
0000
0000
0000
0000
0000
00d1
ff05
7f00
cf01
ff06
ff00
0000
0000
0000
0000
0000
00f2
40fd
0600
0080
0000
0000
0000
0000
0000
0000
0000
0050
ffff
ff00
0000
0000
0000
0000
0000
0000
0000
0040
10ff
10c7
0000
0000
0000
0000
0000
0000
0000
0000
0030
0000
0000
0000
0000
cccc
0000
0000
0000
0000
0000
0000
0000
0000
0000
01b1
40ff
1a00
0e00
0000
0000
0000
0000
0000
0092
0c00
0000
fe9f
0000
0000
0000
0000
0000
0000
0000
0000
0000
0000
0000
ff00
0000
0000
0000
0000
0000
0000
0000
0000
0050
00fb
0000
0000
0000
0000
0000
0000
0000
0071
0400
0000
0000
0000
0000
0000
0000
0000
0000
0000
0000
0000
0000
0000
0000
0000
0000
0000
0000
0000
0000
0000
0000
0000
fddf
2102
0000
0000
0000
0000
0000
0000
0000
0000
faaf
a0cf
f90b
0f00
00f8
00b4
0010
0000
0000
00c0
fdfd
90bf
f80c
df00
0e00
0000
0000
0000
0000
30fe
1f00
dfcc
0050
50ff
ff00
0000
0000
0000
0000
00e2
8803
0000
0000
00f6
0000
0000
0000
0000
0000
0010
e06f
5f00
0100
efcc
0000
0000
0000
0000
0000
0000
0000
0000
0000
ffff
0000
0000
0000
ff00
0000
0000
0000
0000
0000
0000
0000
0000
0000
ff09
fb0a
0f00
0000
0000
0000
0000
0000
0000
0000
0050
50ff
ff00
0000
0000
0000
0000
0000
0000
0000
0000
0050
50ff
ff00
0000
0000
0000
0000
0000
00f5
f50f
0f00
0000
00f8
0700
0000
0000
0000
0000
0060
0000
0060
ef02
0050
0000
0000
0000
0000
0000
0000
0000
0000
0000
cccc
0000
0000
0000
0000
00f0
f0df
5ff4
10ff
c0af
f907
0000
0000
0000
ff00
0000
0000
0000
00f0
f0ff
0000
0000
0000
0000
ff07
fc09
0f00
0000
0000
0000
0000
0000
0000
0000
0050
50ff
ff00
0000
0000
0000
0000
0000
0000
82ec
0000
0000
00f5
fc09
0000
0000
0000
0000
0000
a0ff
0600
0300
0050
50ff
ff00
0000
0000
0000
0000
0040
0000
50fd
0000
00a3
0000
0000
0000
0000
0000
0000
0000
0000
00f0
f05f
0000
0000
0000
0000
0000
0000
00f0
f05f
ef01
b6fe
0000
0000
0000
e08f
0700
0000
0000
0000
0000
0000
0000
0000
0000
00f4
fe07
0000
0000
00f3
70ff
0000
0000
0000
0000
00f3
9f00
0000
0000
0000
0000
0000
0000
0000
0900
0200
20ff
0b00
0000
0000
0000
0000
0000
0000
e0ef
e28f
d19f
d1af
c0bf
ff0f
0000
0000
0000
0000
0000
0000
0000
0000
0050
50ff
ff00
0000
0000
0000
0000
0000
0000
0000
909f
0400
0000
0000
0c00
0000
0000
0000
0000
0000
0000
0000
0000
0000
0100
0000
0000
0000
0000
0000
0000
0000
0000
0000
0000
0000
0000
0000
0000
0000
0000
0000
0000
0000
0000
0000
0000
0000
0000
0000
0000
0000
0000
0000
0000
0190
9b04
f90e
0500
0000
0000
0000
0000
0000
40eb
0100
0050
80ff
fd00
0000
0000
0000
0000
0000
0030
8208
0000
0290
0000
0000
0000
0000
0000
0000
0000
00ff
ff05
fade
0000
0000
0000
0000
0000
0000
0000
0000
0000
20d8
0000
0000
0000
0500
0000
0000
0000
0000
0000
0000
0000
0000
0000
0000
0400
0700
0000
0000
0000
0000
0000
0000
0000
0050
afff
ff00
0000
0000
0000
0000
0000
0000
0000
0000
0050
50ff
ff00
0000
0000
0000
0000
0000
0000
0000
0000
00f5
f50f
0f00
0000
0000
0000
0000
0000
00d1
00b0
a0df
0150
0000
0000
0000
0000
0000
0000
0000
0000
0000
0000
0000
0000
0000
0000
0000
00d7
0d00
0000
00ff
ff05
0000
0000
0000
0000
0000
0000
0000
0000
0050
0000
0000
0000
0000
0000
0200
0700
0000
0000
0000
0000
0000
0000
0000
0000
9fff
ff00
0000
0000
0000
0000
0000
0000
0000
0000
01a1
00f6
f70d
0000
0000
0000
0000
0000
0000
0030
0000
0050
50ff
ff00
0000
0000
0000
0000
0000
0020
0000
ff7c
0230
0000
0000
0000
0000
0000
0000
0000
0000
0000
00ed
0000
0000
0000
0000
0000
0000
0000
0050
50ff
cf60
0000
0000
0000
0000
0000
0000
0000
0000
0000
0000
0000
0000
0000
0000
f15f
0700
0000
0000
0050
0000
0000
0000
0000
0000
20ff
0700
0000
0000
0000
0000
0000
0000
0000
0000
0000
b09f
0800
0000
0000
0000
0000
0000
0000
f0ff
f83f
f56f
e29f
ff0f
0000
0000
0000
0000
0000
0000
0000
0000
00f5
f70d
0000
0000
0000
0000
0000
0000
0000
0000
0000
0050
0000
0000
3f00
0000
0000
0000
0000
0000
0000
0000
0000
0000
0000
0000
0000
0000
0000
0000
0000
0000
0000
0000
0000
0000
0000
0000
0000
0000
0000
0000
0000
0000
0000
0000
0000
0000
0000
0000
0000
0000
0000
0000
0000
0000
0000
00ff
0000
0000
0000
0000
0000
0000
0800
00f0
00da
0000
0000
0000
0000
3e00
0000
0300
0000
f00f
0000
0000
0800
a00b
0000
0f00
0000
0000
0000
0000
f81a
0300
feef
0000
0000
0000
0000
0000
0000
0000
0000
0000
0000
0000
00f7
0000
0000
0000
0040
0000
0000
0700
0000
fb03
0000
0000
0000
0000
0000
0050
0000
0000
0000
0000
0000
0000
00f0
0000
0000
0000
0000
0000
0000
0000
0000
0000
0000
0000
0000
0000
0000
0000
0000
0000
0000
0000
0000
0000
0000
00ff
0000
0000
0000
00b0
0000
0000
704f
0000
0000
0000
0000
0000
1f00
0000
0000
0000
0000
0f00
0000
f00f
0000
0000
0000
0000
ef00
0030
5f00
0000
0000
0000
0000
0e00
00c1
1001
0000
0000
0000
0000
0000
f00f
0e00
00f0
0000
0000
0000
0000
ffef
0000
fd9c
0000
0000
0000
0000
fff9
0000
cfd9
0000
0000
0000
30cf
0000
0000
ff00
0000
0000
0000
fc08
0100
a06f
df02
0000
0000
0000
0b00
0000
ffb3
0000
0000
0000
0000
0000
0000
0000
0000
0000
0000
0000
0000
0000
0000
0000
0000
0000
0000
0000
00a7
fa0f
0000
0000
0000
0000
0000
8888
0000
0000
0000
0000
0000
0000
0000
0000
0000
0000
0000
0000
0000
0000
0000
0000
0000
0000
0000
9ab9
fd04
f207
00f5
0000
0000
0000
10ff
0000
806f
f50a
0000
0000
0000
8988
0000
1500
0000
0000
0000
0000
fb3e
0000
0000
0000
0000
0000
0000
ff00
b05f
00ff
0060
0000
0000
0000
0000
0000
ff00
0000
0000
0000
0000
0000
0000
0000
0000
0000
0000
0000
0000
0000
0000
0000
0000
0000
0000
f00f
00ff
00f0
0000
0000
0000
0000
0000
ff00
0000
00ff
0000
0000
0000
ff00
0000
00ff
f20e
0000
0000
0000
0000
0000
00f4
0000
7f00
0000
0000
00ff
0000
0000
0000
ffff
0000
0000
ff00
0e00
03ff
0f20
0000
0000
0000
0000
0f00
ff00
f05f
00ff
0000
0000
0000
0000
0f00
4f00
0100
0000
0000
0000
0000
0000
0000
0000
0000
0000
0000
00fa
00f0
0000
0000
0000
0000
0000
ff00
00f4
00ff
0020
0000
0000
0000
0e00
0000
6006
0020
0000
0000
0000
0000
00ff
0000
0000
0000
0000
0000
0000
0000
0000
ff9b
0000
0000
0000
20ef
a06f
0000
ff0c
0000
0000
0000
b0ff
ff01
984f
ff06
0000
0000
0000
5f00
0000
00f3
fe06
0000
0000
0000
0060
0000
20ff
0000
0000
0000
0000
0000
0000
00fc
0000
0000
0000
0000
f00f
0000
00f0
0000
0080
0000
0000
0900
0000
0000
0000
0000
0000
0080
0000
0000
0000
0000
8f08
0000
0000
0000
f706
0000
0000
0000
0000
0000
0000
0000
0000
0000
0000
0000
0000
0000
0000
0000
0000
0000
0000
0000
0000
0000
00ff
f20d
0000
0000
0000
0000
0000
fe02
0f00
0000
0000
0000
0000
0000
0000
0000
0000
0000
0000
0000
0000
00f2
0000
0000
0000
0000
0000
0020
ff0e
0000
0000
0000
0000
0000
00f0
0000
0000
0000
0000
0000
0000
b3ee
0000
ff00
0000
0030
0000
0000
9ef1
0000
0000
0000
0000
0000
0000
ff00
0000
00ff
0000
0000
0000
0000
0000
0000
0f00
0000
00d8
0000
0000
0000
00f3
0f00
00fb
0000
0000
00ff
0000
0000
0000
0000
0000
0000
0000
0000
00f0
0f00
0000
0000
0000
0000
0000
f00f
0000
00f0
0000
0000
0000
0000
0b00
e02f
0600
0000
0000
0000
0000
0000
ff01
0f00
0000
0000
0000
0000
0000
0000
0000
ff00
0000
0000
0000
0000
00f0
0000
0000
0000
0000
0000
00fd
0000
0000
0000
0000
0000
0000
0000
0000
0000
0000
0000
0000
0000
0000
0000
efcc
0000
0000
0000
0000
00f6
0000
a0ef
0000
0000
0000
0000
f30c
fb81
fc0b
0000
0000
0000
0000
0000
0000
fa08
0000
0000
0000
0000
0000
30df
0000
0000
0000
0000
0000
0000
20ee
0000
0000
0000
0000
0b00
0000
00fa
0000
00f7
0000
0000
0f00
0000
f00f
0000
00f0
0000
0000
0000
0000
0000
0000
7f00
0000
0000
0000
0000
0000
0000
0000
0000
0000
0000
0000
0000
0000
0000
0000
0000
0000
0000
0000
0000
0000
0000
0000
0000
0000
0000
0060
0000
0000
0000
0000
ffff
ffff
f106
0000
00af
2f00
fd28
fcee
0000
0000
065d
3b3f
0200
0000
0000
e804
e30b
b4ee
0000
0000
0000
0000
0000
0000
00b0
0000
0000
0000
0000
0000
0040
0090
0000
0000
0000
00a0
10cd
0000
0000
0000
00af
33bf
0000
0000
0000
0000
0000
0000
0000
0000
0000
0033
0000
0000
0000
0000
0000
0000
0000
0000
00f3
0000
0000
0000
0000
1f00
0f00
91fe
0000
0011
00fa
00fa
00fa
0000
0000
ae00
00fb
ffff
0000
0000
1f00
3f00
a2ee
0000
0000
afea
af00
af00
0000
0000
0000
1f00
a2ee
0000
0000
0000
1f00
a2ee
0000
0000
f405
00f6
00f0
0000
0000
1f00
0d00
c5ee
0000
0000
1f00
8fff
80fd
0000
0000
0000
0000
0000
0000
0000
0000
0000
0000
0000
0000
0100
0000
0000
0000
0000
0000
ffff
0000
0000
0000
0000
df05
0000
0000
0000
ae00
00f5
00f0
0000
0000
af01
00ac
ea1c
0000
0000
f6f5
1e11
0000
0000
0000
0b00
0400
daff
0000
0000
0000
0000
eadf
0000
0000
0100
0000
b5fe
0000
0000
0000
0000
ffff
0000
0000
0000
3233
0000
0000
0000
0000
3301
ecdf
0000
0000
0000
3333
0000
0000
0000
0000
0000
0000
0000
0000
af00
af00
60ec
0000
0000
c12e
c03f
0300
0000
0000
0000
0000
ffff
0000
0000
0080
215f
bc00
0000
0000
00c0
f406
0100
0000
0000
0000
0000
eadf
0000
0000
0100
1033
0000
0000
0000
0000
0000
eadf
0000
0000
0100
5d33
0000
0000
0000
0000
1a00
d9df
0000
0000
a00f
a00f
a00f
0000
0000
0000
0000
d9ef
0000
0000
0700
db90
408f
0000
0000
fa07
108f
00d0
0000
0000
dda0
f5fa
0100
0000
0000
0c80
c02f
a00f
0000
0000
f704
00d0
ffff
0000
0010
0000
0000
0000
0000
0000
0000
00c0
503f
0000
0000
0000
0000
0000
0000
0000
00e8
0000
0000
0000
0000
0000
0000
1111
0000
0000
0000
0000
0000
0000
0000
91ed
ffff
8fd6
0000
0000
a2ee
0f00
b2ef
0000
0000
b3ee
0000
b3ee
0000
0f00
5ffd
0f00
6bfd
0000
0000
b3ee
3333
e9ef
0000
90df
00ff
0000
0000
0000
0000
5bfd
0f00
5ffd
0000
0000
a1ee
af00
af00
0000
0000
0000
0000
0000
0000
0000
0000
0000
0000
0000
0000
fc03
00f3
de01
0000
0000
0000
0000
0000
0000
0000
a1ee
af00
af00
0000
0000
a1ee
af00
af00
0000
0000
b3ee
0a00
b3ee
0000
0000
a1ee
0f00
b2ef
0000
0000
6bfd
0f00
6ffd
0000
0000
00e6
0000
0000
0000
0000
80ed
91fe
81fd
0000
0000
00ff
0000
00ed
0000
0000
af00
af00
8fe7
0000
0000
9f00
900d
00f2
0000
0000
f306
0eab
0070
0000
0000
fb02
00f5
ec01
0000
0000
af00
901f
00f1
0000
0000
ffff
00f6
ffff
0000
00d2
0000
0000
0000
0000
0000
0000
0000
0000
0000
0000
0000
0072
0000
0000
0000
0000
ff07
0000
0000
0000
0000
0000
0000
0000
0000
0000
0000
0000
104f
0000
0000
0000
0000
0000
0000
2800
0000
0000
0000
20ec
0000
0000
ff09
104f
0000
0000
0eea
0000
0000
0000
0000
0000
0000
0000
0200
0000
6e00
0000
0000
0000
00b0
0000
0000
0400
0000
0000
0000
0000
4f00
0000
0000
0000
0000
0000
0000
0000
0000
5c00
0000
0000
0000
f104
0000
0000
0400
0000
0000
0000
00f4
0000
0000
0000
0000
0000
0000
f104
0000
0000
bd0e
0000
0000
0000
e007
0000
0000
0000
0000
0000
0000
804d
0000
0000
302f
0000
0000
0000
0000
0000
0000
0002
0000
0000
0000
0010
0000
0000
ff0f
0000
0000
0000
a09e
0000
0000
0000
0000
0000
0040
09f1
0400
0000
9b00
0000
0000
0000
d825
0000
0000
104f
0000
0000
0000
5f00
0000
0000
104f
0000
0000
0000
1022
0000
0000
104f
0010
0000
0000
6f22
0000
0000
f104
0000
0000
0000
f104
0000
0000
1a4f
0000
0000
0000
0000
0000
0000
4e4f
104f
0000
0000
4fba
0000
0000
104f
00a0
0000
0000
91ff
0000
0000
104f
00a0
0000
0000
ea25
0000
0000
e80a
0000
0000
0000
104f
0000
0000
104f
0000
0000
0000
800c
0000
0000
a00c
00ee
0000
0000
00ec
0000
0000
8d00
0000
0000
0000
0090
0000
0000
104f
0000
0021
0000
0000
0000
0000
f104
0000
0020
0000
0000
0000
0000
0000
0000
0000
0000
0000
0000
0000
c30b
0000
0000
0000
f005
0000
0000
d409
0000
0000
0000
f104
0000
0000
d408
0000
0000
0000
0000
0000
0000
d40a
0000
e9ce
0000
f104
0000
0000
104f
0000
0000
0000
0000
0400
0000
124f
0000
0000
0000
0000
0000
0000
934f
104f
0000
0000
f104
0000
0000
d309
0000
0000
0000
f005
4f00
0000
d40a
0000
0400
0000
0000
0000
0000
731f
0000
0000
0000
0000
0000
0000
104f
0000
0000
0000
0099
0000
0000
104f
00c0
0000
0000
0080
0000
0000
204f
0000
00a0
0000
00e3
0000
0000
f104
0000
3006
0000
0000
4f00
0000
f204
0000
0000
0000
16db
0000
0000
0000
0000
0000
0000
0000
0000
0000
0000
0000
0000
0000
0000
0000
0000
0000
0000
0000
0000
0000
0000
0000
0000
0000
0000
0080
0000
0000
0038
0080
60e0
0000
0000
0000
0000
0080
0000
0000
0000
0000
0000
0000
0000
0000
0000
0000
0000
0000
0000
0000
0000
0000
0000
0000
0000
0000
0000
0000
0000
0000
0000
0000
0000
0000
0000
0000
0000
0000
0000
0000
0000
0000
0000
0000
0000
0000
0000
0000
0000
0000
0000
0000
0000
0000
0000
0000
0000
0000
0000
0000
0000
0000
0000
0000
0000
0000
0000
0000
0000
0000
0000
0000
0000
0000
0000
0000
0000
0000
0000
0000
0000
0000
0000
0000
0000
0000
0000
0000
0000
0000
0000
0000
0000
0000
0000
0000
0000
0000
0000
0000
0000
0000
0000
0000
0000
0000
0000
0000
0000
0000
00c0
0000
0000
0000
0080
0000
0000
0000
0000
0000
0000
0000
0000
0000
0000
0000
00e0
38c6
1c38
0000
0000
0000
0000
00e0
0000
0000
00e0
0080
00f0
0000
0000
003c
0000
00e0
0000
0000
0038
0078
0000
0000
00e0
0000
0000
0000
0000
0000
0080
0000
0000
0000
001c
00fe
00ee
0000
0038
0038
0038
0038
0000
0000
0000
0000
0000
0000
0000
0000
0000
0000
0000
0000
0000
0078
0000
0000
0000
0000
0080
0000
001f
0067
0087
0000
0000
0038
0038
00f8
0000
0000
001e
0007
00f0
0000
0000
0070
0000
0000
0000
00f0
0007
009e
0000
0000
0078
00e0
0078
0000
0000
00e0
00e0
00c0
0000
00e0
0000
0000
0000
0000
0038
0038
0038
0000
0000
00e0
0000
0000
0000
0000
78e0
e038
800f
0000
0078
0000
0000
0078
0000
00e0
0000
0000
0000
0000
00c0
0000
0000
0000
0000
0000
0000
0000
0000
0000
0000
0000
0000
0000
0000
0000
0000
0000
0000
0000
0000
0000
0000
0000
0000
0000
0000
00c0
0000
0000
0000
0000
0000
0000
0000
0000
0000
0000
0000
0080
0000
0000
0000
0000
0000
0000
0000
0000
0000
0000
0000
0000
0000
0000
0000
0000
0000
0000
0000
0000
0000
0000
0000
0000
0000
0000
0000
0000
0000
0000
0000
0000
0000
0000
0000
0000
0000
0000
0000
0000
0000
0000
0000
0000
0000
0000
0000
0000
0000
0000
0000
8087
8003
0000
0000
0000
0000
0000
0000
0000
0000
0000
0000
0000
0000
0000
0080
0000
0000
0000
0000
0000
0000
0000
0000
0000
0000
0000
0000
0000
0000
0000
0000
0000
0000
0000
0000
0000
0000
0000
0000
0000
0000
0000
0000
0000
0000
0000
0000
0038
00e0
0000
0000
0000
0000
0000
0000
0000
0000
0000
0000
0000
0000
0000
0000
0000
0000
0000
0000
0000
0000
0000
0000
0000
0000
0000
0000
0000
0000
0000
0000
0000
0000
0000
0000
0000
0000
0000
0000
0000
0000
0000
0000
3000
0000
0000
0000
0000
3003
3f00
0000
3033
7300
0000
303f
00c0
0000
e61c
0000
0000
0000
0000
0000
0018
0000
0000
0030
6b00
0000
0000
0000
0000
0000
0000
0000
0000
7e00
0000
0000
0000
0000
0018
8000
0000
3060
0000
0000
0003
0000
0060
0070
0000
0060
800f
0000
00c0
0000
3000
0030
0000
6000
00e0
0000
0300
0000
0007
6000
0000
6070
6000
0000
0030
3000
0000
0000
2000
0000
001e
0000
0000
0000
0000
0000
0000
3f00
0000
0000
0e1c
0e83
0000
0c00
0003
0000
3000
0000
1e1e
7000
0000
0330
3000
0000
f83f
0000
00f8
0030
0000
0007
0330
0000
0003
0330
0000
0000
0000
0000
0060
0000
1800
000c
0000
3000
00f8
0030
3160
0000
0336
3000
0000
0160
0f00
0000
f83f
0000
00fc
0160
0000
0006
0630
0000
0000
e007
7f00
0080
0000
3000
0003
0000
1800
00c0
0000
1830
0000
0770
0600
0000
1818
0100
0000
c001
7f00
0000
0030
3000
0000
000c
0000
0000
0018
0000
0060
0000
0000
0000
fcff
0000
0000
0000
3000
0070
0000
3000
0000
0000
6000
0000
300f
3800
0000
6030
0000
0000
0018
0000
0000
3070
0000
00e0
3030
0000
0000
0000
3000
0000
00e0
3000
00e0
0000
3000
0000
0000
30c0
0000
0000
3000
0000
c01f
1f00
0000
3830
3000
0000
3060
0000
0000
0030
0000
00e0
801f
0000
0000
0000
0000
0030
0000
6000
0000
0000
6180
0000
0000
0f00
0000
0000
0700
0000
c000
7f00
0000
0030
1800
0000
0020
0000
0000
0018
0000
0000
0000
0000
0000
0000
0000
0000
0030
0000
0000
0000
0900
0000
803f
1f00
0030
660c
1e00
00e0
0040
0000
0000
00c0
0000
0000
0000
0000
0000
807f
0000
0000
0000
0000
0000
0000
0000
0000
0000
6100
0000
0006
0000
0080
0000
6100
0000
0007
0300
0000
007f
1e00
0080
0000
3000
0000
8061
0000
0080
0000
0000
0000
0000
0000
0000
0000
3f00
0000
0078
0000
0000
0000
3380
00f8
8019
0000
0060
0000
3000
00c0
7060
7f00
00f0
f03f
3f00
0000
e007
3800
0000
3060
0000
0000
0000
c300
0000
8033
0000
0000
0000
6c00
0000
3066
0000
000c
0000
3000
0000
1c70
0000
0030
0000
6000
0080
0006
0600
0030
e03f
c000
0000
c160
0e00
0000
e038
0000
0000
0000
1800
0000
00c0
0000
0000
0000
3000
0000
0063
0000
0000
e0ff
0000
0000
003f
0000
0000
0000
0000
0000
c000
1e00
0000
803f
3c00
0000
0000
3100
0000
8061
0000
0000
0000
6000
0000
007c
0000
0000
0000
6100
0000
8071
0000
0080
0000
7f00
0000
c01e
0000
0000
0000
0000
0000
0030
1c00
0000
807f
0000
0000
0000
1c00
0000
001e
0000
0000
0000
1800
0000
0080
0000
0000
0000
1800
0000
0000
0000
0000
0000
0000
0020
0048
0000
0000
0049
0002
0024
0000
0000
0040
0010
00a8
0000
0000
0000
0000
0000
0000
0000
0022
0004
0022
0000
0000
0004
0022
0021
0000
0000
0041
0041
0000
0000
0040
0018
0000
0000
0000
0000
c84c
0021
0041
0000
0000
4040
807f
0040
0000
0000
4040
0040
0004
0000
0000
0040
5050
4060
0000
0000
0020
1040
8020
0000
0000
0008
4040
4080
0000
0000
0021
000a
0001
0000
0040
0010
0020
0028
0000
0000
0000
0001
0040
0000
0000
0041
0041
0020
0000
0041
0041
0040
0040
0000
0000
0040
0821
0000
0000
0000
0041
0041
0000
0000
0000
0020
0041
0000
0000
0000
0044
0044
0000
0000
0020
0040
0020
0000
0000
0000
0000
0020
0000
00fc
0014
0004
0018
0000
0020
0020
0010
0000
0000
0000
0000
0000
0000
003c
0008
0040
0002
0042
0002
005c
0004
0042
0042
0000
0000
0000
0000
0000
0000
0000
4030
8080
0041
0040
8040
007e
0040
0040
8040
0020
0004
0000
0000
0000
0000
0000
0000
0040
8031
8040
0001
0008
8040
0063
1045
0022
80c1
007f
0000
0000
0000
00e0
0000
0000
0000
0066
0042
0040
0042
0042
0040
003a
0040
0040
0040
0000
0000
0000
0000
0000
0000
005c
0066
0040
000c
0040
0042
0082
8088
0000
0000
0000
0000
0000
0000
00c0
0000
0000
0000
0050
007c
00a8
0000
0000
0040
0010
0000
0000
0000
0000
0080
0000
0070
0030
0010
0000
0000
0088
0008
0000
0000
0000
0010
0020
0000
0078
0040
0044
0000
0000
0042
0040
0000
0000
0063
004a
003c
0000
0078
0038
0020
0000
0000
0028
0010
0000
0000
0040
0088
0000
0000
0080
0090
0098
0000
0000
00b0
0080
0080
0000
0000
0088
0070
0000
0000
0090
0040
0000
0000
0088
00a0
0000
0000
0040
0098
0000
7e81
1038
3c18
0000
003c
78cc
e0f0
1818
0206
6666
c60c
7e18
183c
0000
0000
0010
1818
6c6c
86c6
0000
3018
0000
0000
80c0
7e18
7cc6
7cc6
3030
780c
3018
0000
1818
c6c6
3c66
fe66
3a66
3c18
e666
c6c6
7cc6
7cde
7cc6
7cc6
6cee
3c18
3c30
3c0c
0000
76cc
7cc6
7cc6
7ccc
3c18
e666
c6d6
7cc6
7ccc
7cc6
76cc
6cfe
7ec6
0e18
7018
00fe
76cc
76cc
76cc
060c
7cc6
3c18
3c18
c6c6
6ed8
7cc6
7cc6
76cc
7cc6
1818
1818
1818
3c18
76cc
c6c6
0000
00c0
0c86
183c
0000
aa55
1818
1818
3636
3636
3636
0000
1818
0000
1818
1818
3636
3636
3636
0000
0000
1818
0000
1818
3636
0000
ffff
f0f0
0000
ccc6
6c6c
70d8
1818
386c
3c66
c060
c6c6
ff00
7e00
70d8
0000
0000
1c3c
0000
0000
fefe
3c18
7d0f
e73c
6666
187e
fe60
7eff
6cfe
00c0
fc30
3018
380c
180c
0030
180c
c0c0
c0c0
786c
c6c6
70e0
d6c6
6060
0000
cc78
cc76
6c66
cc78
c07c
d6c6
e030
6c38
063c
c078
3070
7800
7800
cc00
c07e
3c18
cc00
386c
decc
3366
1818
0000
06fe
0000
1818
3636
00ff
00ff
3636
3636
ffff
ffff
6c6c
18dc
7c18
cccc
3060
00dc
0c0c
0000