4220
0000
1416
0000
0000
0000
0000
1615
3635
5655
7675
9695
b6b5
d6d5
f6f5
ffff
ffff
ffff
ffff
0609
0000
0302
0511
0a09
5857
9796
d3d2
0201
8132
2a29
7473
a9a8
e5e4
0600
000d
001a
0000
00d4
001b
0808
0808
0808
0808
0808
0808
0808
0808
0000
0808
0808
0808
0808
002f
0808
0808
0808
0808
0000
0604
0705
0502
0000
0000
0808
0d09
0a07
0000
0906
0c0b
0809
0000
0000
0505
0f0e
0b0a
0000
0000
0606
070f
080c
0000
0616
1914
1209
0000
0000
0808
0909
0705
002f
0000
0909
0a07
040b
0000
0c0a
0e0c
0b06
0000
0000
0e0e
150f
120c
0000
130c
1413
1011
0000
0000
110b
1c1d
1818
0000
0000
0000
0000
0000
0000
0000
0000
0000
0000
0000
0000
0000
0000
0000
0000
0000
0202
0304
0508
0608
0609
070a
070b
080c
080c
080c
080c
090d
090d
090d
090d
090e
090e
090e
090e
090e
0a0e
0a0e
0a0e
0a0f
0a0f
0a0f
0a0f
0a0f
0a0f
0a0f
0a0f
0a0f
0a0f
0a0f
0a0f
0a0f
0a0f
0b10
0b10
0b10
0a0f
0b10
0b10
0b10
0b10
0b10
0b10
0b10
0b10
0b10
0b10
0b10
0b10
0b10
0b10
0b10
0b10
0b10
0b10
0b10
0b10
0b10
0b10
0000
0000
0000
0000
0000
0000
0000
0000
0000
0000
0000
0000
0000
0000
0000
0000
0000
0000
0000
0000
0000
0000
0000
0000
0000
0000
0000
0000
0000
0000
0000
0000
0000
0000
0000
0000
0000
0000
0000
0000
0000
0000
0000
0000
0000
0000
0000
0000
0000
0000
0000
0000
0000
0000
f1ff
0000
0000
0000
0000
0f00
0000
0000
0000
0000
0000
0000
0000
0000
0f00
0000
0000
0000
0000
0000
0000
0000
0000
0000
0000
0000
00f1
f1ff
0000
0000
0000
f30f
0000
0000
0000
0000
0000
0000
0000
0000
0000
0000
0000
0000
0000
0000
0000
0000
0000
0000
0000
0000
0000
00f1
0000
0000
0000
fa5f
ffff
0000
0000
0000
1f00
ffff
0000
0000
00b0
0050
0000
0000
0000
0000
0000
0000
0000
0000
0000
0000
0000
0000
ffff
df02
0000
0000
ff03
0040
0000
0000
0000
ffff
0000
0000
0000
ff01
0000
0000
0000
0000
00ff
0000
0000
0000
0000
0000
0000
0000
0000
0000
ce18
0000
0000
0100
1f00
8f00
0000
0000
cf00
0000
0000
ff7f
f2ef
f5af
0000
0060
ffff
0000
0000
0000
0000
0000
0000
0000
0000
0000
0000
0000
0000
0000
b0ff
0010
0000
0000
0000
00d3
ff8f
0000
0000
06fb
0000
ff07
0000
a0ff
84ec
0000
0000
0000
0000
0000
0000
0000
0000
0000
0000
0000
0000
0000
0000
0f00
0000
0000
0000
0000
0000
0000
0000
0000
0000
0000
0000
0000
0000
0000
0000
0000
0000
0000
0000
0000
0000
0000
0000
0000
0000
00fb
0000
0000
0000
0000
f4ff
0000
0000
0000
0000
0b00
0000
0000
0000
ff1e
0000
0000
0000
ff0c
0000
0000
0000
0000
0000
0000
0000
0000
0000
0000
0000
0000
0000
6f00
0000
0000
0000
f0ff
0000
0000
0000
0000
ff06
0000
0000
0000
0000
fdaf
0000
0000
0000
0000
0000
0000
0000
0000
0000
0000
0000
0000
40fa
0000
0000
0000
af40
0000
0000
0000
0000
0000
0000
0000
0000
0000
0000
0000
0000
0000
0000
0000
0000
0000
0000
0000
0000
0000
10ff
0000
0000
0000
ffff
ff33
0000
0000
0000
10ff
0000
0000
0000
0000
0000
0000
0000
0000
0000
0000
0000
0000
0000
0000
0000
0000
0000
0000
0000
0000
0000
0000
0000
0000
0000
0000
0000
10ff
0000
0000
0000
0000
ff00
0000
0000
0000
0000
0000
0000
0000
0000
0000
0000
0000
0000
0000
0000
0000
0000
3333
0f00
0000
0000
0000
0000
0000
0000
0000
0000
0000
0000
0000
0000
0000
0000
0000
0000
0000
0000
0000
0000
0000
0000
0000
0000
0000
0000
0000
0000
0000
0000
0000
0000
0000
0000
0000
0000
0000
0000
0000
0000
0000
0000
0000
0000
0000
0000
0000
80ff
0000
0000
0000
0000
f2ff
0000
0000
0000
0000
fbbf
0000
0000
0000
0000
ff2f
0000
0000
0000
0000
0000
0000
0000
0000
0000
0000
0000
ff59
f3ff
0000
0000
ff1f
0000
ff00
0000
00f0
0000
20ff
0000
0000
c0ff
ffff
0000
0000
0000
0000
0000
0000
0000
0000
0000
0000
0000
0000
10ff
0000
0000
0000
0000
ff00
0000
0000
0000
10ff
0000
0000
0000
0000
ff00
0000
0000
0000
0000
0000
0000
0000
0000
0000
0000
0000
0000
ffff
ff4f
0000
0000
ff2f
0000
0000
0000
0000
feff
0000
0000
0000
0000
3393
0f00
0000
0000
0000
0000
0000
0000
0000
0000
0000
0000
0000
c9fe
ff0a
0000
0000
ff0f
0000
0000
0000
0000
0000
0000
0000
0000
ff07
00c2
0000
0000
0000
0000
0000
0000
0000
0000
0000
0000
0000
0000
0000
0000
0000
0000
00ff
ff8f
0000
0000
0000
ff01
c0ff
0000
0000
ffff
0000
0000
0000
0000
0000
0000
0000
0000
0000
0000
0000
0000
0000
0000
ff0b
0000
0000
0000
0040
0000
0000
0000
1c00
3001
0000
0000
ff2f
0000
0300
0000
0000
0000
0000
0000
0000
0000
0000
0000
0000
0000
0000
0000
0000
0000
1000
0020
0900
0000
0000
9f45
f9ff
0000
0000
ff01
0000
0000
0000
0000
d9fe
0000
0000
0000
0000
0000
0000
0000
0000
0000
0000
0000
0000
ff38
0000
0000
0000
0000
f5ff
0000
0000
0000
0000
ff8f
0000
0000
0000
0010
0000
0000
0000
0000
0000
0000
0000
0000
0000
0000
0000
0000
e3ff
0060
0e00
0000
0090
8f02
0900
0000
0000
ff8f
0000
df00
0000
0010
ffff
0400
0000
0000
0000
0000
0000
0000
0000
0000
0000
0000
0000
0091
44e8
3f00
0000
00d0
0000
70ff
0000
0000
ff1f
2301
0000
0000
0000
ff8e
ffcf
0000
0000
0000
0000
0000
0000
0000
0000
0000
0000
0000
0000
0000
0000
0000
0000
0000
0000
0000
0000
0000
0000
0000
0000
0000
0000
f1ff
0000
0000
0000
0000
0000
0000
0000
0000
0000
0000
0000
0000
0000
0000
0000
0000
0000
f1ff
0000
0000
0000
0000
0000
0000
0000
0000
f1ff
0000
0000
0000
0000
0000
0000
0000
0000
0000
0000
0000
0000
0000
0000
0000
0000
0000
0000
0000
0000
0000
10d7
ff0f
0000
0000
ffff
0000
0000
0000
0000
0000
0000
0000
0000
0000
0000
0000
0000
0000
0000
0000
0000
0000
0000
0000
0000
0000
0000
0000
0300
0000
0000
0000
0000
0000
0000
0000
0000
0000
0000
0000
0000
0000
0000
0000
0000
0000
0000
0000
0000
0000
0000
0000
0000
0000
ffff
0000
0000
0080
ffff
ff8e
0000
0000
0000
0000
0000
0000
0000
0000
0000
0000
0000
0000
0000
0000
0000
0000
ff3e
00f2
0000
0000
00f2
1d00
0000
0000
0000
0000
0000
0000
0000
0000
f1ff
0000
0000
0000
0000
0000
0000
0000
0000
0000
0000
0000
ffff
0092
cf01
0030
0000
ffff
0000
9f00
0000
ff04
50ff
00f2
80ff
0050
7d44
0000
0000
0000
0000
0040
0000
0000
0000
0000
0000
0000
0000
0000
feff
0000
0000
0000
70ff
f6ff
0000
0000
00e0
3333
ffbf
0000
0000
0000
0000
ff0e
0000
0000
0000
0000
0000
0000
0000
0000
0000
0000
0000
ffff
f4ff
0000
0000
1f00
0000
0f00
0000
40fe
0000
f1ff
0000
00e0
0000
3333
0f00
0000
0000
0000
0000
0000
0000
0000
0000
0000
0000
0000
ecef
bf01
0000
0000
0600
0000
ef00
0000
0000
0000
20ff
0000
0000
0c00
00f6
0000
0000
0000
0000
0000
0000
0000
0000
0000
0000
0000
0000
0000
ffff
0000
0000
1d00
0000
0f00
0000
ff0f
0000
f1ff
0000
00a0
0400
0000
0f00
0000
0000
0000
0000
0000
0000
0000
0000
0000
0000
0000
0000
ffff
0000
0000
0000
0000
0f00
0000
0000
ffff
f1ff
0000
0000
0000
0000
0f00
0000
00f8
0000
0000
0000
0000
0000
0000
0000
0000
0000
0000
0000
0000
0000
0000
0000
0f00
0000
0000
ffff
ffff
0000
0000
0000
0000
0f00
0000
0000
0000
0000
0000
0000
0000
0000
0000
0000
0000
0000
0000
0000
0000
ffbf
0040
4f00
0000
0000
0000
10ff
0000
0010
0000
0000
0c00
0000
e3ff
ffff
0000
0000
0000
0000
0000
0000
0000
0000
0000
0000
0000
00ff
0000
0000
0f00
0000
ff01
0000
ffff
0000
00ff
0000
0000
0f00
0000
ff01
0000
f1ff
0000
0000
0000
0000
0000
0000
0000
0000
0000
0000
0000
0000
0010
0000
0000
0000
0000
ffff
0000
0000
0000
0010
0000
0000
0000
0000
ffff
0000
0000
0000
0000
0000
0000
0000
0000
0000
0000
0000
ffff
0000
0000
0000
0010
0000
0000
0000
0000
ffff
0000
0000
0000
0000
bf01
ffcf
0000
0000
0000
0000
0000
0000
0000
0000
0000
0000
0000
0000
0000
0f00
0000
0000
ff0a
f1ff
0000
0000
0000
1d00
0f00
0000
0010
0000
f1ff
0000
00f7
0000
0000
0000
0000
0000
0000
0000
0000
0000
0000
0000
0f00
0000
0000
0000
f1ff
0000
0000
0000
0000
0f00
0000
0000
0000
f1ff
0000
0000
0000
0000
0000
0000
0000
0000
0000
0000
0000
0000
0000
0f00
ffff
0000
0000
f3ff
0010
50ff
0000
6f00
0f00
ffff
b0ff
ff0a
f1ff
0010
0000
f3ef
0000
0000
0000
0000
0000
0000
0000
0000
0000
0000
0f00
0000
ff01
0000
f9ff
0000
00ff
0000
0200
0f00
0000
ff01
0000
f1ff
0000
00ff
0000
0000
0000
0000
0000
0000
0000
0000
0000
0000
0000
0000
0000
00f6
0000
faff
0000
00fa
0000
0000
ff00
0000
ff02
0000
f1ff
0000
0000
ffff
8c04
0000
0000
0000
0000
0000
0000
0000
0000
0000
0000
0000
0040
4533
f1ff
0000
0000
0200
0000
0f00
0000
0000
0000
f1ff
0000
0000
0000
0000
0000
0000
0000
0000
0000
0000
0000
0000
0000
0000
0000
0000
ffff
ff7f
0000
00f2
0000
0000
ff00
0000
ff01
0000
60ff
0000
00a0
af02
ffff
0000
0000
0000
0000
0000
0000
0000
0000
0000
0000
0000
0000
ffff
f4ff
0000
0000
0100
0000
0f00
0000
0040
0100
f1ff
0000
0000
0100
0000
0f00
0000
0000
0000
0000
0000
0000
0000
0000
0000
0000
0000
edef
9f00
0000
0000
0400
0040
0000
0000
0000
df59
0000
0000
0000
0500
00f7
0000
0000
0000
0000
0000
0000
0000
0000
0000
0000
0000
0000
0000
ffff
0000
0000
0000
1f00
0000
0000
0000
f0ff
0000
0000
0000
0000
1f00
0000
0000
0000
0000
0000
0000
0000
0000
0000
0000
0000
0000
0000
f1ff
0000
00f1
0000
0000
0f00
0000
ff0f
0000
f1ff
0000
00f1
0000
0010
0000
0000
0040
0000
0000
0000
0000
0000
0000
0000
0000
0000
0000
0000
0000
00f3
0000
0000
0600
0000
00fd
0000
cf00
0000
0000
80ff
ff3f
0000
0000
0000
f3ff
0000
0000
0000
0000
0000
0000
0000
0000
0000
0000
0000
0000
ffff
0000
7f00
ff0c
e0ff
ff4f
ffbf
0000
0cc0
0000
7ffa
0000
00f8
0600
0000
0000
0000
0000
0000
0000
0000
0000
0000
0000
0000
0000
00d0
3f00
00e2
0000
0000
0000
fffb
0000
0000
0000
10fe
feff
0000
0000
80ff
0000
80ff
0000
0000
0000
0000
0000
0000
0000
0000
0000
0000
0000
0000
0000
0500
0000
00e1
0700
0900
0000
0000
0020
0f00
0000
0000
0000
f1ff
0000
0000
0000
0000
0000
0000
0000
0000
0000
0000
0000
0000
ffff
ffff
0000
0000
0000
ef01
0000
0000
0000
0000
ffff
0000
0000
0000
0000
ffff
0000
0000
0000
0000
0000
0000
0000
0000
0000
0000
0000
0000
0000
0f00
0000
0000
0000
f1ff
0000
0000
0000
0000
0f00
0000
0000
0000
f1ff
0000
0000
0000
3033
0f00
0000
0000
0000
0000
0000
0000
0000
0000
ff04
0000
0000
0000
ff9f
0000
0000
0000
d0ff
0000
0000
0000
00f7
0000
0000
0000
0020
0000
0000
0000
0000
0000
0000
0000
0000
0000
00f1
0000
0000
0000
0000
ff0f
0000
0000
0000
00f1
0000
0000
0000
0000
ff0f
0000
0000
0000
00f1
3303
0000
0000
0000
0000
0000
0000
0000
0000
0000
0000
0000
0060
fdaf
0000
0000
0000
0000
0000
0000
0000
0000
0000
0000
0000
0000
0000
0000
0000
0000
0000
0000
0000
0000
0000
0000
0000
0000
0000
0000
0000
0000
0000
0000
0000
0000
0000
0000
0000
0000
0000
0000
0000
3333
ff0f
0000
0000
0000
0000
0000
0000
0000
0000
7801
0000
0000
0000
0000
0000
0000
0000
0000
0000
0000
0000
0000
0000
0000
0000
0000
0000
0000
0000
0000
0000
0000
0000
0000
0000
0000
0000
0000
0000
0000
0000
0000
0000
40ff
0010
0400
0000
0000
ffff
f8ff
0000
0000
ffff
ffff
0000
0000
0000
0000
0000
0000
0000
0000
0000
0000
0000
0000
0000
f1ff
0000
0000
20fc
85fe
0f00
0000
00fa
0000
f1ff
0000
0000
ff5f
85fe
0f00
0000
0000
0000
0000
0000
0000
0000
0000
0000
0000
0000
0000
0000
0000
0000
0000
ffff
0500
0000
0000
0000
10ff
0000
0000
feff
0030
0000
0000
0000
0000
0000
0000
0000
0000
0000
0000
0000
00f0
0000
0000
0000
0000
ff1f
ffff
0000
0000
00f0
0000
20ff
0000
0000
ff1f
0000
0100
0000
00f0
0000
0000
0000
0000
0000
0000
0000
0000
0000
0000
0000
0000
0000
0000
ef7c
0000
0000
0000
0100
ffff
0000
0000
0000
0000
0400
0000
0000
0000
0000
0000
0000
0000
0000
0000
0000
0000
90ed
af00
0000
0000
0000
00f0
ff0f
0000
0000
0000
ff1f
0000
0000
0000
00f0
0000
0000
0000
0000
0000
0000
0000
0000
0000
0000
0000
0000
0000
0000
0000
0000
0000
0000
0000
0000
00f0
0000
a0ff
0000
0000
ff1f
0000
7f00
0000
00f0
f8ff
0000
0000
0000
f7ff
ffff
0000
0000
0000
0000
f1ff
0000
0000
0000
0000
0f00
0000
0000
0400
f1ff
0000
0000
ff0f
0000
0f00
0000
00f1
0000
f1ff
0000
0000
0000
0000
0000
0000
0000
0000
0000
0000
0000
0000
0000
0000
0000
0000
0000
f1ff
0000
0000
0000
0000
0f00
0000
0000
0000
f1ff
0000
0000
0000
0000
0000
0000
0000
0000
0000
0000
0000
0000
0000
0000
0000
0000
0000
ff0f
0000
0000
0000
00f1
0000
0000
0000
0000
ff0f
0000
0000
0000
00a0
ffbf
0000
0000
0000
0000
0000
0000
0000
0000
0f00
0000
0000
5f00
f1ff
0000
0000
0000
ffff
0f00
0000
0000
ff2e
f1ff
0000
0000
0000
0000
0000
0000
0000
0000
0000
0000
0000
0000
0000
0f00
0000
0000
0000
f1ff
0000
0000
0000
0000
0f00
0000
0000
0000
f1ff
0000
0000
0000
0000
0000
0000
0000
0000
0000
0000
0000
0000
0000
0000
0000
0000
0000
b0ff
0000
0400
ffff
0000
0f00
ff0f
0010
0000
f1ff
00f1
0000
ffff
0000
0000
0000
0000
0000
0000
0000
0000
0000
0000
0000
0000
0000
0000
a0ff
0000
0000
ff9f
0000
0f00
0000
00f0
0000
f1ff
0000
0000
ff1f
0000
0000
0000
0000
0000
0000
0000
0000
0000
0000
0000
0000
0000
0000
0000
0000
0000
ffff
0000
bf00
0000
00ff
0000
90ff
0000
0000
90ff
de6b
0000
0000
0000
0000
0000
0000
0000
0000
0000
0000
0000
0000
0000
0000
0000
0000
fcff
0000
0f00
0000
00fe
0000
f1ff
0000
0000
feff
ff9f
0f00
0000
0000
0000
f1ff
0000
0000
0000
0000
0000
0000
0000
0000
0000
0000
0000
ffca
0070
3f00
0000
00f0
0000
20ff
0000
0000
ffff
ffff
0000
0000
00f0
0000
0000
0000
0000
0000
0000
0000
0000
0000
0000
0000
0000
0000
0000
ffff
0f00
0000
0000
0000
f1ff
0000
0000
0000
0000
0f00
0000
0000
0000
0000
0000
0000
0000
0000
0000
0000
0000
0000
0000
0000
0000
0000
ffff
0a00
0000
0000
0000
6d00
0000
0000
ffff
0000
0100
0000
0000
0000
0000
0000
0000
0000
0000
0000
0000
0000
0000
8808
0000
0000
0000
ffff
3303
0000
0000
0000
ff1f
0000
0000
0000
00f1
0000
0000
0000
0000
0000
0000
0000
0000
0000
0000
0000
0000
0000
0000
0000
0000
0000
0000
0f00
0000
00f1
0000
f1ff
0000
0000
ff0f
0000
0300
0000
00f1
0000
0000
0000
0000
0000
0000
0000
0000
0000
0000
0000
0000
0000
0000
0000
ff08
0000
0000
bf00
fdef
0000
0000
0000
29ff
0000
0000
0000
0070
0000
0000
0000
0000
0000
0000
0000
0000
0000
0000
0000
0000
0000
0000
ff0e
50ff
0000
fc7f
e0ff
0000
fccf
ff03
ff93
0000
0000
ffff
0000
0000
0000
0000
0000
0000
0000
0000
0000
0000
0000
0000
0000
0000
0000
0000
0000
0000
ff5f
ff0b
0000
0000
0000
ffff
0000
0000
0000
ef01
00fd
0000
0000
0000
0000
0000
0000
0000
0000
0000
0000
0000
0000
0000
0000
0000
0010
1f00
c0ff
0000
0000
00c0
00f1
0000
0000
0000
00f9
0000
0000
0000
0000
20fe
bf00
0000
0000
0000
0000
0000
0000
0000
0000
0000
0000
0000
ffff
0000
0000
0000
0000
ffcf
0000
0000
0000
0000
ffff
0000
0000
0000
0000
0000
0000
0000
0000
0000
0000
0000
0000
f4ff
0000
0000
0000
0000
ff00
0000
0000
0000
0000
1500
0000
0000
0000
ff00
0000
0000
0000
f6ff
0000
0000
0000
0000
0000
0000
0000
0000
0000
0f00
0000
0000
0000
f1ff
0000
0000
0000
0000
0f00
0000
0000
0000
f1ff
0000
0000
0000
0000
0f00
0000
0000
0000
0000
0000
0000
0000
0000
0400
0000
0000
0000
ff0f
0000
0000
0000
e9ff
0000
0000
0000
0000
ff0f
0000
0000
0000
0090
0600
0000
0000
0000
0000
0000
0000
0000
0000
0000
0000
0000
0000
0000
0000
0000
0000
fcff
0000
0000
ffff
0000
0000
0000
0000
0000
0000
0000
0000
0000
0000
0000
0000
0000
0000
0000
0000
0000
0000
0000
0000
0000
0000
0000
0000
0000
0000
0000
0000
0000
0000
0000
0000
0000
0000
0000
0000
0000
0000
0000
0000
0000
0000
0000
0000
0000
0000
0000
0000
0000
0000
0000
0000
0000
0000
0000
0000
0000
0000
0000
0000
00ff
0000
0000
0f00
0000
0000
0000
0000
0000
0000
0000
0000
0000
0000
0ff0
0000
0000
0000
0000
0000
0000
0000
0000
0000
0000
0000
0000
0000
0000
ff05
0000
ff00
3363
0000
0000
ffff
00d0
0000
0000
0000
0000
0000
0000
0000
0000
0500
0000
0000
0000
3b00
f6ff
0000
8f00
ffff
0000
0000
0000
0000
0000
0000
0091
0010
0000
ffff
30ef
0030
0000
00f5
0900
0000
0000
0000
0000
0000
0000
0000
0000
70ff
00fd
0000
0000
b0ff
00f9
0000
96fe
6f10
0000
0000
0000
0000
0000
0000
0000
0000
fe00
0000
0000
0000
0000
0000
0000
0000
0000
0000
0000
0000
0000
0000
0000
0000
0000
0000
00f0
0000
0000
6f00
0000
0000
0000
0700
0000
0000
fd0c
0000
0000
0000
ff07
0000
0000
0000
00b0
0000
0000
60ff
0000
0000
0000
0000
0000
0000
0000
0000
0000
2600
00fb
0000
0000
0000
0000
0000
0000
0000
0000
0000
0000
0000
0000
0000
00ff
0000
0000
0f00
0000
0000
0000
0000
0000
0000
0000
0000
0000
0000
0000
0000
0000
0000
0000
0000
0000
0000
0000
0000
0000
0000
0000
0000
0000
0000
0000
0000
0000
0000
0000
0000
0000
0000
0000
0000
0000
0000
0000
0000
0000
0000
0000
0000
0000
0000
0000
0000
00f0
0000
0000
0000
0000
0000
0000
0000
0000
0000
0000
00c0
0000
0000
20ff
0000
0000
f81e
0000
0000
0000
0000
0000
0000
0500
0000
0000
0000
00f0
ff0f
0000
1e00
ffff
0000
0000
0000
0000
0000
0000
f0ff
0000
0000
0000
0000
0000
0000
f0ff
0000
0000
0000
0000
0000
0000
0000
0000
0000
20fe
f0ff
0000
0000
fbaf
0000
0000
66ff
ffff
0000
0000
0000
0000
0000
0000
00e5
0000
0000
5e01
0000
0000
0030
fb6f
0000
0000
0000
0000
0000
0000
0000
0000
0000
fffd
0000
0000
00fd
00f0
0000
0000
ff00
0000
0000
0000
0000
0000
0000
ffff
0000
0000
6cf9
00fa
0000
0000
0300
0000
0000
0000
0000
0000
0000
0000
0000
0000
b1ff
0000
0000
ff00
0000
0000
0000
fcef
0030
0000
0000
0000
0000
0000
0000
ffff
0000
0000
fa2f
0000
0000
af00
0000
0000
0000
0000
0000
0000
0000
0000
0000
0200
0000
0000
0000
fabf
f97f
0000
6f00
ffff
0000
0000
0000
0000
0000
0000
82ec
0000
0000
0010
f0ff
0000
0000
0700
0000
0000
0000
0000
0000
0000
0000
0000
0000
0000
0000
0000
0000
0000
0000
0000
00f0
0000
0000
0000
0000
0000
0000
0000
0000
0000
ff00
0000
0000
0000
0000
0000
0000
ff00
0000
0000
0000
0000
0000
0000
0000
0000
0000
0000
feff
0000
0000
0000
0000
0000
0000
0000
0000
0000
0000
0000
0000
0000
ffff
6066
0000
ff00
0000
0000
0000
0000
0000
0000
0000
0000
0000
0000
0000
0000
0000
0400
ff4a
0000
0000
0082
0000
0000
0000
0000
0000
0000
0000
0040
0000
0000
ff03
0000
0000
ee0e
0000
0000
0000
0000
0000
0000
0000
0000
0000
0000
0060
60fe
40df
0060
0000
0000
8f00
ff03
0000
0000
0000
0000
0000
0000
f59f
0000
0000
ff02
80ff
0000
0a00
0000
00fa
0000
0000
0000
0000
0000
0000
0000
0000
00f0
ff00
0000
ff00
0000
00fe
0000
66f6
40d9
0000
0000
0000
0000
0000
0000
fdff
0000
af00
0000
0000
0000
00f6
0b00
0000
0000
0000
0000
0000
0000
0000
0000
0f00
0000
f88f
0000
00ff
0000
0000
0f00
ffff
0000
0000
0000
0000
0000
0000
ffff
0000
0000
00f0
00ff
0000
ff00
0000
0000
0000
0000
0000
0000
0000
0000
0000
0000
00f0
0000
0000
ff00
0000
0000
0000
00f0
0000
0000
0000
0000
0000
0000
0000
feff
0000
bf00
0000
6066
0000
00f5
0000
0000
0000
0000
0000
0000
0000
0000
0000
0f00
0000
ff0f
0000
ffff
0000
0000
0f00
0000
0000
0000
0000
0000
0000
0000
0000
0000
0000
00ff
0000
0000
0f00
0000
0000
0000
0000
0000
0000
0000
0000
0000
0000
0000
00ff
0000
0000
0f00
0000
0000
86fd
0000
0000
0000
0000
0000
0000
0000
ff06
0000
ff00
e2ef
0000
0000
00f0
f4ff
0000
0000
0000
0000
0000
0000
0000
0000
0f00
0000
0000
0000
00ff
0000
0000
0f00
ffff
0000
0000
0000
0000
0000
0000
0000
0b00
0000
dff0
0000
ff0f
ff00
ff03
0000
0000
0000
0000
0000
0000
0000
0000
0000
ffff
0000
0000
0f00
3f00
ff0f
0000
00ff
0000
0000
0000
0000
0000
0000
0000
fcff
0000
af00
0000
ff0f
0000
00f6
0800
0000
0000
0000
0000
0000
0000
0000
0000
ff00
0000
00fe
0000
ffff
0000
0000
ff00
0000
0000
0000
0000
0000
0000
0000
fead
00f5
0000
00f2
0000
0000
df00
0000
40ff
0000
0000
0000
0000
0000
0000
0000
0000
00f0
ff01
0000
ff00
6966
00b0
0000
00f0
6f00
0000
0000
0000
0000
0000
0000
e5ff
0000
0e00
0010
0000
0000
0080
6f00
0000
0000
0000
0000
0000
0000
0000
0000
6606
f0ff
0000
0000
0000
0000
0000
0000
f0ff
0000
0000
0000
0000
0000
0000
0000
f0ff
0000
00f0
0000
0000
ff00
0000
00fc
0000
0000
0000
0000
0000
0000
0000
0000
00c0
df00
0000
0000
0500
0000
0000
0600
0000
0000
0000
0000
0000
0000
0000
f3ff
df00
df00
ff06
00fa
0000
f4af
0000
00f6
0000
0000
0000
0000
0000
0000
0000
4f00
0000
0000
0000
0400
00f4
0000
0b00
0000
0000
0000
0000
0000
0000
0000
0000
00f5
0000
fa8f
00f9
0000
0000
f0ff
0000
0000
0000
0000
0000
0000
0000
0000
0000
0000
00fb
0000
0000
00e2
0000
0000
66b6
ffff
0000
0000
0000
0000
0000
00f0
0000
0000
ff00
0000
0000
0000
00f0
0000
0000
ff00
0000
0000
0000
0000
0000
0000
ff07
0000
0000
0000
fb2f
0000
0000
0000
f2bf
0000
0000
0000
0000
0000
ff0f
0000
0000
0000
f0ff
0000
0000
0000
0000
0000
0000
f0ff
0000
0000
0000
0000
0000
0000
efef
0000
0000
fd0d
0000
0000
0000
0000
0000
0000
0000
0000
0000
0000
0000
0000
0000
0000
0000
0000
0000
0000
0000
0000
ff0f
0000
0000
0000
0000
0000
0000
0000
0000
0000
0000
0000
0000
0000
0000
0000
0000
0000
0000
0000
0000
0000
0000
0000
0000
faff
e0ff
0000
6f00
0000
0000
0000
0000
0000
0000
0000
0000
0000
0000
00f0
0030
0000
ff00
0000
0000
0000
e9df
0040
0000
0000
0000
0000
0000
0000
0000
0000
0300
2d00
0000
0000
0020
d0ff
0000
0000
0000
0000
0000
0000
0000
0000
0000
0000
0000
0000
0030
f0ff
0000
ff02
f7ff
0000
0000
0000
0000
0000
0000
0000
0000
0000
c7ff
90ff
0000
ff0e
0000
0000
0000
0000
0000
0000
0000
0000
0000
0000
f0ff
0000
0000
0000
0000
0000
0000
f0ff
0000
0000
0000
0000
0000
0000
0000
0000
0000
0000
0200
0000
0000
00f1
ff3f
0000
0000
0100
0000
0000
0000
0000
0000
ff00
0000
0000
0000
00f0
f0ff
0000
ff00
0000
0000
0000
0000
0000
0000
ff00
0000
0000
0000
00f0
0000
0000
ff00
0000
0000
0000
0000
0000
0000
0000
0000
0000
0000
0000
0000
0000
0000
0000
0000
0000
f0ff
0000
0000
ff8f
0000
0000
0000
00f0
0000
0000
ff00
ff1d
0000
0000
06f0
0050
0000
0000
0000
0000
0000
0000
0000
0000
ff00
0000
0000
0000
00f0
0000
0000
ff00
0000
0000
0000
0000
0000
0000
0000
0000
0000
0000
d8ef
f7ff
ff00
ff00
0000
0000
00f0
0000
0000
0000
0000
0000
0000
0000
0000
0040
0000
ff00
0000
0000
0000
00f0
f0ff
0000
0000
0000
0000
0000
0000
0000
0000
0300
0a00
0000
0000
0020
f4df
0000
0000
0000
0000
0000
0000
0000
0000
0000
0000
0000
0000
00f0
ff0f
0000
ff00
ffff
0000
0000
00f0
0000
0000
0000
0000
0000
0000
c7ff
f0ff
0000
ff0f
0000
0000
0000
0000
f0ff
0000
0000
0000
0000
0000
0000
0000
0000
ff00
0000
0000
0000
00f0
0000
0000
0000
0000
0000
0000
0000
0000
0000
0500
1b00
0000
0000
0000
e0ff
0000
0000
0000
0000
0000
0000
0000
0000
0000
0000
0000
0000
f0ff
0000
0000
0000
00ff
0000
0000
0000
0000
0000
0000
0000
0000
0000
00f0
f0ff
0000
ff00
0000
0000
0000
0000
0000
0000
0000
0000
0000
0000
0000
d0ff
0000
5f00
ff05
0000
0000
ff02
0000
0000
0000
0000
0000
0000
0000
0000
0000
ff0d
ff09
af00
0000
4aff
df00
0000
0000
0000
0000
0000
0000
0000
0000
0000
0000
0000
0000
fe2e
0000
0000
2e00
7f00
0000
0000
0000
0000
0000
0000
0000
0000
0000
0080
00f7
0000
0100
e0ef
0000
0000
ff0a
0000
0000
0000
0000
0000
0000
0000
00ff
0000
0000
10fd
0000
0000
66e6
00ff
0000
0000
0000
0000
0000
df02
0000
0000
0000
0000
0000
0000
90ff
0000
0000
0000
0010
0000
0000
0000
0000
0000
ff00
0000
0000
0000
00f0
0000
0000
ff00
0000
0000
0000
0000
0000
0000
e80b
0000
0000
0000
f0ff
0000
0000
0000
0000
0000
0000
90ff
0000
0000
0000
0000
0000
0000
0000
0000
0000
0000
fcef
00fb
0000
0000
0000
0000
0000
0000
0000
0000
0000
0000
0000
0000
0000
0000
0000
0000
0000
0000
0000
0000
0000
0000
0000
0000
0000
0000
0000
0000
0000
0000
0000
0000
0000
0000
0000
0000
0000
0000
0000
0000
0000
0000
0000
0000
0000
0000
0000
0000
0000
0000
0000
0000
0000
0000
0000
0000
0000
0000
0000
0000
0000
0f00
fd0d
4f00
0000
0000
0000
0000
0000
0000
0000
0000
ff05
16fb
0000
0000
0000
0000
0000
0000
0000
00b4
5f00
affe
d5cf
f60f
0000
0000
0000
0000
0000
0000
0000
0000
0000
0000
0000
0000
0000
0000
0000
0000
0000
0000
0000
00d0
fd03
0000
0000
0000
0000
0000
0000
0000
0000
0000
0010
0000
0000
0000
0000
0000
0000
0000
0000
0000
0000
0000
0000
0000
0000
0000
0000
0000
0000
0000
0000
0000
0000
0000
0000
0000
0000
0000
0000
0000
0000
0000
0000
0000
0000
0000
0000
0000
0000
0000
0000
0000
0000
0000
0000
0000
0000
0000
0000
0000
0000
0000
0000
0000
0060
00f3
10df
e01f
0000
0000
0000
0000
0000
00fe
ff05
0500
0080
0000
0000
0000
0000
0000
0000
0000
0000
0050
50ff
0000
0000
0000
0000
0000
0000
0000
0000
0000
ffff
0000
0000
0000
0500
0d00
0000
0000
0000
0000
0000
0000
0000
0000
0000
0000
0000
0000
0000
0000
0000
0000
0000
0000
00f3
e05f
af00
0000
0000
0000
0000
0000
0000
a4ed
0000
be54
60ff
cf00
0000
0000
0000
0000
0000
00ff
20df
709f
f70b
4f00
0000
0000
0000
0000
0000
0000
00f1
10fa
0600
0081
0000
0000
0000
0000
0000
0000
0000
00ff
fc08
fedf
0000
0000
0000
0000
0000
0000
0000
0000
0000
0000
0000
0000
0000
0000
0000
0000
0000
0000
0000
0000
0000
0000
0000
0000
0000
0000
0000
0000
0000
0000
0000
0000
0000
0000
cccc
0000
0000
0000
0000
0000
0000
0000
0000
0000
0092
0100
0000
0000
0000
0000
0000
0000
0010
f05f
fd0c
f52f
0000
0000
0000
0000
0000
0000
9f03
b4ee
00d0
30ef
bf00
e1af
0000
0000
0000
0000
0000
0000
10fe
efee
0000
0000
0000
0000
0000
0000
0000
0000
10fe
ff05
c7fe
0000
0000
0000
0000
0300
0000
0000
0000
00e2
0000
0000
0000
0000
dcff
ff00
0000
0000
0000
0000
0000
0000
0000
0000
0050
50ff
ff00
0000
0000
0000
0000
0000
0000
ffff
0000
0050
dcff
ff00
0000
0000
0000
0000
0000
60ff
0600
0000
0000
60ff
0000
0000
0000
0000
0000
f05f
5f00
ffff
0000
0050
0000
0000
0000
0000
0000
0000
0000
0000
0000
0000
0000
0000
0000
0000
0000
0000
0000
0000
00f1
0081
0000
0000
0000
ff00
0000
0000
0000
0000
00e2
0000
0000
0000
0000
50ff
ff00
0000
0000
0000
0000
0000
0000
0000
0000
10ff
5eff
ff00
0000
00f0
f05f
0000
0000
0000
0000
0080
ef52
50ff
ff00
0000
0000
0000
0000
0000
60ff
0000
0000
0000
60ff
0000
0000
0000
0000
0000
00fa
ff01
ffce
0000
0050
0000
0000
0000
0000
0000
0020
e05f
5f00
0000
dffd
0000
0000
0000
0000
0000
0000
0000
00f7
ff05
0000
0000
0000
0000
0100
0300
0000
0000
0000
0060
0000
0000
0000
0000
cccc
0000
0000
0000
0000
0000
0000
0000
0000
0000
0050
50ff
ff00
0000
0000
0000
0000
0000
0000
0000
0000
00f1
ff03
0000
0000
0000
0000
0000
0000
00fd
afff
f60c
aff4
fe05
0000
0000
0000
0000
0000
00c0
00d0
00f2
9fd1
00e2
0000
0000
0000
0000
0000
0000
0000
0000
0050
50ff
0000
0000
0000
0000
0000
0000
0000
0000
0000
ffff
0000
0000
0000
ff00
0000
0000
0000
0000
0000
0000
0000
0000
0000
00f3
cf00
0000
0000
0000
0000
0000
0000
0000
0000
00f5
f50f
0f00
0000
0000
0000
0000
0000
0000
0000
00f3
af00
0000
0000
0000
0000
0000
0000
0000
0000
0000
0000
0000
0000
0000
0000
0000
0000
0000
0000
0000
0000
0000
0000
0000
0000
0000
0000
0000
0000
0000
00f5
f50f
7eef
0000
0000
0000
0000
0000
0000
0000
00f0
90df
50eb
0000
0000
0000
0000
0000
0000
0000
0000
0000
0000
0000
0000
0000
0000
0300
0700
0000
0000
0000
0000
0000
0000
0000
0000
fe3e
f80c
0e00
0000
0000
0000
0000
0000
00c0
0000
00f5
f50f
0f00
0000
0000
0000
0000
0000
0000
ef60
0600
0000
00fd
0500
0000
0000
0000
0000
0000
00f5
ff01
0000
0050
0000
0000
0000
0000
0000
0000
0000
0000
0000
0000
0000
0000
0000
0000
0000
0000
0000
0000
0000
0000
0000
0000
0000
ff00
0000
0000
0000
0000
0000
0000
0000
0000
0000
50ff
ff00
0000
0000
0000
0000
0000
0000
0000
0000
0000
afff
ff00
0000
00fa
fa09
0000
0000
0000
0000
0000
00e4
50ff
ff00
0000
0000
0000
0000
0000
0000
00a4
0a00
0000
10fe
0200
0000
0000
0000
0000
0000
00f5
af00
0000
00e4
50ff
ff00
0000
0000
0000
0000
0000
00f5
f50f
dfdf
0000
0000
0000
0000
0000
0000
0000
0000
0000
0000
0000
0000
0000
0000
0000
0000
0000
0000
0000
0000
0000
0000
0000
f50f
ff0f
0000
0000
0000
0000
0000
0000
0000
0000
0000
50ff
ff00
0000
0000
0000
0000
0000
0000
0000
0000
0000
b07f
0600
0000
0000
0000
0000
0000
0000
20ff
dd0e
df70
fc0c
0000
0000
0000
0000
0000
0000
0060
0070
10fd
09a0
0000
0000
0000
0000
0000
0000
0000
0000
00a0
00f9
70df
60fd
0000
0000
0000
0000
0000
0000
0000
f0ff
0000
0000
0000
0100
0000
0000
0000
0000
0000
0000
0000
0000
0000
50ff
ff00
0000
0000
0000
0000
0000
0000
0000
0000
00f2
f50f
0800
0000
0000
0000
0000
0000
0000
0000
0000
0000
13f9
0000
0000
0000
0000
0000
0000
0000
0000
0000
0000
0000
0000
0000
0000
0000
0000
0000
0000
0000
0000
0000
0000
0000
0000
0000
0000
0000
0000
0000
0000
0000
0000
0000
0000
0000
0000
00f4
bf88
0000
07e0
0000
0000
0000
00d2
bf00
0000
31fc
0000
0000
0000
0080
0800
de06
0200
0000
0000
0000
9ee9
0000
00fb
0a00
0000
0000
0000
00f0
0000
0000
0000
0000
0000
0000
3f00
0000
00f0
0000
0090
0000
0000
0000
0000
0000
0000
308f
0000
0000
0000
0000
0000
0000
0000
0000
0000
0000
f00f
0000
00f0
0000
0000
0000
0000
0000
0000
0000
0000
0000
0000
0000
0000
0000
0000
0000
0000
0000
0000
0000
0000
0000
0000
0000
0000
ce00
0000
0000
0100
0000
0000
0000
ce06
0000
0000
0000
60ec
0000
0000
1200
0000
0f00
0000
f00f
0000
0000
0000
e01f
0000
0000
ffff
0000
0000
0000
ff01
0000
00ff
1800
0000
0000
0000
bf2f
0000
ffff
0000
0000
0000
0000
a04f
0000
0000
0000
0000
0000
0000
f709
0000
00f2
0000
0000
0000
0000
0000
0000
0000
0000
0000
0000
0000
0000
b1bf
0e00
20fd
0000
0000
0000
0000
0000
0000
a0ef
0000
0000
0000
0000
0000
0000
0000
0000
0000
0000
0000
0000
0000
00ff
0000
0000
0000
0000
0000
0000
0000
0000
0000
0000
0000
0000
8888
0000
0000
0000
0000
0000
0000
1a00
0000
0000
0000
0000
f50c
0000
df00
0000
0000
0000
0000
0000
ffef
f00f
e01d
fc0b
0000
0000
0000
f707
0000
fe01
0000
0000
0000
0000
0000
0000
0000
0000
0000
0000
00a0
00f2
0000
0050
0000
0000
0000
c1ef
ff00
f00f
00ff
0000
0000
0000
8888
0000
0088
ff00
0000
0000
0000
8888
0000
8888
0000
0000
0000
0000
fb4e
0000
4f00
0000
0000
0000
0000
ff00
f00f
88ff
00f0
0000
0000
0000
0000
0000
ff00
0000
0000
0000
0000
0000
ff00
0000
00fe
0000
0000
0000
0090
0b00
0000
df02
0000
0000
0000
0000
00ff
0000
0000
0000
0000
0000
0000
ff00
f608
00ff
0f00
0000
0000
0000
0000
0f80
ff00
f05f
0000
0000
ee8c
0000
0000
0700
10c7
0000
0000
ffff
00d0
8888
0000
0000
0000
0000
0100
60af
00f0
00c0
ee8d
0000
0000
0000
fe02
ff00
00fe
00ff
0000
0000
0000
3f00
0000
e02f
0600
0000
0000
0000
ff00
0000
00ff
0000
0000
0000
0000
00f0
0000
0000
0000
0000
0000
0000
fa07
00a0
df00
0000
0000
0000
0000
0cf1
fc42
1f00
ff02
0000
0000
0000
0000
70ff
0000
fb09
0000
0000
0000
0000
76af
0000
00ff
0000
0000
0000
0040
0700
0000
8888
0000
0000
0f00
0000
f00f
0000
00f0
0000
0000
0000
0000
0000
0000
0000
0000
0000
0000
00f0
0000
0000
0000
0000
0000
0000
df6f
0000
0000
0000
0000
0000
0000
0000
0000
0000
0000
ffff
0000
0000
0000
0000
0000
0000
0000
0000
0000
0000
f69e
0100
00ff
0000
0000
0000
0000
cfb8
0000
f80b
0000
0000
0000
0000
d9af
0000
0600
0000
0000
0000
00ff
cf00
0000
00fb
0000
0000
0000
0000
0000
00ff
fd05
0000
0000
0000
00f3
0000
0000
0000
0000
0000
0000
0000
0000
0000
0000
fe01
0000
0000
f00f
0000
00f0
0000
0000
0000
0000
0000
0000
ff00
0000
0000
0000
0000
0000
0000
0000
0000
0f00
0000
0000
0000
1e00
0000
00f9
0000
0000
0000
0000
00ff
0000
0000
0000
0000
0000
0000
d20f
0020
00f0
0f00
0000
0000
0000
0f00
00fe
f00f
0000
0000
0000
0000
0000
6f00
0b00
0060
0000
0000
0000
0000
0600
0000
20ea
0f00
0000
0000
0000
00f6
0000
c4ef
0000
0000
0000
0000
f00f
0000
00f0
0000
0000
0000
0000
0e00
00f8
3a00
0000
0000
0000
00f0
0000
0000
0000
0000
0000
0000
0000
0000
0000
0000
0000
0000
0000
0000
0000
b11f
0000
0000
0000
0000
0000
00f8
9f00
90ef
0000
0000
0000
0000
40df
0000
00e2
0000
0000
0000
0000
0d00
0000
00a0
0800
0000
0000
0000
0100
0000
8888
0000
0000
0000
0000
1f00
0000
f00f
0000
0000
0000
0000
0f00
0000
f00f
0000
0000
0000
00c0
0000
00f0
0000
0000
0000
0000
0000
0000
6f00
0000
0000
0000
0000
0000
0000
0000
0000
0000
0000
0000
0000
0000
0000
0000
0000
0000
0000
0000
0000
0000
0000
0000
0000
0000
0000
0000
0000
0000
0000
0000
0000
0000
0000
0000
0000
0000
0000
0000
0000
0000
0000
0000
0000
0000
0000
0000
0000
0000
0000
0000
0000
0000
0000
0000
0000
0000
0000
0000
0000
0000
0000
0000
0000
0000
0000
0000
0000
0000
0000
0000
0000
0000
0000
0000
0000
0000
0000
0000
0000
0000
0000
0000
0000
0000
0000
0000
0000
0000
0000
0000
0000
0000
0000
0000
0000
0000
0000
0000
0000
0000
0000
0000
0000
0000
0000
0000
0000
0000
0000
0000
0000
0000
0000
0000
0000
0000
0000
0000
0000
0000
0000
0000
0000
0000
0000
0000
0000
0000
0000
0000
0000
0000
0000
0000
0000
0000
0000
0000
0000
0000
0000
0000
0000
0000
0000
0000
0000
0000
0000
0000
0000
0000
0000
0000
0000
0000
0000
0000
0000
0000
0000
0000
0000
0000
0000
0000
0000
0000
0000
0000
00e3
000f
0040
0000
0000
0000
0000
0000
0000
0000
0000
0000
0000
0000
0000
0000
0000
0000
0000
0000
0000
0000
0000
0000
0000
0000
0000
0000
0000
0000
0000
0000
0000
0000
0000
0000
0000
0000
0000
0000
0000
0000
0000
0000
0000
0000
0000
0000
0000
0000
0000
0000
0000
0000
0000
0000
0000
0000
0000
0000
0000
0000
0000
0000
0000
00f0
00f0
00f0
0000
0000
0000
0000
0000
0000
0000
0000
0000
0000
0000
0000
0000
0000
0000
0000
0000
0000
0000
0000
0000
0000
0000
0000
0000
0000
0000
0000
0000
0000
0000
0000
0000
0000
0000
0000
0000
0000
0000
0000
0000
0000
0000
0000
0000
0000
0000
00f7
0080
0000
0000
0000
0000
0000
0000
0000
0000
0000
0000
0000
0000
0000
0000
0000
0000
0000
0000
0000
0000
0000
0000
0000
0000
0000
0000
0000
0000
0000
0000
0000
0000
0000
0000
0000
0000
0000
0000
0000
0000
0000
0000
0000
0000
0000
0000
0000
0000
0000
0000
0000
0000
0000
0000
0000
0000
0000
0000
0000
0000
0000
0000
0000
0000
0000
0000
0000
0000
0000
0000
0000
0000
0000
0000
0000
0000
0000
0000
0000
0000
0000
0000
0000
0000
0000
0000
0000
0000
0000
0000
0000
0000
0000
0000
0000
0000
0000
0000
0000
0000
0000
0000
0000
0000
0000
0000
0000
0000
0020
00f5
00f5
0000
0000
0000
0000
0000
0000
0000
0000
0000
0000
0000
0000
0000
0000
0000
0000
0000
0000
0000
0000
0000
0000
0000
0000
0000
0000
0000
0000
0000
0000
0000
0000
0000
0000
0000
0000
0000
0000
0000
0000
0000
0000
0000
0000
0000
0000
0000
0050
0000
0000
0000
0000
0000
0000
0000
0000
0000
0000
0000
0000
0000
0000
0000
0000
0000
0000
0000
0000
0000
0000
0000
0000
0000
0000
0000
0000
0000
0000
0000
0000
0000
0000
0000
0000
0000
0000
0000
0000
0000
0000
0000
0000
0000
0000
104f
0000
0000
0000
0000
0000
0000
0000
0020
0b4b
0000
c02c
0000
0000
ed07
0000
0225
0000
f105
3f00
0000
104f
0000
0000
0000
0000
3f00
0000
401d
0000
009a
0000
0000
0500
0000
0000
0000
f104
0000
0000
0000
0000
0000
0000
0000
0000
0000
0000
0000
0000
0000
0010
0000
d007
3f00
0000
3501
0000
f104
0000
f005
0000
0000
ae01
0000
4db3
0000
f1db
0e00
0000
ff08
0000
4eb3
0000
0000
3f00
0000
ff0f
0000
204f
0000
f006
3f00
0000
ae01
0000
6f42
0000
0000
0000
0000
0000
0000
0010
0000
0000
0b00
0000
0000
0000
0000
0000
0000
0000
0000
ce04
0000
0002
0000
0000
4f10
0000
0400
0000
0020
0000
e005
4f00
0000
5d00
0000
36f7
0000
d900
4f00
0000
ff4f
0000
2232
0000
0000
4f00
0000
5d00
0000
33f7
0000
4f00
4f00
0000
f104
0000
00f1
0000
f104
0200
0000
104f
0000
0710
0000
0000
4f00
0000
a04f
106f
7f10
0000
4f00
4f00
0000
4c00
00f1
34f8
0000
7e00
4f00
0000
4c00
00f1
34f8
0000
6e00
4f00
0000
9d01
0000
25d5
0000
104f
0000
0000
104f
0010
37e5
0000
8d00
0000
0000
00ac
c008
40af
0000
d109
0000
0000
107f
0000
f104
0000
e209
0000
0000
314f
0000
0010
0000
0000
0000
0000
f116
0000
00f1
0000
0050
0000
0000
0000
0000
0000
0000
0000
0000
0000
0000
0000
6d72
0000
0000
4f00
0000
0000
0000
3cd4
0000
f104
3f00
0000
0000
0000
25e5
0000
0000
0400
0000
0000
0000
3cc4
0000
0000
4f00
0000
104f
0000
0010
0000
0000
0400
0000
104f
0000
ad10
0000
0000
4f00
0000
0000
00bc
4f10
0000
0000
4f00
0000
0000
0000
5ed3
0000
0000
4f00
0000
0000
0000
3cd4
0000
0000
4f00
0000
0000
0000
9d82
0000
0000
0400
0000
0000
0000
4ca2
0000
0000
0200
0000
0000
007d
00ee
0000
0000
0000
0000
0000
0000
908f
0000
0000
0000
0000
7d00
0000
00f1
0000
0000
4f00
0000
404e
0000
00f1
0000
0000
0a00
0000
0000
0000
0000
0000
0000
0000
0000
0000
0000
0000
0000
0000
0000
0000
0000
0000
0000
0000
0000
0000
0000
0000
0000
0000
0000
0080
0000
0000
0030
0000
60e0
0000
0000
0000
0000
00c0
0000
0000
0000
0000
0000
0000
0000
0000
0000
0000
0000
0000
0000
0000
0000
0000
0000
0000
0000
0000
0000
0000
00c0
0000
0000
0000
0000
0000
0000
0000
0000
0000
0000
0000
0000
0000
0000
0000
0000
0000
0000
0000
0000
0000
0000
0000
0000
0000
0000
0000
0000
0000
0000
0000
0000
0000
0000
0000
0000
0000
0000
0000
0000
0000
0000
0000
0000
0000
0000
0000
0000
0000
0000
0000
0000
0000
0000
0000
0000
0000
0000
0000
0000
0000
0000
0000
0000
0000
0000
0000
0000
0000
0000
0000
0000
0000
0000
0000
0000
0000
0000
0000
00c0
0000
0000
0000
0000
0000
0080
0000
0000
0000
0000
0000
0000
0000
0000
0000
0000
0000
00fc
1cee
3838
0000
0000
0000
0080
00e0
0000
0000
00e0
00c0
00e0
0000
0000
001c
0000
0080
0000
0080
0038
0070
0000
0000
0000
00e0
0000
0000
0000
0000
0080
0000
0000
0000
001c
000e
008e
0000
0038
0038
0038
0000
0000
0000
0000
0000
0000
0000
0000
0000
0000
0000
0000
0000
0000
007c
0000
0000
0000
0000
0000
0000
001f
00e7
0087
0000
0000
0038
0038
00f8
0000
0000
000e
0007
00c0
0000
00c0
0070
0000
0000
0000
00f8
0007
00dc
0000
0000
0038
00c0
0038
0000
0000
0000
00f0
0000
0000
00e0
0000
0000
0000
0000
0038
0038
0078
0000
0000
00e0
0000
0000
0000
0000
70e0
c039
0007
0000
00f0
0000
0000
0000
0000
00e0
0000
0000
0000
0000
0080
0000
0000
0000
0000
0000
0000
0000
0000
0000
0000
0000
0000
0000
0000
0000
0000
0000
0000
0000
0000
0000
0000
0000
0000
0000
0000
0000
0000
0000
0000
0000
0000
0000
0000
0000
0000
0000
0000
0080
0000
0000
0000
0000
0000
0000
0000
0000
0000
0000
0000
0000
0000
0000
0080
0000
0000
0000
0000
0000
0000
0000
0000
0000
0000
0000
0000
0000
0000
0000
0000
0000
0000
0000
0000
0000
0000
0000
0000
0000
0000
0000
0000
0000
0000
0000
0000
0000
0000
0000
0000
8003
8003
0000
0000
0000
0000
0000
0000
0000
0000
0000
0000
0000
0000
0000
0080
0000
0000
0000
0000
0000
0000
0000
0000
0000
0000
0000
0000
0000
0000
0000
0000
0000
0000
0000
0000
0000
0000
0000
0000
0000
0000
0000
0000
0000
0000
0000
000e
0038
00c0
0000
0000
0000
0000
0000
0000
0000
0000
0000
0000
0000
0000
0000
0000
0000
0000
0000
0000
0000
0000
0000
0000
0000
0000
0000
0000
0000
0000
0000
0000
0000
0000
0000
0000
0000
0000
0000
0000
0000
0000
0000
0000
0030
0000
0000
0000
0000
0030
c00c
0000
0000
e03f
0000
0030
0000
0700
0076
0000
1000
0000
0000
3000
0000
0060
0c00
0000
003e
0000
0000
0003
0300
0000
0000
1000
0000
007e
0000
0000
0000
0000
0000
0080
0000
0030
0000
0700
0000
0000
6000
0000
0000
0700
0000
c000
6000
0000
0030
6000
0000
0060
0f00
0000
0003
0000
00c0
3060
0000
0030
e070
0000
0000
0000
0000
0000
0000
0000
0080
0000
0000
0000
0000
0100
0000
e038
0600
0000
000c
181c
0000
180c
0000
00f0
0330
0000
0007
0330
0000
8001
fc3f
0000
00f8
0000
3000
0000
0000
7000
8007
0000
3f00
0003
0018
1800
0000
6000
6000
0000
c019
1800
0000
0030
0000
e000
8c31
0000
0003
1b30
0000
8001
f003
3f00
0000
0000
3800
8003
0000
3000
0006
0000
0100
0000
fe7f
0100
0000
0330
1800
0000
1c1c
0100
0000
8619
0000
000e
380e
0000
0038
8001
0000
0080
0000
3c00
0000
003c
2000
0000
0000
1800
0000
0000
0000
0000
0000
0000
00fc
0000
0000
0000
6030
0000
0000
1830
0000
0000
0070
0000
00b0
b01f
0000
0030
0000
1800
0000
0000
0f00
0070
0000
3800
0030
0030
3000
0000
0000
3000
0000
e030
3000
0000
0030
0000
0000
6030
0000
0000
3030
0000
00e0
800f
0000
0018
0030
0000
0030
0000
3700
0000
0000
6000
0000
0018
1800
0000
0000
3000
0000
3060
0700
0000
2331
0000
0000
000f
0000
0030
0007
0000
0080
0000
0c00
0000
000c
2000
0000
0000
1800
0000
0000
1c00
0000
0000
0000
0000
0000
0000
0000
0000
0000
0000
c07f
0000
0080
0004
6600
003c
003f
1e00
0000
0000
3000
0000
0040
1800
0000
0000
0000
0080
0000
0000
0000
00f8
0000
0000
0000
6000
0000
8061
0000
0000
0000
0300
0000
8061
0000
0000
0000
6000
0000
803f
1e00
0080
0030
1e00
0080
0000
6300
0000
0000
0000
0000
0000
6000
0000
803f
0000
0000
0000
1800
0000
1963
0000
0080
0000
6000
0000
0070
0000
0030
0000
3000
00f0
0030
3000
00f8
fc1f
6000
0030
0030
3000
0000
00c3
0000
00c0
0000
6000
0000
6666
0000
0030
0000
6000
0000
e03f
0000
000c
0000
6000
0000
0070
0000
0000
0000
6000
0080
6060
0600
80c1
0c0c
6000
0060
30c0
0600
0000
0030
0000
0000
0000
3000
0000
0030
0000
0000
0000
0000
00e0
0000
0000
0080
0000
7f00
0000
001f
0000
00c0
0000
0000
0000
0030
3000
0000
c03f
6000
0080
0060
6000
0000
0060
0000
0000
0000
6000
0000
8661
0000
0080
0000
6000
0000
8071
6000
00c0
c000
6c00
0000
001e
0000
0000
0000
0000
0080
0000
0c00
0000
c00c
0000
0000
0000
1e00
0000
0030
0000
0000
0000
6000
0000
000c
0000
0080
0000
0000
0000
0000
0020
0048
0000
0000
003e
e004
0042
0000
0000
0040
0010
0050
0000
0000
0020
00f0
0000
0000
0000
001c
0004
0041
0000
0000
0004
0001
0040
0000
0000
001c
001d
0020
0000
0000
8001
0000
0060
0000
0000
0020
807f
8040
0000
0000
007e
0040
0040
0000
0000
4040
0040
0004
0000
0000
007f
9048
4050
0000
0000
0020
1040
4020
0000
0000
0008
4040
8040
0000
0000
8040
0004
0002
0000
0000
0010
0020
0044
0000
0000
0000
003d
005c
0000
0000
001d
007f
0078
0000
003c
0041
0040
0040
0000
0000
0040
0821
005e
0000
0000
005c
0041
0058
0000
0000
0018
0041
0082
0000
0000
0082
0028
007e
0000
0010
0040
0010
0000
0000
0000
0000
0000
0000
0050
0092
c009
0029
0000
0040
0010
0038
0000
0000
0000
0000
0000
0000
0000
0000
007e
0042
0002
0002
0042
0008
0042
0042
0000
0000
0000
0000
0000
0000
0000
0000
0000
007e
8031
0041
0040
0040
c043
8040
0020
0004
0042
0020
0000
0000
0000
0000
0000
0000
8040
0063
0008
8040
0022
1045
0008
0022
0002
0040
0080
0000
0000
0000
00ff
0000
0000
005c
0066
0042
0040
0040
0042
0066
0040
0000
0040
0040
0000
0000
0000
0000
0040
0002
0040
0044
0040
0042
0044
8088
0044
0082
0000
0020
0040
0000
0000
0000
0000
0000
0000
00f8
0020
0000
0080
0080
0020
0000
0000
0000
0000
0000
0000
0008
0008
0000
0000
0008
0088
0070
0000
0000
00f0
0040
0000
0000
0044
0040
0000
0000
0042
0042
0040
0000
0040
0055
0046
0000
0000
0044
0044
0000
0000
8088
0028
0010
0000
0080
0040
0000
00fc
0000
00b0
0080
0000
0000
0000
0088
0080
0000
0080
0092
0088
0000
0000
00a0
0010
0000
0000
0000
0020
0040
0000
0040
0040
0000
0000
0000
0000
0000
0000
0000
0000
0000
0000
0000
0000
0000
0000
0000
0000
0000
0000
0000
0000
0000
0000
0000
0000
0000
0000
0000
0000
0000
0000
0000
0000
0000
0000
0000
0000
0000
0000
0000
0000
0000
0000
0000
0000
0000
0000
0000
0000
0000
0000
0000
0000
0000
0078
0000
0000
0000
0000
001e
0000
0000
0000
00f8
0000
0000
0000
0000
0000
0000
0000
0000
0000
0000
0000
0000
0000
0000
0000
0000
0000
0000
0000
0000
0000
0000
0000
0000
0000
0000
0000
aa55
1818
1818
3636
3636
3636
0000
1818
0000
1818
1818
3636
3636
3636
0000
0000
1818
0000
1818
3636
0000
ffff
f0f0
0000
0000
0000
0000
0000
0000
0000
0000
0000
0000
0000
0000
0000
0000
0000
0000
0000
0010
0000
78cc
995a
0066
ff18
0000
0000
006c
0000
0000
0080
0078
0030
6030
0030
003c
003e
00e6
0038
0078
00c6
0078
ff00
0078
f80c
00e6
0078
00f8
006c
001c
00fe
003f
380c
0078
00cc
0078
007e
1818
70d8
007e
0000
0fcc
0000
1818
3636
3636
1818
1818
3636
3636
0000
0000
3636
ffff
0000
006c
0018
0078
00cc
00fc
0000
1c3c
0000