4328
0000
2426
0000
0000
0000
0000
0e0d
2e2d
4e4d
6e6d
8e8d
aead
cecd
eeed
ffff
ffff
ffff
ffff
2e6c
0101
0001
0100
d152
4847
8887
c4c3
f7f6
4112
17f1
6463
9a99
d6d5
4cc4
0000
0093
001b
0000
0031
0808
0808
0808
0808
002f
0808
0808
0808
0808
0808
0808
0808
0808
0000
0808
0808
0808
0808
0000
0604
0807
0506
0000
0000
0403
0b0a
0808
0000
0000
0404
050a
0608
0000
030d
0f0c
0b06
0000
0000
0d0d
1011
0c09
002f
0000
1213
1210
0013
0000
0907
0908
0703
0000
0000
0a0a
0f0b
0d09
0000
0e07
0d0e
0b0b
0000
0000
0a07
1011
0d0e
0000
0000
0807
0912
0b0f
0000
0a1a
1c16
180f
0000
0000
0000
0000
0000
0000
0000
0000
0000
0000
0000
0000
0000
0000
0000
0000
0000
0405
0b0c
1719
2124
2b30
333a
3a43
3f4a
414c
434f
4652
4754
4956
4a56
4c59
4c59
4d5a
4d5a
4f5c
4f5c
505e
505e
505e
515f
515f
515f
5361
5260
5361
5462
5462
5462
5462
5462
5462
5462
5463
5564
5564
5564
5463
5664
5664
5664
5664
5664
5664
5765
5765
5765
5765
5664
5664
5765
5765
5766
5766
5766
5765
5765
5766
5866
5866
0000
0000
0000
0000
0000
0000
0000
0000
0000
0000
0000
0000
0000
0000
0000
0000
0000
0000
0000
0000
0000
0000
0000
0000
0000
0000
0000
0000
0000
0000
0000
0000
0000
0000
0000
0000
0000
0000
0000
0000
0000
0000
0000
0000
0000
0000
0000
0000
0000
0000
0000
0000
f1ff
0000
0000
0000
0000
0f00
0000
0000
0000
f1ff
0000
0000
0000
0000
0000
0000
0000
0000
0000
0000
0000
0000
0000
0000
0000
0000
0000
0000
0000
0000
0000
ff0f
0f00
0000
0000
0000
0000
0000
0000
0000
0000
0000
0000
0000
0000
0000
0000
0000
0000
0000
0000
0000
0000
0000
0000
0000
0000
ff08
ff0e
0000
0000
ffff
0400
0a00
0000
0000
ffff
00f1
0000
0000
0000
fc3f
0000
0000
0000
0000
0000
0000
0000
0000
f0ff
0000
0000
0000
ffff
0080
0000
0000
0000
0000
3e00
0000
0000
ff9f
0000
0e00
0000
00f5
ffff
0300
0000
0000
0000
0000
0000
0000
0000
0000
0000
0000
0000
0000
ef04
ff00
0000
00f4
00e2
de18
0000
0000
cf01
2e00
0000
00f0
0000
0000
0000
0000
0000
0000
0000
0000
0000
0000
0000
0000
0000
0000
0000
ffff
0000
0000
0000
ff09
ff08
0000
0000
0100
0b00
ff0d
0000
00f9
0500
ffff
0000
0000
0000
0000
0000
0000
0000
0000
0000
0000
0000
0000
0000
0f00
0000
0000
0000
00f2
0000
0000
0000
0000
0000
0000
0000
0000
0000
0000
0000
0000
0000
0000
0000
0000
0000
0000
0000
0000
0000
ff7f
0000
0000
0000
0000
feef
0000
0000
0000
0000
0f00
0000
0000
0000
faff
0000
0000
0000
20ff
0000
0000
0000
0096
0000
0000
0000
0000
0000
5f00
0000
0000
0000
ff03
0000
0000
0000
e0ff
0000
0000
0000
0000
7f00
0000
0000
0000
0020
0900
0000
0000
0000
0000
0000
0000
0000
0000
0000
0000
0000
0000
0000
0000
0000
0040
ffff
0000
0000
0000
0020
0000
0000
0000
0000
0000
0000
0000
0000
0000
0000
0000
0000
0000
0000
0000
0000
0000
0000
0000
0000
0000
0000
ff00
ff00
0000
0000
10ff
0000
0000
0000
0000
0000
0000
0000
0000
0000
0000
0000
0000
0000
0000
0000
0000
0000
0000
0000
0000
0000
0000
0000
0000
0000
0000
0000
0000
0000
0000
0000
0000
ff00
0000
0000
0000
0000
0000
0000
0000
0000
0000
0000
0000
0000
0000
0000
0000
0000
0000
0000
0000
0000
f0ff
0000
0000
0000
0000
0000
0000
0000
0000
0000
0000
0000
0000
0000
0000
0000
0000
0000
0000
0000
0000
0000
0000
0000
0000
0000
0000
0000
0000
0000
0000
0000
0000
0f00
0000
0000
0000
0000
0000
0000
0000
0000
0000
0000
0000
ff6f
0000
0000
0000
0000
ff0c
0000
0000
0000
0000
ff03
0000
0000
0000
0000
9f00
0000
0000
0000
0000
0000
0000
0000
0000
0000
0000
0000
0000
af01
0000
0000
ffaf
0000
ff00
0000
00f0
0000
10ff
0000
0000
ff5f
0000
0000
0000
0000
0000
0000
0000
0000
0000
0000
0000
0000
0000
0000
efbd
0000
0000
0000
ff00
0000
0000
0000
10ff
0000
0000
0000
0000
ff00
0000
0000
0000
0000
0000
0000
0000
0000
0000
0000
0000
0000
0000
0000
0000
0000
ffff
0000
0b00
0000
0020
4f00
0000
0000
0000
0000
fcff
0000
0000
00ff
ffff
0000
0000
0000
0000
0000
0000
0000
0000
0000
0000
0000
0000
feff
0000
0900
0000
0040
ffff
0000
0000
0000
ff03
0000
0b00
0000
0050
ffff
0000
0000
0000
0000
0000
0000
0000
0000
0000
0000
0000
0000
00ff
2e00
0000
0000
0000
ff01
ff09
0000
0000
00ff
ffff
ff0f
0000
0000
ff01
0000
0000
0000
0000
0000
0000
0000
0000
0000
0000
0000
0000
feff
33c3
0000
0000
0000
c7fe
ffff
0000
0000
ff4f
0000
0800
0000
0040
ef48
9f01
0000
0000
0000
0000
0000
0000
0000
0000
0000
0000
0000
30a7
ffff
0000
0000
0000
0000
f1ff
0000
0000
ff0a
0000
0d00
0000
00f7
0200
9f00
0000
0000
0000
0000
0000
0000
0000
0000
0000
0000
0000
0000
ffff
3300
0000
0000
ef02
0000
0000
0000
0000
ff09
0000
0000
0000
0020
0000
0000
0000
0000
0000
0000
0000
0000
0000
0000
0000
0000
0000
de8b
0000
0000
00b0
0000
f7ff
0000
0000
10fa
0030
8f00
0000
00f0
0000
fdff
0000
0000
0000
0000
0000
0000
0000
0000
0000
0000
0000
0000
0000
0000
0000
0000
0000
20ff
0000
0000
ff7f
11b4
0000
0000
00e0
0000
0000
0000
0000
0000
0000
0000
0000
0000
0000
0000
0000
0000
0000
0000
0000
0000
0000
0000
f1ff
0000
0000
0000
0000
0000
0000
0000
0000
0000
0000
0000
0000
0000
0000
0000
0000
0000
0000
0000
0000
0000
0000
0000
0000
0000
0000
0000
0000
0000
0000
0000
0000
0000
0000
0000
0000
0000
0000
0000
0000
0f00
0000
0000
0000
0000
0000
0000
0000
0000
0000
0000
0000
0000
0000
0000
0000
00f8
cf05
0000
0000
0000
0000
ff8e
0000
0000
00f8
0000
0000
0000
0000
0000
0000
0000
0000
0000
0000
0000
0000
0000
0000
0000
0000
0000
ffff
ffff
0000
0000
0000
ffff
ffff
0000
0000
0000
0000
0000
0000
0000
0000
0000
0000
0000
0000
0000
0000
0000
0000
0000
0000
0000
0000
0000
0000
0f00
0000
0000
ef28
0000
0000
0000
0000
0000
0100
0000
0000
0000
0000
0000
0000
0000
0000
0000
0000
0000
0094
ffff
0000
0000
00ff
0000
0000
0000
0000
00f4
0b00
0000
0000
0000
0000
0000
0000
0000
0000
0000
0000
0000
0000
0000
0000
0000
0000
4800
0000
0000
2c00
0000
0000
0900
0b00
ef00
f5ff
00f2
f0df
0090
0000
6f00
3f00
fdff
0500
0000
ef02
0000
00e0
feef
0000
0000
0000
0000
0000
0000
0000
0000
00f1
ff1f
0000
0000
0000
0000
ff04
0000
0000
ffff
0000
8f00
0000
ff0e
0000
0000
0000
0000
0000
0000
0000
0000
0000
0000
0000
0000
0000
ff09
0000
0f00
0000
00fc
ffff
ffff
0000
0060
0000
0000
0f00
0000
90ff
ffff
0000
0000
0000
0000
0000
0000
0000
0000
0000
0000
0000
0000
ffdf
0050
3f00
0000
0000
0000
10ff
0000
0000
0000
0000
0c00
0000
00fa
ffff
0000
0000
0000
0000
0000
0000
0000
0000
0000
0000
0000
0000
feff
0000
0f00
0000
ff7f
0000
f1ff
0000
00f1
0000
0000
0f00
0000
40ff
ffff
ffff
0000
0000
0000
0000
0000
0000
0000
0000
0000
0000
0000
ffff
3333
0f00
0000
0000
0000
f4ff
0000
0000
0000
0000
0f00
0000
0000
3333
ffff
0000
0000
0000
0000
0000
0000
0000
0000
0000
0000
0000
ffff
ffff
0f00
0000
0000
0000
f1ff
0000
0000
3233
0000
0f00
0000
0000
0000
f1ff
0000
0000
0000
0000
0000
0000
0000
0000
0000
0000
0000
0000
ffef
0000
0000
fbff
0000
20ff
0000
0000
ffff
0000
df00
0000
ffff
0000
ff0b
0000
0000
0000
0000
0000
0000
0000
0000
0000
0000
0000
0000
0000
0f00
0000
ff01
0000
f1ff
0000
00ff
ffff
3333
0f00
0000
ff01
0000
f1ff
0000
00ff
0000
0000
0000
0000
0000
0000
0000
0000
0000
0000
0000
0000
0000
0000
0000
ffff
0000
0000
0000
0010
0000
0000
0000
0000
ffff
0000
0000
0000
0000
0000
0000
0000
0000
0000
0000
0000
0000
0000
0000
0000
0010
0000
0000
0000
0000
ffff
0000
0000
0000
0010
0100
50ff
0000
0000
0050
0000
0000
0000
0000
0000
0000
0000
0000
0000
0000
0000
0000
d1ff
0000
f1ff
0000
0000
0000
ffff
0f00
0000
0000
ff09
f1ff
0000
0000
2e00
0000
0000
0000
0000
0000
0000
0000
0000
0000
0000
0000
0000
0000
0000
f1ff
0000
0000
0000
0000
0f00
0000
0000
0000
f1ff
0000
0000
3333
ffff
0000
0000
0000
0000
0000
0000
0000
0000
0000
0000
0000
0000
0000
ffff
0010
fddf
0000
ff1e
0f00
ffff
ff4f
f5ff
f1ff
0010
0000
ffff
0000
0f00
0000
0000
0000
0000
0000
0000
0000
0000
0000
0000
0000
0000
ffff
0000
00ff
0000
ff09
0f00
0000
ff01
ef02
f1ff
0000
00ff
9f00
0000
0f00
0000
0000
0000
0000
0000
0000
0000
0000
0000
0000
0000
eddf
8f00
0000
0020
0000
0000
ef00
0000
ff01
0000
20ff
0000
00f6
0000
10f8
0000
0000
0000
0000
0000
0000
0000
0000
0000
0000
0000
0000
0000
ffff
0000
0000
0700
0000
0f00
0000
e1ff
ffff
ffff
0000
0000
0000
0000
0f00
0000
0000
0000
0000
0000
0000
0000
0000
0000
0000
0000
0000
0000
0000
0000
0900
0000
bf00
0000
ff01
0000
10ff
0000
00fd
0000
0000
0000
0000
ff6e
0000
0000
0000
0000
0000
0000
0000
0000
0000
0000
0000
0000
0000
af01
0000
0f00
0000
f6ff
4633
ffff
0000
0000
0500
0000
0f00
0000
ffdf
0000
0000
0000
0000
0000
0000
0000
0000
0000
0000
0000
0000
0000
ffcf
00a0
0000
0000
0000
0040
0200
0000
0000
0b00
0000
0a00
0000
60ff
ffff
0000
0000
0000
0000
0000
0000
0000
0000
0000
0000
0000
00f0
ffff
1f00
0000
0000
0000
f0ff
0000
0000
0000
0000
1f00
0000
0000
0000
f0ff
0000
0000
0000
0000
0000
0000
0000
0000
0000
0000
0000
0000
0000
0000
0f00
0000
ff0f
0000
f1ff
0000
00f1
0000
0000
0d00
0000
feff
4654
0500
0000
0000
0000
0000
0000
0000
0000
0000
0000
0000
0000
0000
0000
df00
0000
f5ff
0000
ff4f
0000
0000
feef
f4ff
0000
0000
0000
ffff
0000
0000
0000
0000
0000
0000
0000
0000
0000
0000
0000
0000
0000
0000
ff06
ef00
00fc
ff03
f6ff
00a0
0000
0000
09e0
0000
70ff
8f00
00f2
0d00
0000
ff8f
0000
0000
0000
0000
0000
0000
0000
0000
0000
0000
0000
0c00
0000
00fa
0300
0600
0000
0000
0010
ef01
0000
0000
0010
0000
ffbf
0000
0060
0000
0000
0000
0000
0000
0000
0000
0000
0000
0000
0000
ff08
0000
f2ff
0000
ff0b
0000
0000
40ff
ff1e
0000
0000
0000
f1ff
0000
0000
0000
0000
0000
0000
0000
0000
0000
0000
0000
0000
0000
0000
ff00
0000
90ff
0000
0000
0000
0000
0060
7f00
0000
0000
0000
0000
ff9f
0000
0000
ffff
0000
0000
0000
0000
0000
0000
0000
0000
0000
f0ff
0f00
0000
0000
0000
f1ff
0000
0000
0000
0000
0f00
0000
0000
0000
f1ff
0000
0000
0000
0000
0f00
0000
0000
0000
0000
0000
0000
0000
0000
0000
0000
0000
0000
a0ff
0000
0000
0000
00f5
0000
0000
0000
0010
0000
0000
0000
0000
0700
0000
0000
0000
0000
0000
0000
0000
0000
0030
ff0f
0000
0000
0000
ff0f
0000
0000
0000
00f1
0000
0000
0000
0000
ff0f
0000
0000
0000
00f1
0000
0000
0000
0000
ffff
0000
0000
0000
0000
0000
0000
0000
0000
ff01
0000
0000
0000
4f00
bf00
0000
0000
0000
0000
0000
0000
0000
0000
0000
0000
0000
0000
0000
0000
0000
0000
0000
0000
0000
0000
0000
0000
0000
0000
0000
0000
0000
0000
0000
0000
0000
0000
0000
0000
0000
0000
0000
0000
ffff
0000
0000
0000
0000
0000
0000
0000
0000
0000
ff9f
0000
0000
0000
0000
0000
0000
0000
0000
0000
0000
0000
0000
0000
0000
0000
0000
0000
0000
0000
0000
0000
0000
0000
0000
0000
0000
0000
0000
0000
0000
ef9c
0000
0000
0000
0100
2700
0000
0000
ffff
0000
af00
0000
0040
0000
0000
0000
0000
0000
0000
0000
0000
0000
0000
f1ff
0000
0000
0000
0000
0f00
0000
0060
0000
f1ff
0000
0000
ff02
0000
0f00
0000
0000
dbef
0000
0000
0000
0000
0000
0000
0000
0000
0000
0000
0000
0000
0000
0000
0000
0000
0000
0a00
80ff
0000
0000
0000
0000
4f00
0000
0000
ffff
0000
0000
0000
0000
0000
0000
0000
0000
0000
0000
0000
0000
ff1f
0000
0000
0000
00f0
0800
e1ff
0000
0000
ff1f
0000
af00
0000
00f0
ffff
0600
0000
0000
0000
0000
0000
0000
0000
0000
0000
0000
0000
0000
0000
0000
0000
0000
ff5a
f5ff
0000
0000
ffff
0000
cf00
0000
0000
6a44
6e00
0000
0000
0000
0000
0000
0000
0000
0000
0000
0000
0000
0000
00f4
0000
0000
0000
00f0
ff1f
0000
0000
0000
00f0
0000
0000
0000
0000
ff1f
0000
0000
0000
0000
0000
0000
0000
0000
0000
0000
0000
0000
0000
0000
0000
0000
f8ff
ffcf
0000
0000
ff1f
0000
ff00
0000
00f0
0000
ffef
0000
0000
ff3f
0000
0000
0000
0000
0000
0000
0000
0000
0000
0000
0f00
0000
0000
ecdf
f4ff
0000
0000
ff1f
0000
0f00
0000
00f1
0000
f1ff
0000
0000
0000
0000
0000
0000
0000
0000
0000
0000
0000
0000
0000
0000
0000
0000
0000
f1ff
0000
0000
0000
0000
0f00
0000
0000
0000
f1ff
0000
0000
0000
0000
0000
0000
0000
0000
0000
0000
0000
0000
00f1
0000
0000
0000
0000
ff0f
0000
0000
0000
00f1
0000
0000
0000
0000
ff0f
0000
0000
0000
00f1
0000
0000
0000
0000
0000
0000
0000
0000
0000
0f00
0000
0000
0000
f1ff
0000
0000
00f4
0c00
0f00
0000
0000
d1ff
f1ff
0000
0000
f9ff
0000
0000
0000
0000
0000
0000
0000
0000
0000
0000
0f00
0000
0000
0000
f1ff
0000
0000
0000
0000
0f00
0000
0000
0000
f1ff
0000
0000
0000
0000
0000
0000
0000
0000
0000
0000
0000
0000
0000
0000
0000
0000
0000
0000
0000
ecdf
70ff
0040
0f00
ff2f
0010
0000
f1ff
00f1
0000
ffff
0000
0f00
0000
0000
0000
0000
0000
0000
0000
0000
0000
0000
0000
0000
0000
0000
0000
50fe
75fd
0f00
0000
00f0
0000
f1ff
0000
0000
ff1f
0000
0f00
0000
0000
0000
0000
0000
0000
0000
0000
0000
0000
0000
0000
0000
0000
0000
0010
ffff
0300
0000
00f7
0000
10ff
0000
0000
ff1e
0070
0000
0000
0000
0000
0000
0000
0000
0000
0000
0000
0000
0000
0000
0000
0000
0000
0000
ff8f
0f00
0000
00f3
0000
f1ff
0000
0000
ff08
0000
0f00
0000
0000
0000
f1ff
0000
0000
0000
0000
0000
0000
0000
0000
0000
0000
0000
0000
eead
0000
0000
00f0
0000
30ff
0000
0000
ff1f
0000
0a00
0000
00f0
0000
0000
0000
0000
ff1f
0000
0000
0000
0000
0000
0000
0000
0000
0000
0000
0f00
0000
0000
0000
f1ff
0000
0000
0000
0000
0f00
0000
0000
0000
0000
0000
0000
0000
0000
0000
0000
0000
0000
0000
0000
0000
0000
0000
0000
0000
0000
6f00
f4ff
0000
0000
30fe
0000
ef00
0000
0000
ffff
0000
0000
0000
0000
0000
0000
0000
0000
0000
0000
0000
0000
0000
00f0
0000
0000
0000
0000
ff1f
0000
0000
0000
00f0
0000
0000
0000
00d0
0500
0000
0000
0000
0000
0000
0000
0000
0000
0000
0000
0000
0000
0000
0000
0000
00f1
0000
f1ff
0000
0000
ff0f
0000
0e00
0000
00f1
ef58
df03
0000
0000
0000
0000
0000
0000
0000
0000
0000
0000
0000
0000
0000
0000
0000
0040
0700
80ff
0000
0000
00f1
00c0
0000
0000
0000
00fd
0000
0000
0000
0000
0000
0000
0000
0000
0000
0000
0000
0000
0000
0000
0000
0000
0000
ff04
00fe
0000
ff0e
ff7f
0e00
0000
0000
1eff
0050
9f00
0000
0070
0000
0000
0000
0000
0000
0000
0000
0000
0000
0000
0000
0000
0000
0000
2f00
f3ff
0000
0000
0000
ffff
0000
0000
0000
fdff
ffff
0000
0000
0000
0000
0000
0000
0000
0000
0000
0000
0000
0000
0000
0000
0000
0000
0000
00f8
0000
0000
30ff
0000
0000
0000
0000
e1ff
1f00
0000
0000
0000
fcef
0000
0000
0000
0000
0000
0000
0000
0000
0000
0000
0000
0000
0000
ffff
0000
0000
00e2
1e00
0000
0000
0000
0000
ff6f
0000
0000
ffff
0000
0000
0000
0000
0000
0000
0000
0000
0000
1700
0000
0000
0000
0000
ff00
0000
0000
0000
00fa
5902
0000
0000
0000
ff02
0000
0000
0000
20ff
0000
0000
0000
00fd
0000
0000
0000
0000
0000
0000
0000
0000
0000
f1ff
0000
0000
0000
0000
0f00
0000
0000
0000
f1ff
0000
0000
0000
0000
0f00
0000
0000
0000
0000
0000
0000
0000
0000
d708
0000
0000
0000
ff3f
0000
0000
0000
00f1
0000
0000
0000
00f8
ff04
0000
0000
0000
00f1
0000
0000
0000
0000
00b3
0000
0000
0000
0000
0000
0000
0000
0000
0000
0000
0000
0000
0000
0000
0000
0f00
ffff
20ff
0000
0000
0000
0000
0000
0000
0000
0000
0000
0000
0000
0000
0000
0000
0000
0000
0000
0000
0000
0000
0000
0000
0000
0000
0000
0000
0000
0000
0000
0000
0000
0000
0000
0000
0000
0000
0000
0000
0000
0000
0000
0000
0000
0000
0000
0000
0000
0000
0000
0000
0000
0000
0000
0000
0000
0000
0000
0000
0f00
0000
0000
0000
00ff
0000
0000
0000
0000
0000
0000
0000
0000
0000
0000
00ff
0000
0000
0f00
0000
0000
0000
0000
0000
0000
0000
0000
0000
0000
0000
0000
0000
1f00
f33f
0000
0000
0800
00f0
0000
20ff
0010
0000
0000
0000
0000
0000
2600
80ff
0000
0e00
0010
0000
0000
0060
fd2f
0000
0000
f0ff
0000
0000
0000
0000
0000
af00
f02f
0040
0000
0000
fd0b
00ff
0000
0000
0000
0000
0000
0000
0000
0000
b5fe
0000
0000
b0ff
0000
0000
ff0b
4f00
0000
0000
0000
0000
0000
0000
0000
0000
0000
00e0
0000
0000
0000
0000
0000
0000
0000
0000
0000
0000
0000
0000
0000
af00
0000
0000
3f00
0000
0000
0000
00f1
0000
0000
0100
0000
0000
0000
0000
0000
0000
0200
0000
0000
0000
ff01
0000
0000
0000
0000
0000
0000
0000
0000
0000
0000
0000
0000
0000
ff00
0020
0000
0800
0000
0000
0000
0000
0000
0000
0000
0000
0000
0000
0000
0000
0000
6606
ffff
0000
0000
0f00
0000
0000
0000
0000
0000
0000
0000
0000
0000
0000
0000
0000
0000
0000
0000
0000
ff00
0000
0000
0000
0000
0000
0000
0000
0000
0000
0000
6666
0000
0000
0000
0000
0000
0000
0000
0000
0000
0000
0000
0000
0000
0000
0000
0000
0000
0000
0000
0000
0000
0000
0000
0000
0000
0000
0000
0000
0000
0000
0000
0000
0000
0000
00a0
0000
0000
0000
0000
0000
0000
0000
00f6
0000
ef00
0000
0000
0000
00f1
f79f
0000
0000
0000
0000
0000
0000
0000
0000
0800
f0ff
0000
0000
0000
0000
0000
0000
f0ff
0000
0000
0000
0000
0000
0000
c8fe
0000
0000
0000
00fc
0000
0000
0060
0000
0000
0000
0000
0000
0000
0000
0000
0000
10fc
f0ff
0000
0000
0200
0000
0000
faff
0040
0000
0000
0000
0000
0000
0000
00f0
0000
0000
ff00
0000
0000
ffff
00f0
0000
0000
0000
0000
0000
0000
0000
0000
0900
0000
0000
0000
0091
e0ff
0000
7f00
ffff
0000
0000
0000
0000
0000
0000
eddf
0000
0000
00f0
40ff
0000
ef00
0000
0000
0000
0000
0000
0000
0000
0000
0000
0000
0000
00f9
0000
0000
00fe
0000
0000
ff00
0000
0000
0000
0000
0000
0000
0000
40fe
0000
0d00
2931
0000
0000
00f0
fb6f
0000
0000
0000
0000
0000
0000
0000
0000
7f00
0800
0000
0000
96ff
f0ff
0000
0200
fdff
0000
0000
0000
0000
0000
0000
0000
0000
0000
00f0
0000
0000
0000
0000
0000
0000
0000
0000
0000
0000
0000
0000
0000
0000
0000
0000
0000
0000
0000
0000
00f0
0000
0000
0000
0000
0000
0000
0000
0000
0000
0000
ff4b
0000
0000
ffff
00f6
0000
0000
0000
0000
0000
0000
0000
0000
0000
0000
0000
0000
0000
6066
0000
0000
0000
0000
0000
0000
0000
0000
0000
0000
0000
0000
0030
0000
0000
0000
d6ff
0000
0000
0000
0000
0000
0000
0000
0000
0000
00a0
00fe
0000
0000
00f6
0000
0000
ff0f
0000
0000
0000
0000
0000
0000
0000
ffff
f8cf
0300
6f00
f80c
d01f
0040
0000
df67
0200
00d5
e5ff
0000
0000
0000
0000
0000
effc
0000
0000
f38f
fe8f
0000
ff01
0000
0000
0000
0000
0000
0000
0000
edff
0010
0000
00f0
70ff
0000
ff00
0000
00f6
0000
0000
0000
0000
0000
0000
0000
0000
f6ff
0400
0000
ff00
0000
3033
0000
ff7f
40d9
0000
0000
0000
0000
0000
0000
faff
0000
0f00
0000
ff0f
0000
00ff
0b00
0000
0000
0000
0000
0000
0000
0000
0000
ff00
0000
0000
0000
66f6
0000
0000
ff00
ffff
0000
0000
0000
0000
0000
0000
ffff
0000
0000
00f0
3066
0000
ff00
0000
0000
0000
0000
0000
0000
0000
0000
0000
0000
f6ff
0300
0000
ff00
3f00
f0ff
0000
ff7f
94ec
0000
0000
0000
0000
0000
0000
0000
0000
0f00
0000
ffff
0000
00ff
0000
0000
0000
0000
0000
0000
0000
0000
0000
0f00
0000
0000
0000
00ff
0000
0000
0f00
0000
0000
0000
0000
0000
0000
0000
0f00
0000
0000
0000
00ff
0000
0000
2f00
0000
0000
0000
0000
0000
0000
0000
0000
0000
00f0
00f9
0000
ff00
f4ff
0000
0000
00f0
4f00
0000
0000
0000
0000
0000
0000
0000
0000
0f00
0000
0000
0000
00ff
0000
0000
0000
0000
0000
0000
0000
0000
0000
ff00
0000
ff05
0000
04f0
2f00
ff0f
ff00
0900
0000
0000
0000
0000
0000
0000
0000
ff0f
0000
07ff
0030
0000
0f00
0000
ffff
0000
0000
0000
0000
0000
0000
0000
0000
f7ff
0000
0000
ff00
0000
fd2f
0000
ff6f
50da
0000
0000
0000
0000
0000
0000
f8ff
0000
ff00
0000
00a0
0000
00f0
0000
0000
0000
0000
0000
0000
0000
0000
0000
0000
0000
f96f
0000
00f0
0000
0000
0400
ffff
ef04
0000
0000
0000
0000
0000
edff
0010
0000
00f0
fbaf
0000
ff00
0000
00f0
0000
0000
0000
0000
0000
0000
0000
0000
d2ff
2f00
0000
0000
4800
00fb
0000
feff
20b8
0000
0000
0000
0000
0000
0000
ffff
0000
0000
f0ff
0000
0000
0000
0000
0000
0000
0000
0000
0000
0000
0000
0000
ff00
0000
f0ff
0000
00f0
0000
0000
0d00
ffff
0000
0000
0000
0000
0000
0000
0000
50ff
0000
30ff
fb4f
0000
0000
bff5
0000
0000
0000
0000
0000
0000
0000
0000
10ff
0080
fffa
ff0b
0e00
f57f
b4ff
0000
ff0b
0000
0000
0000
0000
0000
0000
0000
df01
0000
0000
fffc
0000
0000
ff0c
fc8f
0000
0000
0000
0000
0000
0000
0000
0000
ff04
0000
0000
0000
6f00
0000
0000
0000
f0ff
0000
0000
0000
0000
0000
0000
ffff
0000
0000
0000
0000
0000
0000
0000
0000
0000
0000
0000
0000
0000
0000
0000
0000
00f0
0000
0000
ff00
0000
0000
0000
00f0
0000
0000
ff00
0000
0000
0000
0000
0000
0000
0e00
0000
0000
0000
9f00
0000
0000
0000
8802
0000
0000
0000
0000
0000
0000
0000
0000
0000
f0ff
0000
0000
0000
0000
0000
0000
0000
0000
0000
0000
0000
0000
0000
02f1
0000
0000
0000
0000
0000
0000
0000
0000
0000
0000
0000
0000
0000
0000
0000
0000
0000
0000
0000
0000
0000
6066
0000
0000
0000
0000
0000
00e2
0000
0000
0000
0000
0000
0000
0000
0000
0000
0000
0000
0000
0000
0000
0000
0000
0000
0000
0000
0000
2400
f0ff
0000
cf00
c1ff
0000
0000
0000
0000
0000
ff00
0000
0000
0000
e9ff
f4df
0000
ff00
0000
0000
0000
0000
0000
0000
0000
0000
0000
0000
0000
0000
0000
ff0a
0000
0000
0000
c7ff
0000
0000
0000
0000
0000
0000
0000
f0ff
0000
0700
2c00
0000
0000
0010
f0ff
0000
0000
0000
0000
0000
0000
0000
0000
0000
0000
0000
0000
6676
f0ff
0000
cf00
ffff
0000
0000
0000
0000
0000
0000
7196
0000
0000
f6ff
0000
0000
0000
0000
0000
0000
0000
0000
0000
0000
0000
0000
0000
0000
ff07
0000
9f00
0000
0000
0000
fbff
ff0f
0000
0200
0000
0000
0000
00f0
0000
0000
ff00
1b00
0000
0000
00f0
f0ff
0000
0000
0000
0000
0000
0000
0000
0000
0000
0000
0000
0000
00f0
0000
0000
ff00
0000
0000
0000
0000
0000
0000
0000
0000
0000
0000
f0ff
0000
0000
0000
0000
0000
0000
e0ff
0000
0000
0000
0000
0000
0000
00f0
a0ff
0000
ff00
00fb
0000
0000
00f0
f3ff
0000
0000
0000
0000
0000
00f0
0000
0000
ff00
0000
0000
0000
00f0
0000
0000
0000
0000
0000
0000
0000
0000
0000
0000
0000
ffff
0070
00f0
f0ff
ff00
ff00
0000
0000
0000
0000
0000
0000
0000
0000
0000
0000
e8ed
c0ff
0000
ff00
0000
0000
0000
0000
0000
0000
0000
0000
0000
0000
0000
0000
0000
ff09
0000
0000
0000
d7ff
0000
0000
0000
0000
0000
0000
0000
0000
0000
ff00
0a00
0000
0000
00f0
f7cf
0000
ff00
0000
0000
0000
0000
0000
0000
0000
0000
0000
0000
0030
f0ff
0000
ff02
f9ff
0000
0000
0000
0000
0000
0000
0000
0000
0000
c7ef
0000
0000
ff00
0000
0000
0000
0000
0000
0000
0000
0000
0000
0000
0000
0010
0000
ef00
40c8
0000
0000
d8ff
0020
0000
0000
0000
0000
0000
0000
0000
0000
ff0f
0000
0000
0000
f0ff
0000
0000
0000
0000
0000
0000
0000
0000
0000
0000
0000
0000
0000
00f0
f0ff
0000
7f00
e3ff
0000
0000
0000
0000
0000
0000
0000
0000
0000
0080
00f7
0000
0000
e19f
0000
0000
0000
0000
0000
0000
0000
0000
0000
0000
00f1
10ff
cf00
b0cf
ff08
0000
ff4f
0900
0000
0000
0000
0000
0000
0000
0000
0000
ff03
ff0b
0000
0000
fe3f
0010
0000
0000
0000
0000
0000
0000
0000
0000
0000
0000
0000
0000
00fd
0010
0000
0000
00f7
0000
0000
00d7
0000
0000
0000
0000
0000
0000
6666
0030
0000
0000
0000
0000
0000
0000
0000
0000
0000
0000
0000
0000
f2ef
0000
0000
0a00
0000
0000
0000
f0ff
0000
0000
0000
0000
0000
0000
0000
0000
0000
ff00
0000
0000
0000
00f0
0000
0000
ff00
0000
0000
0000
0000
0000
0000
0500
0000
0000
0000
ff1d
0000
0000
0000
0000
0000
0000
0000
0000
0000
0000
0000
0000
0000
0000
0000
0000
ef00
0000
0000
0000
0000
0000
0000
0000
0000
0000
0000
0000
0000
0000
0000
0000
0000
0000
0000
0000
0000
0000
0000
0000
0000
0000
0000
0000
0000
0000
0000
0000
0000
0000
ff00
0000
0000
0000
0000
0000
0000
0000
0000
0000
5ff5
b00f
0000
0000
0000
0000
0000
0000
0000
0000
f604
ffff
0000
0f00
0000
0000
0000
0000
0000
fdff
0000
c5ff
0000
ef00
0000
0000
0000
0000
0000
0000
6d40
5e50
4e00
4e00
0000
0000
0000
0000
0000
0000
0040
0000
ff06
0060
0000
0000
0000
0000
0000
0000
0000
0000
0000
0000
0000
0000
0000
0000
0000
0000
0000
0000
0000
0000
00f3
0000
0000
f908
0000
0000
0000
0000
0000
0000
0000
0000
0000
0000
0000
2e00
0000
0000
0000
0000
0000
0000
0000
ff05
0500
cc0c
0000
0000
0000
0000
0000
0000
0000
0000
0000
0000
0000
0f00
0000
0000
0000
0000
0000
0000
0000
ffff
0000
0000
0000
0000
0000
0000
0000
0000
0000
0000
0000
0000
0000
0000
0000
0000
0000
0000
0000
0000
0000
0000
0000
0000
0000
0000
0000
0000
0000
00f9
00a3
0000
0000
0000
6d00
0000
0000
0000
0000
0000
0000
0000
0000
0000
ff09
ef00
0000
0000
0000
0000
0000
0000
0000
0000
0160
0000
0000
0000
0000
0000
0000
0000
0000
50ff
fffd
20ef
50bf
ff0f
0000
0000
0000
0000
0000
00c8
0000
ffde
0000
80df
0100
0000
0000
0000
0000
0000
0000
ff08
0000
10fb
0000
0000
0000
0000
0000
0000
0000
0000
0000
00f0
0000
0000
0000
0000
0000
0000
0000
0000
00fc
00b5
0000
0000
0000
0300
0a00
0000
0000
0000
0000
0000
0000
0000
0000
0000
ff00
0000
0000
0000
0000
0000
0000
0000
0000
0000
40cc
0000
0000
0000
0000
0000
0000
0000
0000
0000
1800
e8ff
1700
0000
0000
0000
0000
0000
0000
0000
0000
cccc
0000
0000
0000
0000
0000
0000
0000
0000
00c5
ef28
10d6
0000
0000
0000
0000
0000
0000
0000
0000
0000
00f0
0000
0000
0000
0000
0000
907f
0350
109f
dd00
a2ee
10e6
0000
0000
0000
0000
0000
0000
0000
00fc
0000
0000
0000
0000
dcff
ff00
0000
0000
0000
0000
0000
0000
0000
0000
00f6
00f7
f50f
0d00
0000
0000
0000
0000
0000
71eb
0000
0050
50ff
ff00
0000
0000
0000
0000
0000
60cc
0000
cccc
0050
50ff
ff00
0000
0000
0000
0000
0000
0000
f8ff
0000
0050
0000
0000
0000
0000
0000
0000
0000
ffff
0500
defd
0000
0000
0000
0000
0000
0000
00f0
f05f
5f00
0000
0000
0000
0000
ff00
0000
0000
0000
0000
0000
0000
0000
0000
0000
0000
0000
0000
0000
0000
0000
0000
0000
0000
0000
0050
50ff
ff00
0000
0000
0000
0000
0000
0000
0000
0000
0050
50ff
ff00
0000
0000
0000
0000
0000
0000
0000
10fe
0d50
50ff
ff00
0000
0000
0000
0000
f05f
5f00
00fb
0c00
0050
0000
0000
0000
0000
0000
0020
e05f
5f00
0000
dffd
0000
0000
0000
0000
0000
0000
0000
0000
0000
0000
0000
0000
0000
0000
0200
0000
0000
00c0
00fa
0800
0000
0000
0000
dcff
ff00
0000
0000
0000
0020
0000
0000
0000
0000
00d3
40ff
0100
0000
0000
0000
0000
0000
0000
ffff
f05f
5f00
0000
0000
0000
0000
0000
0000
0000
5f00
0000
0000
0050
e18f
0000
0000
0000
0000
0000
10fe
d08f
fb09
9fc0
ff05
0000
0000
0000
0000
ff06
1f00
00f4
ff02
0000
00f1
0000
0000
0000
0000
0000
0000
0000
0000
40ff
0800
0000
0000
0000
e19f
0100
0000
0000
0000
0000
0000
0000
0000
0000
cccc
0000
0000
0000
0000
0000
0000
0000
0000
0060
0050
50ff
ff00
0000
0000
0000
0000
0000
0000
0000
0000
00f2
df00
0000
0000
0000
0000
0000
0000
0000
0000
0000
00f5
f50f
0f00
0c00
0000
0000
0000
0000
0000
0081
0000
0000
0000
0000
0000
0000
0000
0000
0000
0000
0000
0000
ffff
0000
0000
0900
0000
0000
0000
0000
0000
0000
0000
0000
0000
0000
0000
0000
0000
0000
0000
0000
0000
0000
0000
50ff
ff00
0000
0000
0000
0000
0000
0000
0000
0000
0000
fe4f
f80c
0e00
0000
0000
0000
0000
0000
ff05
0500
00b1
00f7
f80d
0000
0000
0000
0000
0000
0000
0091
4f00
cccc
10fe
0200
0000
0000
0000
0000
0000
0000
0000
0000
00f5
0000
0000
0000
0000
0000
0000
0000
00ff
ff05
fdde
0000
ce28
0000
0000
0000
0000
0000
0050
50ff
ff00
0000
0000
0000
cc00
0000
0000
0000
0000
0000
0000
0000
0000
0000
0000
0f00
0000
0000
0000
0000
0000
0000
0000
0000
0050
50ff
ff00
0000
0000
0000
0000
0000
0000
0000
0000
0050
50ff
ff00
0000
0000
0000
0000
0000
0000
30eb
0900
0050
50ff
ff00
0000
0000
0000
0000
0000
00f6
ff01
0000
0050
0000
0000
0000
0000
0000
0000
0000
40ff
ff04
ffde
0000
0000
0000
0000
0000
0000
0000
00f0
90ef
50eb
0000
0000
0000
0000
0000
0000
0000
0000
0000
00f5
f50f
0000
0000
0000
ff00
0000
0000
0000
0000
0000
0000
0000
0000
0000
fe6f
ff03
0000
0000
0000
0000
0000
0000
0000
0000
00f5
f50f
0f00
0000
0000
0000
0000
0000
0000
ff00
0000
0050
80cf
0100
0000
0000
0000
0000
0000
00f2
10ff
e11f
feaf
0000
0000
0000
0000
0000
0000
6f00
02fa
6f00
0080
0000
0000
0000
0000
0000
0000
0000
0000
0000
f37f
0000
0000
0000
0000
0000
0000
0000
0000
0000
0000
0000
0000
0000
0000
ff0f
0000
0000
0000
0000
0000
0000
0000
00f8
00f7
f50f
bf01
0300
0000
0000
0000
0000
0000
0000
0000
0050
50ff
ff00
0000
0000
0000
0000
0000
0000
0000
0000
ff7f
f50f
0f00
0300
0000
0000
0000
0000
0000
0000
6d00
0000
0000
0000
0000
0000
0000
0000
0000
0000
0000
0000
0000
0000
0000
0000
0000
0000
0000
0000
0000
0000
0000
0000
ff00
0000
0000
0000
0000
0000
0000
0000
0000
0000
0000
0000
0000
ffff
0000
f504
0000
0000
0000
0000
10ef
0000
0300
0000
0000
0000
0000
f20e
0000
7a00
00d7
0000
0000
50ec
0000
0000
f20e
d18f
0000
0000
0000
0000
0000
0000
0000
0000
0000
f408
0000
0000
0000
0000
0000
0000
f904
0000
fe01
0000
00b0
0000
0000
0000
0000
8d04
0000
0000
0000
0000
0000
00f0
0000
0000
0000
0000
0000
0000
0000
0000
0000
0f00
0000
0000
0000
0000
0000
0000
0000
0000
0000
0000
0000
0000
0000
0000
0000
0000
0000
0000
0000
ae00
0000
0000
0000
0000
0000
0f00
0e00
00fa
0000
0000
0000
0000
f00f
0000
00f0
0000
0000
0000
00b0
0000
0000
88d8
0000
0000
0000
00fc
0000
0000
c9df
0000
0000
0000
f0ff
0000
00f0
0000
0000
0000
0000
00c0
0000
1f00
0000
0000
0000
0000
20fe
0000
0100
0000
0000
0000
0000
0000
0000
8f00
0000
0000
0000
0000
0b00
00f9
f60b
00a0
0000
0000
0000
0000
ff00
0000
00f6
0000
0000
0000
0000
0000
0000
0000
0000
0000
0000
0000
0088
0000
0000
0000
0000
0000
0000
0000
0000
0200
0000
0000
0000
0000
0000
0000
0000
0000
0000
0000
0000
0000
c5ff
0e00
0000
0000
0000
a9ff
0000
d17f
0000
0000
0000
0000
0000
0085
00f1
00d0
00c1
0000
0000
0000
00f2
3f00
00f9
0000
0000
0000
0000
0100
0000
2f00
0000
0000
0000
0000
0000
0000
0400
0000
0000
0000
0000
00ff
00f0
0000
0000
0000
0000
f0ff
ff00
0000
00ff
0000
0000
0000
ffff
0000
80ff
ff00
0000
0000
0000
fe9d
0000
8828
0800
20d9
0000
0000
00ff
00f0
ffff
0000
0000
0000
0000
ff00
0000
00ff
0000
0000
0000
0000
0000
00ff
0000
0000
ef2a
0000
0000
0000
ef01
0000
00fa
ff00
0000
0000
0000
0000
0000
0000
0000
0000
0000
0000
dfff
0ffc
1e00
f00f
0000
0000
0000
ff00
f00f
00ff
00f0
0000
0000
0000
0700
0f00
f40c
00d2
0000
0000
0000
0000
0100
0000
0000
0000
0000
0000
0000
0000
0000
df99
0000
0000
0000
00fa
00ff
0000
0000
0000
0000
0000
80cf
df01
00a0
eabf
0000
0000
0000
00ff
0000
0000
0000
0000
0000
0000
0000
0000
0000
0000
0000
0000
0000
00f4
0000
07fb
0000
0000
0000
0000
f21f
00f8
b95f
a0ff
0000
0000
0000
0000
00e2
0000
00e2
0000
0000
0000
0000
df10
0000
0000
0000
0000
0000
0000
cf00
0000
0000
0000
0000
8808
0000
00f0
0000
0000
0000
0000
0000
0000
7f00
0000
0b00
0000
0000
0000
0000
0000
0000
0f00
0000
0000
0000
00fb
0000
0000
0000
0000
0000
0000
0000
0000
0000
0000
8888
0000
0000
0600
0000
0000
0000
0000
0000
0000
0000
0040
0300
0000
0000
0000
0000
0000
10ea
0f00
00fd
0000
0000
0000
0000
eacf
0000
9900
0000
0000
0000
0000
ee19
0000
0000
0000
0000
0000
0000
0600
0000
00f6
0000
0000
0000
0097
0f00
0000
0f00
0000
0000
0000
0000
0000
ff00
0c00
00ff
5b00
0000
00f0
0000
0100
0000
ff00
0000
0000
8800
0000
00ff
0000
0000
0000
0000
0000
0000
0f00
0000
f00f
0000
0000
0000
0000
0f00
0000
f00f
0000
0000
0000
0000
0000
0000
0000
0000
0000
0000
0000
8f00
0000
f00f
0000
0000
0000
0000
0000
00f0
0000
0000
0000
0000
0000
40df
f20e
0000
0000
0000
0000
0000
f61c
0f00
00d1
f00f
0000
0000
0000
0400
0000
ffae
0000
0000
0000
0000
00f5
0000
0000
0000
0000
0000
0000
f40d
0000
b8ff
0000
0000
0000
0000
0000
0000
0b00
0000
0000
0000
0000
0000
ff00
0400
0000
0000
0000
0000
0000
af60
0000
0000
0000
0000
0000
1f00
0aee
00d0
0000
0000
0000
0000
00d1
0100
0000
0000
0000
0000
0000
fa07
0000
0000
0900
0000
0000
0000
bf88
0000
0000
0000
0000
0000
0000
f00f
0000
00f0
0000
0000
0000
0000
f00f
0000
00f0
0000
0000
0000
0000
0000
0000
0f00
0000
0000
0000
0000
0000
00e5
0000
0000
0000
0000
0000
0000
0000
0000
0000
0000
0000
0000
0000
0000
0000
0000
0000
0000
0000
0000
0000
0000
0000
0000
0000
0000
0000
0000
0000
0000
0000
0000
0000
0000
0000
0000
0000
0000
0000
0000
0000
0000
0000
0000
0000
0000
0000
0000
0000
0000
0000
0000
0000
0000
0000
0000
0000
0000
0000
0000
0000
0000
0000
0000
0000
0000
0000
0000
0000
0000
0000
0000
0000
0000
0000
0000
0000
0000
0000
0000
0000
0000
0000
0000
0000
0000
0000
0000
0000
0000
0000
0000
0000
0000
0000
0000
0000
0000
0000
0000
0000
0000
0000
0000
0000
0000
0000
0000
0000
0000
0000
0000
0000
0000
0000
0000
0000
0000
0000
0000
0000
0000
0000
0000
0000
0000
0000
0000
0000
0000
0000
0000
0000
0000
0000
0000
0000
0000
0000
0000
0000
0000
0000
0000
0000
0000
0000
0000
0000
0000
0000
0000
0000
0000
0000
0000
0000
0000
0000
0000
0000
0000
0000
0000
0000
0000
0000
0000
0000
0000
0000
00a0
001e
00e3
0000
0000
0000
0000
0000
0000
0000
0000
0000
0000
0000
0000
0000
0000
0000
0000
0000
0000
0000
0000
0000
0000
0000
0000
0000
0000
0000
0000
0000
0000
0000
0000
0000
0000
0000
0000
0000
0000
0000
0000
0000
0000
0000
0000
0000
0000
0000
0000
0000
0000
0000
0000
0000
0000
0000
0000
0000
0000
0000
0000
0000
0000
00f0
00f0
00f0
0000
0000
0000
0000
0000
0000
0000
0000
0000
0000
0000
0000
0000
0000
0000
0000
0000
0000
0000
0000
0000
0000
0000
0000
0000
0000
0000
0000
0000
0000
0000
0000
0000
0000
0000
0000
0000
0000
0000
0000
0000
0000
0000
0000
0000
0000
0000
00fb
00b0
0000
0000
0000
0000
0000
0000
0000
0000
0000
0000
0000
0000
0000
0000
0000
0000
0000
0000
0000
0000
0000
0000
0000
0000
0000
0000
0000
0000
0000
0000
0000
0000
0000
0000
0000
0000
0000
0000
0000
0000
0000
0000
0000
0000
0000
0000
0000
0000
0000
0000
0000
0000
0000
0000
0000
0000
0000
0000
0000
0000
0000
0000
0000
0000
0000
0000
0000
0000
0000
0000
0000
0000
0000
0000
0000
0000
0000
0000
0000
0000
0000
0000
0000
0000
0000
0000
0000
0000
0000
0000
0000
0000
0000
0000
0000
0000
0000
0000
0000
0000
0000
0000
0000
0000
0000
0000
0000
0000
0000
00f5
00f5
0000
0000
0000
0000
0000
0000
0000
0000
0000
0000
0000
0000
0000
0000
0000
0000
0000
0000
0000
0000
0000
0000
0000
0000
0000
0000
0000
0000
0000
0000
0000
0000
0000
0000
0000
0000
0000
0000
0000
0000
0000
0000
0000
0000
0000
0000
0000
0000
0000
0000
0000
0000
0000
0000
0000
0000
0000
0000
0000
0000
0000
0000
0000
0000
0000
0000
0000
0000
0000
0000
0000
0000
0000
0000
0000
0000
0000
0000
0000
0000
0000
0000
0000
0000
0000
0000
0000
0000
0000
0000
0000
0000
0000
0000
0000
0000
0000
0000
105f
0000
0000
0000
f0ff
3d02
0000
fedf
0000
80ef
0000
00a3
0b00
0000
3ae8
0000
6dec
0000
0000
0000
0000
00e2
0000
0000
6600
0000
6e00
0000
0000
0000
0000
0000
0000
0400
0000
0000
0000
0000
0000
0000
0000
0000
0000
0000
0000
0000
0000
500c
0000
4ec3
0000
00e8
0000
0000
0400
0000
3cc4
0000
f1ff
0000
00f0
202d
0000
5f00
0000
f104
0000
0000
203f
0000
25e5
0000
00e8
0000
0020
2f00
0000
4dc3
0000
10ea
0000
00f0
0000
0000
0000
0000
0000
0000
0000
0000
0000
0000
0000
1000
0000
0000
2202
0000
0000
0000
0000
0000
0000
1400
0000
a43e
005f
938e
0000
0020
830d
0000
4d32
0000
91fe
0000
0028
800d
0000
3b32
0000
20ea
0000
0000
104f
0000
2232
0000
0000
0000
003a
800e
0000
0010
0000
4f00
0000
0000
f104
0000
0400
0000
10d8
0000
0000
104f
0000
0010
0000
e0ff
0000
bf0b
104f
0000
00d0
0000
8f00
0000
e006
900d
0000
2532
0000
0000
0000
e006
900d
0000
2532
0000
1f00
0000
0014
402f
0000
5f22
0000
104f
0000
104f
501f
0000
0010
0000
00f3
0000
05b8
df00
0000
01e1
0000
6f00
0000
00d0
0400
0000
2322
0000
ffff
4f00
0000
104f
0000
0010
0000
00e5
8f00
0000
f104
0000
00fe
0000
0000
0000
0000
0000
0000
00e1
0000
0000
0000
0020
203f
0000
0010
0000
10ea
0000
0010
501f
0000
0400
0000
f1d5
0000
0010
501f
0000
21f7
0000
0000
0000
00f1
402f
0000
0010
0000
f104
0000
0000
104f
0000
0020
0000
0000
0000
0040
144f
0000
0010
0000
0000
0000
d36e
104f
0000
0000
0000
f104
0000
0000
501f
0000
0000
0000
10ea
0000
00f1
402f
0000
0000
0000
0000
0000
0000
1028
0000
00f1
0000
00d0
0000
00f1
202f
0000
0000
0000
0040
0000
4f00
ec03
0000
0000
0000
602f
0000
00a0
db00
0000
0000
0000
f0ff
0000
0000
f105
0000
0010
0000
0000
3200
0000
f203
0000
0000
0000
0000
0000
0000
0000
0000
0000
0000
0000
0000
0000
0000
0000
0000
0000
0000
0000
0000
0000
0000
0000
0000
0000
0000
0000
0000
0000
0000
0000
0000
0018
0080
e060
0000
0000
0000
0000
0000
0000
0000
0000
0000
0000
0000
0000
0000
0000
0000
0000
0000
0000
0000
0000
0000
0000
0000
0000
0000
0000
0000
0000
0000
0000
0000
0000
0000
0000
0000
0000
0000
0000
0000
0000
0000
0000
0000
0000
0000
0000
0000
0000
0000
0000
0000
0000
0000
0000
0000
0000
0000
0000
0000
0000
0000
0000
0000
0000
0000
0000
0000
0000
0000
0000
0000
0000
0000
0000
0000
0000
0000
0000
0000
0000
0000
0000
0000
0000
0000
0000
0000
0000
0000
0000
0000
0000
0000
0000
0000
0000
0000
0000
0000
0000
0000
0000
0000
0000
0000
0000
0000
0000
0000
00c0
0000
0000
0000
0000
0000
0000
0000
0000
0000
0000
0000
0000
0000
0000
0000
0000
7800
1c38
0000
0000
0000
0000
00e0
0000
0000
00c0
0080
0070
0000
0000
0038
0000
00f0
0000
0000
0070
0038
0080
0000
00e0
0000
0000
0000
0000
0000
0080
0000
0000
0000
003c
00fe
00fe
0000
0000
0038
0038
0038
0000
0000
0000
0000
0000
0000
0000
0000
0000
0000
0000
0000
0000
00f0
0000
0000
0000
0000
0080
0000
000f
0077
0087
0000
0000
0038
0038
00f8
0000
0000
003c
0007
00f8
0000
0000
0070
0000
0000
0000
00c0
0007
000f
0006
0000
00f0
00f0
0078
0000
0000
00e0
00c0
00e0
0000
0000
0000
0000
0000
0000
0038
0038
0038
0000
0000
00e0
0080
0000
0000
0000
78e0
e038
800f
0000
0000
0000
0000
00f0
0000
00f0
0000
0000
0000
0000
00c0
0000
0000
0000
0000
0000
0000
0000
0000
0000
0000
0000
0000
0000
0000
0000
0000
0000
0000
0000
0000
0000
0000
0000
0000
0000
0000
00c0
0000
0000
0000
0000
0000
0000
0000
0000
0000
0000
0000
0000
0080
0000
0000
0000
0000
0000
0000
0000
0000
0000
0000
0000
0000
0000
0000
0000
0000
0000
0000
0000
0000
0000
0000
0000
0000
0000
0000
0000
0000
0000
0000
0000
0000
0000
0000
0000
0000
0000
0000
0000
0000
0000
0000
0000
0000
0000
0000
0000
0000
0000
0000
00ff
8003
0000
0000
0000
0000
0000
0000
0000
0000
0000
0000
0000
0000
0000
0080
0000
0000
0000
0000
0000
0000
0000
0000
0000
0000
0000
0000
0000
0000
0000
0000
0000
0000
0000
0000
0000
0000
0000
0000
0000
0000
0000
0000
0000
0000
0000
0000
0038
00e0
0000
0000
0000
0000
0000
0000
0000
0000
0000
0000
0000
0000
0000
0000
0000
0000
0000
0000
0000
0000
0000
0000
0000
0000
0000
0000
0000
0000
0000
0000
0000
0000
0000
0000
0000
0000
0000
0000
0000
0000
0000
0000
0000
0030
0000
0000
0000
0000
00c0
0000
3300
0030
0000
6100
e007
0000
0f00
0000
0030
0000
0000
0018
3000
0000
000c
1800
0000
0000
0000
0000
0003
0000
0000
0030
0000
0000
0000
0000
0000
0000
1800
0000
0000
6000
0080
0000
0300
0000
e030
3800
0000
6060
3f00
0000
c018
0000
00e0
3000
0000
0030
7070
0000
0080
0018
0000
00e0
0000
3800
0030
0000
3000
0000
0000
0000
0000
0000
7000
0000
0000
0000
0000
0078
0000
0000
0006
0000
78c0
8331
0000
0030
0360
0000
00f8
0000
0f00
0000
0000
3000
0003
0000
3000
00fc
0000
3000
0000
1e1e
7080
0000
0330
3000
0000
0018
0000
0060
6000
0000
0038
1c18
0000
0000
f83f
0000
6006
0000
3c00
0073
0000
7000
0007
0000
3f00
0000
f003
6080
0000
0630
3000
0000
0038
1f00
0000
8001
0000
0003
0330
0000
000e
6003
0000
30cc
0106
6000
00e0
0000
3800
0080
0000
0000
0000
0000
3000
0000
0040
0800
0000
0018
1800
0000
6060
0000
0000
0000
0000
0000
0000
0000
0080
e071
0000
0030
0000
0000
0000
0000
0000
0030
0000
3800
00e0
0000
1800
0000
0000
6000
0080
8033
3000
0000
0030
0000
0000
0030
f000
0000
c031
0000
0000
0030
0000
c060
0000
0000
0030
0000
0f00
0060
0000
3800
00c0
0000
6000
0030
0000
3000
0000
c03f
3f00
0000
0018
0000
0000
3030
0000
0000
800d
0000
80e1
0c0c
0000
0000
0000
0000
0080
0000
7f00
0000
0000
1800
0000
0020
2000
0000
0018
1800
0000
0000
0000
0000
0000
0000
0000
0000
3000
0000
00d8
0000
0000
0024
1f00
00c0
0000
0600
0000
c061
0000
0000
0000
c000
0000
0018
0000
0000
0000
0c00
0000
0000
0000
0000
0000
0000
0000
0030
0000
0000
0000
3e00
0000
007f
7f00
0000
003f
0300
0000
0000
6300
0000
8061
0000
0000
0000
6100
0000
801d
0000
0000
0000
0000
0000
8007
0000
0000
0000
6000
0000
0007
0000
0003
001c
0f00
0030
e060
7f00
00f0
f01f
7f00
0070
f03f
3000
0000
0030
0000
000c
0000
6000
0000
0030
0000
0000
0000
3f00
0000
0060
0000
001e
0000
6600
0000
1c70
0000
0030
0000
3000
00d8
7060
6000
00c0
c03f
7f00
0000
3060
3000
0000
8019
0000
0036
0000
1800
0000
0006
0000
0000
0000
c000
0000
0030
0000
0000
00f0
6300
0000
0000
0000
0000
0000
0000
00c0
0060
6f00
0000
803f
0000
00c0
0000
7100
0000
0030
0000
00c0
0000
6100
0000
0060
0000
0000
0000
7800
0000
0060
0000
00fe
0000
7f00
0000
001f
0000
0000
0060
0000
00c0
0000
6000
0000
007e
3000
0000
0000
6300
0000
0012
0000
00b0
0000
0c00
0000
0033
0000
0000
0000
c000
0000
0060
6000
0000
0060
0000
0000
0000
0000
0000
0020
0000
0000
0048
000a
0089
0000
0000
0000
0040
0020
0000
0000
0008
0000
0000
0000
0000
0080
0041
0014
0000
0000
001c
0084
0020
0000
0000
0020
0041
0041
0000
0000
0020
0080
0000
0000
0000
0008
4448
0012
0000
0000
8007
2040
0040
0000
0000
2007
4040
0040
0000
0000
8040
0040
5050
0000
0000
0007
0020
2020
0000
0000
001f
0008
4040
0000
0000
2008
0012
0011
0000
0000
0040
0020
0020
0000
0000
0000
0000
003e
0000
0000
001c
0041
001c
0000
0000
001d
0041
0040
0000
0080
0082
0040
702e
0000
0000
001c
0041
001d
0000
0000
003c
0020
0041
0000
0000
0011
0010
0082
0000
0000
0020
0040
0020
0000
0000
0000
0000
0020
0000
0028
0050
0072
0024
0040
0010
0000
0000
0000
0000
0080
0000
0040
0080
0042
0008
0010
001c
0022
0040
0040
0002
003c
0000
0000
0000
0000
0000
0000
0000
0010
c046
007f
0042
0040
8040
0040
0040
c030
8040
0000
0000
0000
0000
0000
0000
8041
8031
0040
4042
0041
000c
0008
8040
0041
0882
8080
0000
0000
0000
0070
0000
0020
0000
0000
0000
0062
0042
0040
0066
003c
0040
0000
0040
0000
0000
0000
0000
0000
0000
0042
0066
0042
0042
0040
0060
0040
0042
0000
0000
0000
0000
0000
0000
0018
0040
0020
0000
0000
0000
0000
0028
0028
0026
0000
0020
0010
0000
0000
0000
0000
0040
0000
0000
0088
0090
0070
0000
0070
0088
0000
0080
0000
0040
0020
003e
0000
0042
0042
007c
0000
0042
0040
0090
0000
0000
0052
0042
0000
0000
0044
0020
003c
0000
0044
0028
0040
0060
0000
0050
0000
0000
0000
0000
0088
0060
0000
0080
0080
0080
0000
0000
00b0
0088
0080
0000
0000
0040
0070
0000
0000
0090
0080
0020
0000
0000
0000
bd81
fefe
e7e7
3c18
4266
cc78
3030
e73c
3efe
6666
c6c6
1818
1818
fe60
fe6c
7c7c
1818
6c6c
180c
0000
0c0c
7e18
fe00
180c
1818
063c
06fc
180c
067e
0000
0000
1818
fec6
c0c0
6878
dec0
1818
7878
c6d6
c6c6
c6c6
0c38
c6c6
d6d6
183c
3030
0c0c
0000
7c0c
c0c6
fec6
cccc
1818
786c
d6fe
c6c6
cccc
60c6
cccc
d6c6
c6c6
1870
180e
c66c
cccc
7c0c
7c0c
6060
fec6
1818
1818
c6c6
3676
c6c6
c6c6
cccc
c6c6
6060
187e
187e
1818
cccc
defe
007c
c0fe
3018
1818
366c
aa55
1818
f818
fe00
f606
f606
fe36
f800
ff18
1f18
ff18
3736
3730
f700
ff00
ff00
ff00
3f36
1f18
ff36
f818
ffff
f0f0
00ff
ccd8
6c6c
d8d8
1818
fec6
663e
dbdb
c6c6
187e
3060
1818
00dc
1800
ec0c
00f8
0000
7eff
7c38
ffc3
c0e6
183c
007e
0000
0000
0000
0076
0000
0030
00fc
0078
0030
0060
00fc
00f0
0078
00c6
00e6
0030
00fe
0000
00dc
00f0
78cc
00cc
00f0
0030
00fc
0000
0078
007e
0078
00c6
00ce
007e
0078
c7c6
0078
0000
0000
0000
eedb
3636
3636
0000
1818
1818
0000
3636
3636
3636
1818
0f0f
00c0
c060
00ee
0038
00fc
0030
0000
0000