0000
6b65
0000
0406
0000
0000
0000
0000
1e1d
3e3d
5e5d
7e7d
9e9d
bebd
dedd
fefd
ffff
ffff
ffff
ffff
020d
0807
0b0a
6151
2726
6867
a6a5
e1da
0404
09c1
4443
8382
b8b7
f4f3
ffff
001a
0000
00bf
0093
0808
0808
0808
0808
0000
0808
0808
0808
0808
0000
0808
0808
0808
0808
0808
0808
0808
0808
0000
0000
0606
0707
0504
002f
0000
0808
0807
0008
0000
0a06
0b08
0804
0000
0000
0a0a
120d
0e0a
0000
0e08
1211
0c0e
0000
0000
0909
1918
1212
0000
0000
0303
0409
0508
0000
040b
0b09
0a07
0000
0000
0c0c
0c0d
0b07
002e
0000
0c0d
0d0a
060f
0000
110e
1311
1008
0000
0000
1818
241b
2015
0000
0000
0000
0000
0000
0000
0000
0000
0000
0000
0000
0000
0000
0000
0000
0000
0101
0403
0c0a
1613
2621
3a33
554c
736a
8f86
aba3
c6bf
dcd7
eeeb
f7f7
fbfe
fcfe
fcfe
fcfe
fdfe
fdfe
fdfe
fdfe
fdfe
fdfe
fdfe
fdfe
fdff
fdfe
fdff
fdff
fdff
fdff
fdff
fdff
fdff
fdff
fdff
fdff
fdff
fdff
fdff
fdff
fdff
fdff
fdff
fdff
fdff
fdff
fdff
fdff
fdff
fdff
fdff
fdff
fdff
fdff
fdff
fdff
fdff
fdff
fdff
fdff
fdff
0000
0000
0000
0000
0000
0000
0000
0000
0000
0000
0000
0000
0000
0000
0000
0000
0000
0000
0000
0000
0000
0000
0000
0000
0000
0000
0000
0000
0000
0000
0000
0000
0000
0000
0000
0000
0000
0000
0000
0000
0000
0000
0000
0000
0000
0000
0000
0000
0000
0000
0000
0000
0000
0f00
0000
0000
0000
f1ff
0000
0000
0000
0000
0f00
0000
0000
0000
0000
0000
0000
0000
0000
0000
0000
0000
0000
0000
0000
0000
0000
0000
0f00
0000
0000
00f1
50ff
0000
0000
0000
0000
0000
0000
0000
0000
0000
0000
0000
0000
0000
0000
0000
0000
0000
0000
0000
0000
0000
0000
0000
0000
00a0
0040
0000
0000
0000
e0ff
80ff
0000
0000
00ff
ffff
ff02
0000
0000
0000
0000
0000
0000
0000
0000
0000
0000
0000
0000
0000
0000
0000
0020
0000
ffdf
0000
0000
0000
ffff
0000
0000
00e1
0000
f1ff
0000
0000
ffff
ffff
0000
0000
0000
0000
0000
0000
0000
0000
0000
0000
0000
0000
00e1
00f5
0000
0000
ff08
feff
0000
0000
febe
a0ff
0000
0000
ff00
f8bf
0000
0000
0000
0000
0000
0000
0000
0000
0000
0000
0000
0000
0000
ffff
ff4f
0000
0000
80ff
03f5
0000
0000
0000
f3ff
00fa
0000
0000
ff9f
4495
0000
0000
0000
0000
0000
0000
0000
0000
0000
0000
0000
0000
0000
f1ff
0000
0000
0000
0000
0000
0000
0000
0000
0000
0000
0000
0000
0000
0000
0000
0000
0000
0000
0000
0000
0000
0000
0000
0000
0000
00e3
0300
0000
0000
0000
0030
0300
0000
0000
0000
f1ff
0000
0000
0000
0000
0000
0000
0000
0000
1d00
0000
0000
0000
0000
0000
0000
0000
0000
00fa
0000
0000
0000
00f6
0000
0000
0000
0000
1f00
0000
0000
0000
90ff
0000
0000
0000
0000
f9ef
0000
0000
0000
0000
0000
0000
0000
0000
0000
0000
0000
0000
0000
0000
0000
0000
ffff
4f00
0000
0000
0000
0000
0000
0000
0000
0000
0000
0000
0000
0000
0000
0000
0000
0000
0000
0000
0000
0000
0000
ff00
0000
0000
0000
10ff
ffff
0000
0000
0000
ff00
0000
0000
0000
0000
0000
0000
0000
0000
0000
0000
0000
0000
0000
0000
0000
0000
0000
0000
0000
0000
0000
0000
0000
0000
0000
0000
0000
0000
0000
0000
0000
10ff
0000
0000
0000
0000
0000
0000
0000
0000
0000
0000
0000
0000
0000
0000
0000
0000
0000
0000
0000
0000
0000
0000
0000
0000
0000
0000
0000
0000
0000
0000
0000
0000
0000
0000
0000
0000
0000
0000
0000
0000
0000
0000
0000
0000
0000
0000
0000
0000
0000
0000
0000
0000
0000
f1ff
0000
0000
0000
0000
0000
0000
0000
0000
0000
0000
0000
0000
0000
0000
0000
0000
00e1
0000
0000
0000
0000
00f9
0000
0000
0000
0000
30ff
0000
0000
0000
0000
0000
0000
0000
0000
0000
0000
0000
0000
ef8c
0000
0000
0010
0000
10ff
0000
0000
ff1f
0000
ff00
0000
00d0
0000
fdff
0000
0000
0000
0000
0000
0000
0000
0000
0000
0000
0000
0000
6734
0800
0000
0000
10ff
0000
0000
0000
0000
ff00
0000
0000
0000
10ff
0000
0000
0000
0000
0000
0000
0000
0000
0000
0000
0000
0000
0000
0000
0000
0000
0000
0000
f3ff
0000
0000
f9ff
0000
0000
0000
0000
00b0
cf00
0000
0000
ffff
0000
0000
0000
0000
0000
0000
0000
0000
0000
0000
0000
0000
0000
0300
f3ff
0000
0000
f8ff
ff0f
0000
0000
00fa
0000
f2ff
0000
0000
f7ff
ce38
0000
0000
0000
0000
0000
0000
0000
0000
0000
0000
0000
0000
ffff
0000
0000
0000
00ff
00fd
0000
0000
0000
ff34
ffff
0000
0000
00ff
0000
0000
0000
0000
0000
0000
0000
0000
0000
0000
0000
0000
0000
ffff
ff3f
0000
0000
0000
ffcf
0400
0000
0090
0000
0000
0000
0000
fcff
ffff
0000
0000
0000
0000
0000
0000
0000
0000
0000
0000
0000
0000
ffff
ef03
0000
0000
0000
6b01
0f00
0000
00f5
0000
f2ff
0000
0000
ff3f
c6ff
0000
0000
0000
0000
0000
0000
0000
0000
0000
0000
0000
0000
ffff
ffff
0000
0000
90ff
0000
0000
0000
0000
00fa
0000
0000
0000
0000
ffef
0000
0000
0000
0000
0000
0000
0000
0000
0000
0000
0000
0000
0000
af02
0000
0000
ff3f
0000
0300
0000
0000
ef58
f3ff
0000
0000
ff2f
0000
0500
0000
0000
0000
0000
0000
0000
0000
0000
0000
0000
0000
0000
0400
0000
0000
feff
0000
ff00
0000
00f0
0600
ffaf
0000
0000
ff5f
0000
0000
0000
0000
0000
0000
0000
0000
0000
0000
0000
0000
0000
0000
0000
0000
0000
0000
0000
0f00
0000
0000
0000
0000
0000
0000
0000
0000
0000
0000
0000
0000
0000
0000
0000
0000
0000
0000
0000
0000
0000
0000
0000
0000
0000
0000
0f00
0000
0000
0000
0000
0000
0000
0000
0000
0000
0000
0000
0000
c0ff
0000
0000
0000
0000
0000
0000
0000
0000
0000
0000
0000
0000
0000
0000
0000
0000
ffbf
0500
0000
0000
0000
60fc
0000
0000
0000
0000
0000
0000
0000
0000
0000
0000
0000
0000
0000
0000
0000
0000
0000
0000
0000
0000
0000
ffff
3333
0000
0000
3333
ffff
0000
0000
0000
0000
0000
0000
0000
0000
0000
0000
0000
0000
0000
0000
0000
0000
0000
0000
0000
0000
0000
0000
fbff
0000
0000
b4ff
0000
0000
0000
0000
0000
0081
0000
0000
0000
0000
0000
0000
0000
0000
0000
0000
0000
0000
ffff
ef01
0000
0000
ff02
0000
0000
0000
0000
ffff
0000
0000
0000
0000
0f00
0000
0000
0000
0000
0000
0000
0000
0000
0000
0000
0000
0000
0200
0000
20fd
0000
0000
f3ff
00fd
00f4
0000
0a00
ff00
0000
ff09
30ff
00f9
00c0
ffff
0000
0090
0000
0000
ffff
0000
0000
0000
0000
0000
0000
0000
0000
0000
fff8
0000
0000
0000
fdff
10fe
0000
0000
50ff
0000
d0ff
0000
00c0
0000
0000
0000
0000
0000
0000
0000
0000
0000
0000
0000
0f00
0000
00fa
0000
f1ff
0000
0000
ffcf
ffff
0f00
0000
ff6f
0000
f1ff
0000
0000
ffff
0000
0000
0000
0000
0000
0000
0000
0000
0000
0000
0000
0000
00b1
0000
f9ff
0000
0000
0000
0000
ff00
0000
0000
0000
f1ff
0000
0000
ffff
ad16
0000
0000
0000
0000
0000
0000
0000
0000
0000
0000
0000
0000
7c45
f1ff
0000
0050
0000
0000
0f00
0000
ff0f
0000
f1ff
0000
0000
ffff
ffff
0000
0000
0000
0000
0000
0000
0000
0000
0000
0000
0000
00f8
ffff
f1ff
0000
0000
0000
0000
0f00
0000
0000
0000
f1ff
0000
0000
0000
ffff
0f00
0000
0000
0000
0000
0000
0000
0000
0000
0000
0000
0000
ffff
f4ff
0000
0000
0000
0000
0f00
0000
0000
0000
f1ff
0000
0000
0000
0000
0f00
0000
0000
0000
0000
0000
0000
0000
0000
0000
0000
0000
edef
bf01
0000
0000
0300
0000
ef00
0000
ffff
ff08
10ff
0000
0010
0000
10f8
0000
0000
0000
0000
0000
0000
0000
0000
0000
0000
0000
0000
0000
f1ff
0000
00ff
0000
0000
0f00
0000
ffff
ffff
f1ff
0000
00ff
0000
0000
0f00
0000
ff01
0000
0000
0000
0000
0000
0000
0000
0000
0000
0000
ffff
0000
0000
0000
0010
0000
0000
0000
0000
ffff
0000
0000
0000
0010
0000
0000
0000
0000
0000
0000
0000
0000
0000
0000
0000
0000
0000
0000
0000
0000
ffff
0000
0000
0000
0010
0000
0000
0000
0000
ffff
0000
9f00
0000
0000
61da
0000
0000
0000
0000
0000
0000
0000
0000
0000
0000
0000
0000
ff08
0000
0f00
0000
0000
70ff
ffff
0000
0000
00f8
0000
0f00
0000
e2ff
0000
0000
0000
0000
0000
0000
0000
0000
0000
0000
0000
0000
0000
0000
0000
0f00
0000
0000
0000
f1ff
0000
0000
0000
0000
0f00
0000
0000
ffff
ffff
0000
0000
0000
0000
0000
0000
0000
0000
0000
0000
0000
0000
00f9
0f00
ffff
0300
0040
f1ff
0010
00b0
0000
0000
0f00
ffff
00f3
2f00
f1ff
0010
0000
0000
0000
0000
0000
0000
0000
0000
0000
0000
0000
00a0
0f00
0000
ff01
00f3
f1ff
0000
00ff
00fa
0000
0f00
0000
ffff
0000
f1ff
0000
0000
0000
0000
0000
0000
0000
0000
0000
0000
0000
0000
ffcf
0000
0000
ffbf
0000
30ff
0000
00ff
0000
0000
df00
0000
ff2f
0000
ff0a
0000
0000
0000
0000
0000
0000
0000
0000
0000
0000
0000
0000
ffff
0f00
0000
f6ff
0000
f1ff
0000
0000
ff9e
ffff
0f00
0000
0000
0000
f1ff
0000
0000
0000
0000
0000
0000
0000
0000
0000
0000
0000
0000
0000
0000
0000
f5ff
0000
a0ff
0000
00fe
0000
0000
ff00
0000
ff06
0000
ffff
0000
00f5
20b7
0000
0000
0000
0000
0000
0000
0000
0000
0000
0000
0f00
0000
80ff
0000
f1ff
0000
0000
af01
ffff
0f00
0000
f9ff
0000
f1ff
0000
0010
0000
0000
0000
0000
0000
0000
0000
0000
0000
0000
0000
0000
0000
00d2
0000
ffdf
0000
0000
0000
ffff
0000
0000
f3ff
0000
f3ff
0000
0000
ffff
8c04
0000
0000
0000
0000
0000
0000
0000
0000
0000
0000
0000
ffff
f3ff
0000
0000
0000
0000
1f00
0000
0000
0000
f0ff
0000
0000
0000
0000
1f00
0000
0000
0000
0000
0000
0000
0000
0000
0000
0000
0000
ff0f
0000
f1ff
0000
00f1
0000
0000
0f00
0000
ff0f
0000
f2ff
0000
0060
bf02
ffff
0000
0000
0000
0000
0000
0000
0000
0000
0000
0000
0000
0000
0000
10ff
0000
0000
3f00
0070
0000
0000
0060
0500
0500
0000
0000
00f1
bf00
0000
0000
0000
0000
0000
0000
0000
0000
0000
0000
0000
0000
0100
00fa
90ff
0000
affd
0000
0700
ffaf
ffdf
f7ff
ff0c
0000
8ffb
0000
ffff
0000
0080
0000
0000
0000
0000
0000
0000
0000
0000
0000
0000
0000
f4ff
0000
0000
ff9f
f6ff
0000
0000
0000
feff
0000
0000
0000
ffdf
00f8
0600
0000
ffbf
0000
0000
0000
0000
0000
0000
0000
0000
0000
0000
00f8
0000
0000
df00
00f2
0000
0000
0000
ffb8
0000
0000
0000
0000
0f00
0000
0000
0000
0000
0000
0000
0000
0000
0000
0000
0000
0000
0000
0000
0000
0000
ff09
0000
0000
0000
0000
fbff
0000
0000
0000
0000
00f9
0500
0000
f0ff
ffff
0000
0000
0000
0000
0000
0000
0000
0000
0000
ffff
0000
0000
0000
0000
0f00
0000
0000
0000
f1ff
0000
0000
0000
0000
0f00
0000
0000
0000
f1ff
0000
0000
0000
0000
0000
0000
0000
0000
0000
0000
0000
0000
0000
0b00
0000
0000
0000
ff02
0000
0000
0000
ff7f
0000
0000
0000
e1ff
0000
0000
0000
0000
0000
0000
0000
0000
0000
ffff
0000
0000
0000
00f1
0000
0000
0000
0000
ff0f
0000
0000
0000
00f1
0000
0000
0000
0000
ff0f
0000
0000
0000
00f1
0000
0000
0000
0000
0000
0000
0000
0000
f2ff
0000
0000
0000
10fe
50ff
0000
0000
0000
0000
0000
0000
0000
0000
0000
0000
0000
0000
0000
0000
0000
0000
0000
0000
0000
0000
0000
0000
0000
0000
0000
0000
0000
0000
0000
0000
0000
0000
0000
0000
0000
0000
0000
0000
ffff
0000
0000
0000
0000
0000
0000
0000
0000
0000
0000
0000
0000
0000
0000
0000
0000
0000
0000
0000
0000
0000
0000
0000
0000
0000
0000
0000
0000
0000
0000
0000
0000
0000
0000
0000
0000
0000
0000
0000
0000
0000
cf02
0000
0000
feff
0000
0000
0000
0000
0100
30ff
0000
0000
ffaf
0000
0000
0000
0000
0000
0000
0000
0000
0000
0000
0f00
0000
0000
0000
f1ff
0000
0000
ff9f
0000
0f00
0000
00ff
0000
f3ff
0000
0000
40fd
0000
0000
0000
0000
0000
0000
0000
0000
0000
0000
0000
0000
0000
0000
0000
0000
0000
f4ff
0000
cf00
0000
0000
0000
80ff
0000
0000
00fb
df8c
0000
0000
0000
0000
0000
0000
0000
0000
0000
0000
0000
00f0
0000
0000
0000
0000
ffff
0000
8f00
0000
00f0
0000
30ff
0000
0000
ffff
ffff
0000
0000
0000
0000
0000
0000
0000
0000
0000
0000
0000
0000
0000
0000
0000
0000
00f9
0030
4f00
0000
0000
ffff
20ff
0000
0000
5029
ffff
0000
0000
0000
0000
0000
0000
0000
0000
0000
0000
0000
0000
0000
ff0f
0000
0000
0000
33f3
0000
0000
0000
0000
ff1f
0000
0000
0000
00f0
0000
0000
0000
0000
0000
0000
0000
0000
0000
0000
0000
0000
0000
0000
0000
0000
ff04
ffff
0600
0000
00f0
0000
10ff
0000
0000
ff2f
0030
0000
0000
00e0
0000
2008
0000
0000
0000
0000
0000
0000
0000
0000
f1ff
0000
0000
0000
ff3d
0f00
0000
00d0
0000
f1ff
0000
0000
ff0f
0000
0f00
0000
00f1
0000
0000
0000
0000
0000
0000
0000
0000
0000
0000
f1ff
0000
0000
0000
0000
0f00
0000
0000
0000
f1ff
0000
0000
0000
0000
0f00
0000
0000
0000
0000
0000
0000
0000
0000
0000
0000
0000
0000
ff0f
0000
0000
0000
0000
0000
0000
0000
0000
ff0f
0000
0000
0000
00f1
0000
0000
0000
0000
ff0f
0000
0000
0000
0000
0000
0000
0000
0000
f1ff
0000
0000
0000
0000
0f00
0000
0000
ffef
f1ff
0000
0000
0000
1e00
0f00
0000
0000
0700
0000
0000
0000
0000
0000
0000
0000
0000
0000
f1ff
0000
0000
0000
0000
0f00
0000
0000
0000
f1ff
0000
0000
0000
0000
0f00
0000
0000
0000
f1ff
0000
0000
0000
0000
0000
0000
0000
0000
0000
0000
0000
0000
0000
0000
0000
ff07
ff59
f7ff
00c0
0000
ffff
0000
0f00
ff0f
0010
0000
f1ff
00f1
0000
0000
0000
0000
0000
0000
0000
0000
0000
0000
0000
0000
0000
0000
0000
ffff
ffff
0000
0000
ff1f
0000
0f00
0000
00f0
0000
f1ff
0000
0000
0000
0000
0000
0000
0000
0000
0000
0000
0000
0000
0000
0000
0000
0000
ffff
ff8f
0000
0000
ff05
0000
ef00
0000
00f8
0000
ff8f
0000
0000
0000
0000
0000
0000
0000
0000
0000
0000
0000
0000
0000
0000
0000
0000
daef
99ff
0000
0000
ff0b
0000
0f00
0000
00fd
0000
ffff
0000
0000
0000
0000
0f00
0000
0000
0000
0000
0000
0000
0000
0000
0000
0000
0000
0000
bf02
0000
0000
ff1f
0000
ef00
0000
00f0
0000
f6ff
0000
0000
ff1f
0000
0000
0000
00f0
0000
0000
0000
0000
0000
0000
0000
0000
0000
0000
a0ff
0000
0000
0000
0000
0f00
0000
0000
0000
f1ff
0000
0000
0000
0000
0000
0000
0000
0000
0000
0000
0000
0000
0000
0000
0000
0000
0000
0000
0000
0000
80ff
0000
0900
0000
0000
ff4a
0055
0000
0000
40ff
efbd
0000
0000
0000
0000
0000
0000
0000
0000
0000
0000
0000
0000
0000
ff1f
0000
0000
0000
00f0
0000
0000
0000
0000
ff1f
0000
0000
0000
ffff
0000
0000
0000
0000
0000
0000
0000
0000
0000
0000
0000
0000
0000
0000
0000
0000
ff0f
0000
0f00
0000
00f1
0000
f1ff
0000
0000
ffff
ffff
0000
0000
0000
0000
0000
0000
0000
0000
0000
0000
0000
0000
0000
0000
0000
0000
fdff
0000
1f00
0000
0000
ff1e
ff09
0000
0000
0000
ffff
0000
0000
0000
0000
0000
0000
0000
0000
0000
0000
0000
0000
0000
0000
0000
0000
00f9
0000
cf00
00f3
0000
c0ff
fddf
0000
b0ff
0e00
ffff
0000
0000
0000
0000
0000
0000
0000
0000
0000
0000
0000
0000
0000
0000
0000
0000
0000
0000
0a00
0000
0000
80ff
0300
0000
0000
0000
00b0
0c00
0000
0000
0000
0000
0000
0000
0000
0000
0000
0000
0000
0000
0000
0000
0000
0000
0000
ff08
0000
0000
ff05
ffef
0000
0000
0000
6fff
0000
0000
0000
0020
0700
0000
0000
0000
0000
0000
0000
0000
0000
0000
0000
0000
0000
0000
ff00
0000
0000
ffff
0000
0000
0000
0000
10fd
0300
0000
0000
ffff
0000
0000
0000
0000
0000
0000
0000
0000
0001
0000
0000
0000
0000
20ff
0000
0000
0000
0000
ff3e
0000
0000
0000
00fa
0000
0000
0000
0000
cf00
0000
0000
0000
0400
0000
0000
0000
0000
0000
0000
0000
0000
0000
0f00
0000
0000
0000
f1ff
0000
0000
0000
0000
0f00
0000
0000
0000
f1ff
0000
0000
0000
0000
0000
0000
0000
0000
0000
0000
0000
0000
00a0
0000
0000
0000
0000
ff0c
0000
0000
0000
d5ff
0000
0000
0000
0000
ff0f
0000
0000
0000
0000
a407
0000
0000
0000
0000
0000
0000
0000
0000
0000
0000
0000
0000
0000
0000
0031
0000
0000
0900
0000
0000
0000
0000
0000
0000
0000
0000
0000
0000
0000
0000
0000
0000
0000
0000
0000
0000
0000
0000
0000
0000
0000
0000
0000
0000
0000
0000
0000
0000
0000
0000
0000
0000
0000
0000
0000
0000
0000
0000
0000
0000
0000
0000
0000
0000
0000
0000
0000
0000
0000
0000
0000
0000
0000
0000
0000
0000
00ff
0000
0000
0f00
0000
0000
0000
00ff
0000
0000
0000
0000
0000
0000
0000
0000
0000
ff00
0000
0000
0000
0000
0000
0000
0000
0000
0000
0000
0000
0000
0000
0000
00f1
00ff
0000
fa0a
66fc
0000
0100
ff02
0000
0000
0000
0000
0000
0000
ffff
0000
0000
90ff
0000
0000
0000
0000
0000
0000
0000
0000
0000
0000
0000
0000
0000
0060
4f00
0000
0000
ff03
0700
0000
1300
1900
0000
0000
0000
0000
0000
0000
0090
0000
0c00
fbdf
0000
0000
0010
feff
0000
0000
0000
0000
0000
0000
0000
0000
ff00
0000
0000
0000
0000
0000
0000
0000
0000
0000
0000
0000
0000
0000
0000
0040
0000
0000
00f7
0000
0000
ef00
0000
0000
0000
f47f
0000
0000
0000
0000
0000
0000
f2af
0000
0000
0000
00f0
0000
0000
ff0b
0000
0000
ff04
0000
0000
0000
0000
0000
0000
0000
ed48
0000
0000
0031
0000
0000
0000
0000
0000
0000
0000
0000
0000
0000
00ff
0000
0000
ffff
0000
0000
0000
0000
0000
0000
0000
0000
0000
0000
0000
0000
0000
0000
0000
0000
0000
0000
0000
0000
0080
0000
0000
0000
0000
0000
0000
0000
0000
0000
0000
ffff
0000
0000
0000
0000
0000
0000
0000
0000
0000
0000
0000
0000
0000
0000
0000
0000
0000
0000
0000
0000
0000
0000
0000
0000
0000
0000
0000
40ff
0000
0000
fa0d
0000
0000
7f00
0000
0000
0000
0000
0000
0000
0000
d8ee
0000
0000
00f0
ff0f
0000
ff00
0000
0000
0000
0000
0000
0000
0000
0000
0000
0000
0000
0000
0000
0000
f0ff
0000
0000
0000
0000
0000
0000
0000
0000
0000
0000
00e4
0000
7700
0b00
0000
0000
ff04
0000
0000
0000
0000
0000
0000
0000
0000
0000
1d00
0300
0000
0000
4600
fa5f
0000
6f00
ffff
0000
0000
0000
0000
0000
0000
ff07
0000
0000
ff08
00f0
0000
ff08
ffff
0000
0000
0000
0000
0000
0000
0000
0000
0000
10ff
0000
0000
8f00
0300
0000
0000
d8ff
0000
0000
0000
0000
0000
0000
0000
20ff
0000
cf00
ffff
0000
0000
00f2
f8af
0000
0000
0000
0000
0000
0000
0000
0000
6606
0800
0000
0000
0800
0000
0000
0000
00f0
0000
0000
0000
0000
0000
0000
ecef
0000
0000
80ff
10f9
0000
df00
0000
0000
0000
0000
0000
0000
0000
0000
0000
0000
00f4
b0ff
0000
ff05
f6ff
0000
0000
66b8
0000
0000
0000
0000
0000
0000
0000
0000
0000
ff00
0000
0000
0000
0000
0000
0000
0000
0000
0000
0000
0000
0000
0000
0000
0000
0000
0000
0000
0000
0000
ff00
0000
0000
0000
0000
0000
0000
0000
0000
0000
0000
0000
00d4
0000
ff0b
e9ff
0000
0000
0000
0000
0000
0000
0000
0000
0000
0000
0000
0000
0000
0000
0000
0000
0000
0000
0000
0000
0000
0000
0000
0000
0000
0000
2000
0000
0000
0000
3900
0000
0000
0000
0000
0000
0000
0000
0000
0000
ff03
3f00
0000
0000
5e00
0000
0000
0000
0000
0000
0000
0000
0000
0000
0000
4800
ef8a
0050
00fc
00d1
0000
ff00
f65f
f2df
0060
fb6f
6786
0000
0000
0000
0000
0000
0a00
00f2
0000
0000
0000
0040
0000
0080
0400
0000
0000
0000
0000
0000
0000
c2ff
0000
ff00
1300
0000
0000
00f0
6f00
0000
0000
0000
0000
0000
0000
0000
0000
0000
0000
e0ff
0000
00f0
0000
0000
0500
ffff
0000
0000
0000
0000
0000
0000
fdff
00d3
0000
00ff
0000
0000
0f00
0000
20fe
0000
0000
0000
0000
0000
0000
0000
0000
00f0
0000
0000
ff00
0000
0000
0000
66f6
f8ff
0000
0000
0000
0000
0000
0000
ffff
0000
ff00
0000
0000
0000
00f0
0000
0000
0000
0000
0000
0000
0000
0000
0000
0000
0000
a0aa
0000
00f0
0000
0000
0500
ffff
0000
0000
0000
0000
0000
0000
0000
ff0f
0000
00ff
6666
0000
0f00
0000
ff0f
0000
0000
0000
0000
0000
0000
0000
0000
00ff
0000
0000
0f00
0000
0000
0000
00ff
0000
0000
0000
0000
0000
0000
0000
00ff
0000
0000
0f00
0000
0000
0000
00fb
0000
0000
0000
0000
0000
0000
0000
0000
ff00
1d00
0000
0000
ffff
0020
0000
ff00
0000
0000
0000
0000
0000
0000
0000
0000
0000
0000
00ff
0000
0000
0f00
0000
0000
0000
0000
0000
0000
0000
0000
0000
0000
f5ff
0000
ff2f
ff00
d0df
00f3
0000
00f0
50ff
0000
0000
0000
0000
0000
0000
0000
0000
0f00
f8cf
ff0f
0000
00ff
df01
0000
0000
0000
0000
0000
0000
0000
0000
0000
0000
f96f
0000
00f0
0000
0000
0400
ffff
0000
0000
0000
0000
0000
0000
feff
0090
0000
00f0
ef04
0000
ff00
0000
0000
0000
0000
0000
0000
0000
0000
0000
0000
f7ff
0000
0000
ff00
0000
fd2f
0000
ff6f
50da
0000
0000
0000
0000
0000
0000
c2ff
0000
ff00
0000
0000
0000
00f0
ff00
0000
0000
0000
0000
0000
0000
0000
0000
0000
0000
0088
0000
0500
ff06
0000
3f00
ffff
0000
0000
0000
0000
0000
0000
ffff
0066
0000
0000
0000
0000
0000
f0ff
0000
0000
0000
0000
0000
0000
0000
0000
0000
00f0
0000
0000
ff00
0000
f0ff
0000
ffef
30c8
0000
0000
0000
0000
0000
0000
0700
0000
4f00
0000
0000
0000
df00
00b0
0000
0000
0000
0000
0000
0000
0000
0000
ff0d
5f00
0090
0010
50ff
0500
60ff
0000
00e0
0000
0000
0000
0000
0000
0000
0000
00e1
0000
ef02
0070
0000
0000
0210
0070
0000
0000
0000
0000
0000
0000
0000
0000
00f9
fb8f
0000
0000
feff
0000
0000
0000
0000
0000
0000
0000
0000
0000
0000
ffff
0000
0000
fb7f
0000
0000
e2ff
0000
0000
0000
0000
0000
0000
0000
0000
0000
ff00
0000
0000
0000
00f0
0000
0000
ff00
0000
0000
0000
0000
0000
0000
0000
0000
0000
0000
30ff
0000
0000
0000
00f9
0000
0000
0000
0000
0000
0000
0000
0000
0000
f0ff
0000
0000
0000
0000
0000
0000
f0ff
0000
0000
ff0f
0000
0000
0000
0000
0000
0000
3f00
e0bf
0000
0000
0000
0000
0000
0000
0000
0000
0000
0000
0000
0000
0000
0000
0000
0000
0000
0000
0000
0000
0000
0000
0000
0000
0000
0000
0000
0000
0000
0000
0000
0000
0000
0000
0000
0000
0000
0000
0000
0000
0000
0000
0000
0000
0000
0020
0000
0000
ffff
0000
0000
96ff
f5bf
0000
0000
0000
0000
0000
00f0
0000
0000
ff00
0900
0000
0000
00f0
f7bf
0000
0000
0000
0000
0000
0000
0000
0000
0000
0000
0000
0000
0020
0000
0000
cf00
ffff
0000
0000
0000
0000
0000
0000
0000
0000
0000
c7ff
f0ff
0000
ff0f
0000
0000
0000
0000
0000
0000
0000
0000
0000
0000
0000
0000
0000
ff09
ffff
0000
0000
d8ff
0071
0000
0000
0000
0000
0000
ff0b
0000
0000
ff0f
0000
0000
0000
f0ff
0000
0000
0000
0000
0000
0000
0000
0000
0000
0000
0000
0000
0000
00f3
ff0f
0000
2f00
ffff
0000
0000
be28
0000
0000
ff00
0000
0000
0000
e8fe
c0ff
0000
ff00
0000
0000
0000
0000
0000
0000
0000
0000
0000
0000
0000
0000
0000
ff00
0000
0000
0000
00f0
0000
0000
0000
0000
0000
0000
f0ff
0000
0000
0000
0000
0000
0000
f0ff
0000
0000
0000
0000
0000
0000
0000
0000
0000
ff00
0000
0000
0000
0df0
0000
0000
ff00
2e00
0000
0000
0000
0000
0000
ff00
0000
0000
0000
00f0
0000
0000
ff00
0000
0000
0000
0000
0000
0000
0000
0000
0000
0000
0000
0040
fedf
ff00
0000
0000
00f0
00f0
f0ff
0000
0000
0000
0000
0000
0000
0000
0000
ff00
0b00
0000
0000
00f0
f0ff
0000
0000
0000
0000
0000
0000
0000
0000
0000
0000
0000
0000
0020
ff0f
0000
cf00
ffff
0000
0000
0000
0000
0000
0000
0000
0000
0000
e8ef
f4ef
0000
ff00
0000
0000
0000
00f0
0000
0000
0000
0000
0000
0000
0000
f06f
0000
ff09
0000
0000
0000
b7ff
f0ff
0000
0000
0000
0000
0000
0000
0000
0000
ff00
0000
0000
0000
00f0
0000
0000
0000
0000
0000
0000
0000
0000
0000
0000
0000
0000
0000
51fd
0070
0000
9f00
ffff
0000
0000
0000
0000
0000
0000
0000
0000
0000
f6ff
0000
0000
0000
0000
0000
0000
0000
0000
0000
0000
0000
0000
0000
0000
f0ff
0000
ff00
0000
0000
0000
c7ff
f0bf
0000
0000
0000
0000
0000
0000
0000
0000
ff0b
1f00
0000
0000
f28f
0000
0000
0000
0000
0000
0000
0000
0000
0000
0000
0000
0b00
0000
00f5
f72f
0000
0000
0050
0000
0000
0000
0000
0000
0000
0000
0000
0000
00fa
0000
0000
0000
f5bf
0000
0000
0000
0000
0000
0000
0000
0000
0000
0000
e0ff
0000
8f00
ff09
0000
0000
ff02
0000
0000
ff04
0000
0000
0000
0000
0000
0000
ff0f
ff09
0000
0000
fbbf
0000
0000
0000
0000
0000
0000
0000
0000
0000
0000
0000
0000
0000
10fd
0000
0000
0000
0000
0000
0000
0300
0000
0000
0000
0000
0000
0000
00f0
0000
0000
ff00
0000
0000
0000
00f0
0000
0000
0000
0000
0000
0000
d0ff
0000
0000
0000
00ff
0000
0000
f0ff
0000
0000
ff0e
0000
0000
0000
0000
0000
0000
0000
0000
3004
0000
0000
0000
0000
0000
0000
0000
0000
0000
0000
0000
0000
0000
0000
0000
0000
0000
0000
0000
0000
0000
0000
0000
0000
0000
0000
0000
0000
0000
0000
0000
0000
0000
0000
0000
0000
0000
0000
0050
0000
ff00
0000
0000
0000
0000
0000
0000
0000
0000
0000
0000
0000
0000
0000
0000
0000
00aa
00a0
10af
f803
0000
0000
0000
0000
0000
0000
0000
00b0
d0af
50fa
0000
0000
0000
5c00
0f00
0000
0000
00fc
fc09
0000
0000
0000
0000
ff09
4f00
0000
0000
0000
0000
0000
0000
0000
0000
0000
0050
0000
0000
0000
0000
0000
0000
0000
0000
0000
0080
50ff
cf00
0000
0000
0000
0000
0000
0000
0000
0030
40ff
fe04
2f00
0c00
0000
0000
0000
0000
0000
0020
208b
0000
0000
0000
0000
0000
0000
0000
0000
f0ff
0000
0000
0000
0000
0000
0000
0000
0000
0000
0000
0000
0000
0000
0000
0000
0000
0000
0000
0000
0000
0000
0000
0000
0000
0000
0000
0000
0000
0000
0000
0000
0000
0000
0000
0000
af00
0c00
0000
0000
0000
0000
0000
0000
0000
00a3
0c00
0000
00f5
f70d
0000
0000
0000
0000
0000
0000
0050
50ff
ff00
0000
0000
0000
0000
0000
0000
0000
00fd
50ff
20fd
00f7
0000
0000
0000
0000
0000
0000
0000
00f3
fe06
ffde
0000
0000
0000
0000
0000
0000
0000
0000
0050
50ff
0000
0000
0000
0b00
0000
0000
0000
0000
0000
0000
0000
0000
0000
bf01
af00
0000
0000
0000
0000
0000
0000
0000
0000
0000
0000
0000
0000
0000
0000
0000
0000
0000
00a3
3f00
13d4
91df
f60e
0000
0000
0000
0000
0000
0050
fd07
0700
fcbe
0000
5a00
0000
0000
0000
0000
0000
0000
0000
0000
0000
0000
0000
0000
0000
0000
0000
0000
0000
0000
0000
0000
0000
0000
0000
0000
0000
0000
0000
0050
0000
0000
0000
0000
0000
0000
0000
0000
0000
0000
0000
0000
0000
0000
0000
0000
0000
0000
0000
0000
0000
0000
0000
0000
0330
0000
0000
0000
0000
0000
0000
0000
0000
febd
0050
0230
00f6
f60e
0600
0000
0000
0000
0000
0000
30ef
1e30
00f3
30ff
f15f
0000
0000
0000
0000
00d0
f23f
feff
0000
0050
0000
0000
0000
0000
0000
0000
0000
0000
0700
efed
0000
0000
0000
0000
0000
0000
00f0
e06f
fe0a
71eb
0000
0000
0000
ff00
0000
0000
0000
0000
0000
0000
0000
0000
0000
dcff
ff00
0000
0000
0000
0000
0000
0000
0000
0000
10f6
00f7
f50f
0d00
0000
0000
0000
0000
0000
0000
0000
0050
dcff
ff00
0000
0000
0000
0000
0000
0000
0000
0000
0050
50ff
ff00
0000
0000
0000
0000
0000
00f5
f50f
0f00
0340
0000
0000
0000
0000
0000
0000
0000
0000
f84f
0000
0000
0000
0000
0000
0000
0000
0000
0000
0000
ffff
0000
0000
0000
ff00
0000
00f0
f05f
5f00
0060
0000
0000
0000
0000
f4ff
ff00
0000
0000
0000
00f0
0000
0000
0000
0000
10f7
00f7
f50f
0d00
0000
0000
0000
0000
0000
b6fe
0000
0050
ffff
ff00
0000
0000
0000
0000
0000
60ff
0000
0000
0000
60ff
0000
0000
0000
0000
0000
00f7
fe06
fcff
0000
0050
0000
0000
0000
0000
0000
0000
0000
00fa
6f00
ffed
0000
0000
0000
0000
0000
0000
0000
0000
0000
00f0
0000
0000
0000
ff00
0000
0000
0000
00e0
10fe
0000
0000
0000
0000
00f4
ff01
0000
0000
0000
0000
0000
0000
0000
0000
0000
20ff
8f00
0000
0000
0030
0000
0000
0000
0a00
0700
fc1d
0600
0500
0400
0000
0000
0000
0000
f72f
fd0a
ff93
ff03
0000
0000
0000
0000
0000
0000
0060
0050
0040
0030
0020
0000
0000
0000
0000
0000
0000
0000
0000
0000
0000
0050
0000
0000
0000
0000
0000
0000
0000
0000
00e1
0000
0000
0000
0f00
0000
0000
0000
0000
0000
0000
0000
0000
0000
ff06
af00
0d00
0000
0000
0000
0000
0000
0000
0000
0000
0000
0000
0000
0000
0000
0000
0000
0000
0000
0000
0000
0000
0000
0000
0000
0000
0000
0000
0000
00a3
2f00
ffff
00f5
5c00
0000
0000
0000
0000
0000
00f5
9f00
0000
00f6
0000
0000
0000
0000
0000
0000
0000
0000
3103
fedf
0000
0000
0000
0000
0000
0000
0000
0000
00ff
df60
0000
0000
0000
0000
0000
0000
0000
0000
0000
0000
0000
0000
0000
fb0d
ff0f
0000
0000
0000
0000
0000
0000
0000
0000
0000
ff5f
f90c
0f00
0000
0000
0000
0000
0000
0000
0000
00e5
50ff
ff00
0000
0000
0000
0000
0000
0000
0000
0000
0050
50ff
ff00
0000
0000
0000
0000
0000
0000
0000
0000
00f5
f50f
ffae
0000
0000
0000
0000
0000
0000
00f5
4f00
0000
0000
0000
0000
0000
0000
0000
0000
0000
0000
0000
0000
0000
0000
0000
0090
fa0a
0900
0000
0000
0000
0000
0000
0000
ff00
0000
0000
0000
0000
0000
0000
0000
0000
0000
ff3e
f90c
0e00
0000
0000
0000
0000
0000
0000
0000
00e5
50ff
ff00
0000
0000
0000
0000
0000
0000
f528
1f00
0000
00fd
0600
0000
0000
0000
0000
0000
0000
0000
0000
0050
0000
0000
0000
0000
0000
0000
0000
0000
d09f
fedf
0000
0000
0000
0000
0000
0000
0000
0000
0000
0010
0000
0000
0000
0000
0000
0000
0000
0000
0050
0000
0000
0000
0000
0000
f14f
0300
0000
0000
0000
0000
0000
0000
0000
0000
00f4
ff03
0000
0000
0000
0000
0000
0000
0000
0000
0bb0
cf00
0900
0700
0000
0000
0000
0000
0000
f81e
ef00
0ef1
fe02
0000
0000
0000
0000
0000
0000
00e0
00c0
0090
0050
0000
0000
0000
0000
0000
0000
0000
0000
0000
0000
00fb
0100
0000
0000
0000
0000
0000
0000
0000
0000
0000
0000
0000
ff06
0000
0000
0000
0000
0000
0000
0000
0000
0000
0000
0000
0000
0000
0000
0000
0000
0000
0000
0000
0000
0000
0000
0000
0000
0000
0000
0000
0000
0000
0000
0000
0000
0000
0000
0000
0000
0000
0000
0000
0000
0000
0000
0000
0000
0000
0000
0000
0000
0000
f108
0000
0088
b00d
0000
0000
0000
f92c
0000
00fb
cf01
0000
0000
0000
d02f
0000
7fe2
0000
0000
0000
0000
40df
0000
df01
0000
0000
0000
0000
d00f
0000
0000
0000
0000
0000
0040
0000
0000
f10e
0000
f309
0000
0000
0000
0000
0000
0000
f903
0000
0000
0000
00ff
0000
0000
0000
0000
0000
0000
0f00
0000
f00f
0000
0000
0000
0000
0000
0000
0000
0000
0000
0000
0000
0000
0000
0000
0000
0000
0000
0000
0000
0000
0000
0000
0000
0000
0300
0000
00c0
0000
0000
0000
0000
af00
00e0
00f0
0000
0000
0000
0000
0000
0000
0000
0000
0000
0000
0000
0000
2f00
0000
0000
0000
0000
0000
0000
0100
0000
fe02
0000
0000
0000
0000
af00
0000
8f88
0000
0000
0000
70ff
5f00
0060
20ef
0000
0000
0000
70ec
0d00
00f7
f60a
0000
0000
0000
ffff
0000
00f1
0000
0000
0000
0000
df2a
0000
feff
0000
81fd
0000
0000
1800
0000
00fa
0000
c6ee
0000
0000
0000
0000
0000
0000
00ff
0000
0000
0000
0000
0000
0000
fe00
0000
0000
0000
0000
0000
0040
0000
0000
0000
0000
0000
0000
ffff
0000
0000
0000
0000
0000
0000
2800
0000
0000
0000
0000
0900
0050
0000
0000
0000
0000
0000
00db
e40d
0e3f
dbb9
0000
0000
0000
0000
02f6
0000
0000
0000
0000
0000
00fb
88ff
00b0
8888
0000
0000
0000
f72d
f00f
0000
fb3e
0000
0000
0000
1900
0000
1f00
ff00
0000
0000
0000
0000
0000
0000
0000
0000
0000
0000
00ff
0000
0000
0000
0000
0000
0000
ef01
0000
00f1
0000
0000
0000
0000
0000
0f00
ff00
f00f
0000
0000
0000
0000
0000
0000
0000
0000
0000
0000
0000
0000
0000
f90a
0000
0000
0000
00fc
00ff
0000
0000
0000
0000
0000
0000
ff00
0000
00ff
0000
0000
0000
0000
00f0
0e10
ff00
0000
0000
0000
00d1
0000
f31d
0000
0000
0000
0000
fc2d
00c0
0000
0000
0000
0000
0000
ff00
f01f
ffff
0000
0000
0000
0000
0000
4f00
f00f
70af
0000
0000
0000
0000
0100
0000
ff00
0000
0000
0000
0000
0000
0000
2f00
0000
0000
0000
f0ff
0000
0000
ff00
0000
0000
0000
ff00
f00f
00ff
00f5
0000
0000
0000
0000
0200
40bf
0000
0000
0000
0000
0100
d04f
00fe
0000
0000
0000
0000
00f7
0000
ff0a
0000
0100
0000
0000
f60d
00f5
2f00
0000
ff00
0000
0000
0f00
00fa
0000
0000
ffff
0000
0000
0000
0000
0f00
0000
f00f
0000
0000
0000
0000
0000
0060
0000
0000
0000
0000
f00f
0000
00f0
0000
0000
0000
0000
de00
0000
0000
0000
0000
0000
0000
0000
0000
0000
0000
0000
0000
0000
0000
0000
0000
0000
0000
0000
0000
0000
0430
0000
ffeb
0000
0000
f00f
0000
00f7
0000
cfb9
0000
0000
0000
0000
fc05
0000
d8af
0000
0000
0000
ff00
0600
00ff
df01
0000
0000
0000
0000
0000
8888
0000
0000
0000
0000
f00f
0000
00f0
0000
0000
0000
0000
0000
0000
00f1
0000
0700
0000
0000
0f00
00f5
f00f
0000
0000
0000
0000
0000
0000
0000
0000
0000
0000
0000
0000
00f0
0000
0000
0000
0000
0000
0000
00f0
0000
ef01
0000
0000
0000
0000
ff00
0000
00ff
0000
0000
0000
0000
0f00
00ff
f00f
0000
0000
0000
0000
0000
ff00
0f00
0000
0000
0000
0000
0000
0000
0000
0000
0000
0000
0000
0000
00f0
0000
0000
0000
0000
0000
009f
f20e
0000
0000
0000
0000
0000
0060
0f00
0000
0000
0000
0000
0000
d9df
0000
fe02
0000
0000
0000
0000
ffff
0000
00f0
0000
0000
0000
0000
f00f
0000
00f1
0000
0000
0000
0000
5f00
00e0
0b00
0000
0000
0000
0000
0000
ddea
0000
af00
0000
0000
0000
0000
f9d7
0000
fb08
0000
0000
0000
0000
00fb
0000
40bf
0000
0000
0000
0000
0000
0000
ffff
0000
0000
0000
0000
0000
0000
0f00
0000
0000
0000
0000
0000
0000
0f00
0000
0000
0000
e01f
0000
10fa
0000
0000
0000
0000
0000
0000
0070
0000
0000
0000
0000
0000
0000
0000
0000
0000
0000
0000
0000
0000
0000
0000
0000
0000
0000
0000
0000
0000
0000
0000
0000
0000
0000
0000
0000
0000
0000
0000
0000
0000
0000
0000
0000
0000
0000
0000
0000
0000
0000
0000
0000
0000
0000
0000
0000
0000
0000
0000
0000
0000
0000
0000
0000
0000
0000
0000
0000
0000
0000
0000
0000
0000
0000
0000
0000
0000
0000
0000
0000
0000
0000
0000
0000
0000
0000
0000
0000
0000
0000
0000
0000
0000
0000
0000
0000
0000
0000
0000
0000
0000
0000
0000
0000
0000
0000
0000
0000
0000
0000
0000
0000
0000
0000
0000
0000
0000
0000
0000
0000
0000
0000
0000
0000
0000
0000
0000
0000
0000
0000
0000
0000
0000
0000
0000
0000
0000
0000
0000
0000
0000
0000
0000
0000
0000
0000
0000
0000
0000
0000
0000
0000
0000
0000
0000
0000
0000
0000
0000
0000
0000
0000
0000
0000
0000
0000
0000
0000
0000
0000
0000
0000
0000
0000
0000
0000
0000
0000
0000
0079
002d
0000
0000
0000
0000
0000
0000
0000
0000
0000
0000
0000
0000
0000
0000
0000
0000
0000
0000
0000
0000
0000
0000
0000
0000
0000
0000
0000
0000
0000
0000
0000
0000
0000
0000
0000
0000
0000
0000
0000
0000
0000
0000
0000
0000
0000
0000
0000
0000
0000
0000
0000
0000
0000
0000
0000
0000
0000
0000
0000
0000
0000
0000
00f0
00f0
00f0
0000
0000
0000
0000
0000
0000
0000
0000
0000
0000
0000
0000
0000
0000
0000
0000
0000
0000
0000
0000
0000
0000
0000
0000
0000
0000
0000
0000
0000
0000
0000
0000
0000
0000
0000
0000
0000
0000
0000
0000
0000
0000
0000
0000
0000
0000
0000
308f
00f3
0040
0000
0000
0000
0000
0000
0000
0000
0000
0000
0000
0000
0000
0000
0000
0000
0000
0000
0000
0000
0000
0000
0000
0000
0000
0000
0000
0000
0000
0000
0000
0000
0000
0000
0000
0000
0000
0000
0000
0000
0000
0000
0000
0000
0000
0000
0000
0000
0000
0000
0000
0000
0000
0000
0000
0000
0000
0000
0000
0000
0000
0000
0000
0000
0000
0000
0000
0000
0000
0000
0000
0000
0000
0000
0000
0000
0000
0000
0000
0000
0000
0000
0000
0000
0000
0000
0000
0000
0000
0000
0000
0000
0000
0000
0000
0000
0000
0000
0000
0000
0000
0000
0000
0000
0000
0000
0000
0000
0000
00d0
00f5
0000
0000
0000
0000
0000
0000
0000
0000
0000
0000
0000
0000
0000
0000
0000
0000
0000
0000
0000
0000
0000
0000
0000
0000
0000
0000
0000
0000
0000
0000
0000
0000
0000
0000
0000
0000
0000
0000
0000
0000
0000
0000
0000
0000
0000
0000
0000
0000
0010
0000
0000
0000
0000
0000
0000
0000
0000
0000
0000
0000
0000
0000
0000
0000
0000
0000
0000
0000
0000
0000
0000
0000
0000
0000
0000
0000
0000
0000
0000
0000
0000
0000
0000
0000
0000
0000
0000
0000
0000
0000
0000
0000
0000
0000
0000
0010
0000
0000
0000
0000
0000
0000
e000
0000
100d
0000
00f0
203c
0000
e069
0000
7e00
0000
00a0
303f
0000
0010
0000
0000
0000
0000
401f
0000
00d0
0000
0000
0000
0000
0000
0000
0000
0000
0000
0000
0000
0000
0000
0000
0000
0000
0000
0000
0000
0000
d004
0000
0000
0000
00f0
401f
0000
f1ff
0000
00f1
0000
00f0
da01
0000
3dc4
0000
10e9
0000
00f1
2202
0000
22b2
0000
00d8
0000
0000
501e
0000
2322
0000
0010
0000
00f0
303f
0000
5ec3
0000
00d6
0000
0000
0000
0000
0000
0000
0000
0000
0020
3b00
0000
0000
0000
0000
0000
0000
af04
0000
bb93
0000
0010
0000
30ec
343f
0030
f809
0000
0e00
0000
00f0
104f
0000
36f7
0000
60fd
0000
007e
104f
0000
2232
0000
d0ff
0000
0000
104f
0000
36f7
0000
a2fe
0000
104f
104f
0000
00f1
0000
0000
0000
00f1
303f
0000
0810
0000
ad00
0000
0000
104f
0000
00e0
0010
102f
0000
104f
104f
0000
34f8
0000
a2fe
0000
105f
104f
0000
34f8
0000
aafe
0000
005f
104f
0000
36b4
0000
70ed
0000
0010
0000
0000
0010
0000
50ec
0000
00d8
1e00
0000
1f00
0090
0000
0000
0050
f702
0000
0080
0000
00f1
0000
0070
f502
0000
0010
0000
0000
0000
0000
0a00
0000
00f1
0000
0000
0000
0000
0000
0000
0000
0000
0000
0000
0000
0000
0000
0000
0000
f2a5
0000
0000
204f
0000
0000
0000
10ea
0000
00f1
402f
0000
0000
0000
60fd
0000
0000
f104
0000
0000
0000
f1d8
0000
0020
104f
0000
0000
0000
0000
0000
0000
f104
0000
0010
0000
802e
0000
0000
104f
0000
0000
0000
104f
0000
0020
104f
0000
0000
0000
00e8
0000
0000
104f
0000
0000
0000
f1d8
0000
0000
104f
0000
0000
0000
00c3
0000
0000
f104
0000
0000
0000
f1c5
0000
00a0
c900
0000
0000
0000
2f00
0000
0050
f603
0000
0000
0000
0040
0000
00f0
da01
0000
00f5
0000
0000
0000
0000
104f
0000
00d0
0000
0000
0000
0000
0000
0000
0000
0000
0000
0000
0000
0000
0000
0000
0000
0000
0000
0000
0000
0000
0000
0000
0000
0000
0000
00c0
0080
0000
0000
0000
0000
0080
0000
0000
0060
0000
e060
0000
0000
0000
00c0
00f0
0000
0000
0000
0000
0000
0000
0000
0000
0000
0000
0000
0000
0000
0000
0000
0000
0000
0000
0000
0000
0000
0000
00c0
0000
0000
0000
0000
0000
0000
0000
0000
0000
0000
0000
0000
0000
0000
0000
0000
0000
0000
0000
0000
0000
0000
0000
0000
0000
0000
0000
0000
0000
0000
0000
0000
0000
0000
0000
0000
0000
0000
0000
0000
0000
0000
0000
0000
0000
0000
0000
0000
0000
0000
0000
0000
0000
0000
0000
0000
0000
0000
0000
0000
0000
0000
0000
0000
0000
0000
0000
0000
0000
0000
0000
0000
0000
0000
0000
0000
0000
0000
0000
00c0
0000
0000
0000
0000
0080
0000
0000
0000
0000
0080
0000
0000
0000
0000
0000
0000
0000
c01f
1c3e
7070
003c
0000
0000
0080
00f0
0000
0000
00e0
00f0
00c0
0000
00c0
0000
001c
0000
0000
00e0
0038
00f0
0000
0000
0000
00e0
0000
0000
0000
0000
0000
0000
0000
00c0
0000
000e
0000
0000
0038
00f8
0038
0000
0000
0000
0000
0000
0000
0000
0000
0000
0000
0000
00f0
0000
0080
0000
0000
0000
0000
0000
0000
0000
003f
00c7
0007
0000
0000
0038
0038
0078
0000
00c0
0007
000f
0000
0000
00e0
00e0
0000
0000
0000
003c
0007
00f8
0000
0000
0038
00f0
0038
0000
0000
0000
0070
0000
0000
0000
0000
0000
0000
0000
0038
0038
00f0
0000
0000
00c0
0000
0000
0000
3c80
7070
c01d
0000
0000
00e0
0000
00c0
0000
0000
00c0
0000
0000
0000
0000
0000
0000
00e0
0000
0000
0000
0000
0000
0000
0000
0000
0000
0000
0000
0000
0000
0000
0000
0000
0000
0000
0000
0000
0000
0000
0000
0000
0000
0000
0000
0000
0000
0000
0000
0000
0000
0000
0000
0000
0080
0000
0000
0000
0000
0000
0000
0000
0000
0000
0000
0000
0000
0000
0080
0000
0000
0000
0000
0000
0000
0000
0000
0000
0000
0000
0000
0000
0000
0000
0000
0000
0000
0000
0000
0000
0000
0000
0000
0000
0000
0000
0000
0000
0000
0000
0000
0000
0000
0000
0000
0000
8003
8003
0000
0000
0000
0000
0000
0000
0000
0000
0000
0000
0000
0000
0000
0080
0000
0000
0000
0000
0000
0000
0000
0000
0000
0000
0000
0000
0000
0000
0000
0000
0000
0000
0000
0000
0000
0000
0000
0000
0000
0000
0000
0000
0000
0000
0000
001c
0070
0000
0000
0000
0000
0000
0000
0000
0000
0000
0000
0000
0000
0000
0000
0000
0000
0000
0000
0000
0000
0000
0000
0000
0000
0000
0000
0000
0000
0000
0000
0000
0000
0000
0000
0000
0000
0000
0000
0000
0000
0000
0000
0030
3000
0000
0066
0000
0000
f83f
1900
0000
001f
0300
0003
c700
0000
0030
3c30
0000
0000
0000
0600
0000
000c
3000
0000
0000
2200
0000
0000
0300
0000
0000
0000
0000
0000
0000
0000
0000
3000
0000
0030
0000
00c0
7070
0000
0000
0003
0000
0060
0000
0f00
0060
0000
0300
00f0
0000
3f00
00c0
0000
7800
0000
f07f
0e00
0000
6030
3000
0000
3060
0000
0000
0000
0000
0000
0000
0000
0018
1800
0000
00f0
0000
0000
0038
0000
6000
0000
0000
30c3
0000
c001
1f00
0000
0630
3000
0000
0060
0f00
0000
0130
0000
00fc
0030
0000
0000
0030
0000
0000
f103
3000
0003
0000
1800
0000
0000
0000
00c0
0000
1f00
0000
0030
3000
0000
013c
3060
0000
8331
3000
0000
0160
0000
000c
0030
0000
8003
0e1e
0000
00fc
0000
0f00
000e
0000
0100
0080
0000
3000
00fc
0000
0e00
0000
3060
0d60
0000
380e
3000
0000
6006
0000
00fc
000e
0000
0000
0030
0000
0000
0002
0000
0000
0018
0f00
0000
0000
0000
0000
0000
0000
0000
0000
1f00
0000
0030
3000
0000
c01f
1f00
0000
3070
0000
0000
f07f
0000
0000
0018
0000
00f0
300f
3000
0030
0000
0000
0000
0000
3000
0000
0000
3700
0000
0030
3000
0000
0000
30c0
0000
603c
3000
0000
3060
0000
0000
1830
0000
0030
f038
0000
0000
0000
0000
0080
0000
1800
0000
0000
3000
00b0
0000
3800
0000
0000
1b00
0000
6060
3000
0000
6070
0600
0000
0006
0000
0000
0018
0000
0000
0020
0000
0000
0018
0000
00f0
0000
0000
0000
0000
0000
0000
0020
0000
0000
0000
1200
0000
003c
0000
00c0
0000
1e00
0000
0040
0000
0000
0060
3000
0000
007c
0000
0000
000c
0000
0000
0000
0000
0000
0000
0000
0000
0000
6100
0000
0006
0000
0000
0000
0f00
0000
0033
0000
0000
0000
6000
0000
0003
0000
0080
0000
6300
0000
0000
6000
0000
0060
0000
0000
0000
3f00
0000
0007
0000
0000
0000
6600
0000
c03f
0000
00e0
0000
6000
0000
1860
0000
0000
0000
3000
0000
0c70
0000
0030
0000
3000
0000
0003
3c00
0070
3830
6000
0000
0660
6300
0000
f060
0000
001c
0000
3000
0000
0c60
0000
00c0
0000
0100
0000
0006
0000
0030
0000
3000
0000
e331
0000
00e0
0000
6000
0000
6000
7f00
0000
00c0
c000
0000
00f0
3000
0000
0000
0000
0000
0000
0000
0000
803f
0000
00c0
0000
6000
0000
c031
0000
0000
0000
fc00
0000
c01e
3100
0000
0000
0000
0000
0000
6000
0000
0063
6000
0000
0000
6100
0000
8061
0000
00c0
0000
6000
0000
c060
0000
0000
0000
6000
0000
0030
0000
0080
0000
6100
0000
1863
0000
0000
0000
0000
0000
0000
7f00
0000
0060
6000
0000
00c0
3000
0000
0000
0000
0000
0000
0000
0020
0000
0012
0008
0000
e020
0045
0040
0000
0010
0010
0000
0008
0000
0000
0000
0000
0020
0000
0000
0004
0018
0041
0000
0000
001c
0041
0004
0000
0000
003c
0000
0020
0000
0000
0000
4000
0041
0000
0000
4080
4040
0020
0000
0000
807f
0040
0020
0000
0000
0040
0004
0044
0000
0000
1042
4042
2020
0000
0000
4007
4020
4040
0000
0000
001f
0012
8822
0000
0000
0004
0010
0040
0000
0000
0020
0000
0000
0080
0000
803d
0041
001c
0000
0000
001c
0020
001d
0000
0000
0040
0040
0084
0000
0000
0821
0041
001c
0000
0040
001d
0040
003c
0000
0000
003d
0044
2084
0000
0000
0010
0010
0020
0000
0040
0020
0047
0000
0000
0000
0000
0000
0000
0010
0000
8038
0000
0040
0010
0000
0008
0000
0000
0000
0010
003c
0000
0000
0000
0000
0000
0000
003c
0020
0042
0002
0000
0000
0006
0000
0000
0066
8007
0000
0000
0000
0000
0000
0000
0040
c031
8040
0020
0004
0070
0020
a0a0
8050
8031
007e
0000
0000
0000
0000
0000
0000
0008
4010
0041
0008
0010
0040
0040
0020
0028
0000
0040
0000
0000
0000
0000
0000
0000
0040
0066
0042
0040
0040
0050
0040
8059
0000
0000
0000
0000
0000
0000
0000
0000
0000
0010
0022
0028
0024
0010
0040
0040
0020
0000
0000
0000
0040
0000
0000
0000
0048
0000
0040
0000
0000
0000
0000
0000
0070
0020
0080
0000
0000
0080
0040
0000
0000
0000
0040
0000
0000
001f
0028
0044
0000
0000
0040
0042
0000
0000
0048
0040
0049
0000
0078
0042
0044
0000
0000
0044
0022
0000
0000
0040
0040
0040
0000
0040
0010
00c8
0000
0000
00e0
0088
0000
0000
0080
0080
0092
0000
0000
0098
0080
0000
0000
0088
0054
0000
0000
0040
0040
0040
0000
0000
c3ff
fe7c
ffff
c3e7
bd99
3c66
6363
f8fe
1818
1b7b
0000
1818
fe0c
c0c0
7c38
0000
0000
067c
dc76
3030
ff3c
0000
0000
d6d6
3018
fecc
c6fc
c67c
0000
6030
060c
dede
667c
6666
6878
c6fe
0c0c
6060
cede
607c
6c7c
1818
c6c6
3838
3018
3870
0000
0000
666c
cc6c
60f0
6676
0606
1818
6666
6666
6676
3030
6666
386c
18cc
1800
0000
c0c0
fec6
7c0c
7c0c
fec6
fec6
1818
c6c6
7c60
ccfe
c6c6
cccc
c6c6
c6c6
6060
decc
7c0c
c6c6
6666
007e
6030
06fe
3018
d86c
4411
77dd
f818
f636
f818
3636
fe06
f818
1f18
ff00
ff00
1f18
3f30
ff00
3730
f700
ff36
ff00
1f18
3f00
ff18
1f00
ff00
0f0f
d8dc
c0c0
1830
6666
6666
6cc6
dbdb
607c
fe00
0c06
1818
7e00
0000
0000
006c
7c7c
0000
0010
ffff
187e
0080
001b
0018
0000
0000
0030
0018
6030
007c
001e
0078
0018
0078
00f8
00cc
00fe
00f0
0078
00c6
0002
0000
0076
00e6
0078
f060
0018
00c6
0018
780c
007e
003c
003c
00fc
0078
f80c
00fc
007e
00cc
0078
03cf
8822
1818
1818
0000
0000
0000
0000
3636
0000
0000
1818
ffff
0076
00fc
fc30
0000
0000
1818
0000
0000