2029
0000
2022
0000
0000
0000
0000
100f
302f
504f
706f
908f
b0af
d0cf
f0ef
ffff
ffff
ffff
ffff
1110
0000
0000
017d
24f0
4a49
8a89
c6c5
f9f8
0751
1918
6665
a3a2
d8d7
4d38
0070
23a9
0035
001c
7787
0808
0808
0808
0808
0808
0808
0808
0808
0001
0808
0808
0808
0808
0010
0808
0808
0808
0808
0000
0906
0708
0506
0002
0000
0808
0b09
0808
cd3c
0000
0a0a
0505
0604
0000
0606
060e
040a
0011
0000
0d0d
1210
0e08
0000
0909
1622
120b
0001
0000
0603
0b07
0b03
0010
0000
0a0a
0a0b
0909
0000
100b
0c0e
0b0c
0009
0000
0e0e
110f
0d0e
fbbc
0000
1210
090d
0a07
0000
0e0f
0c1d
0a18
0024
0000
0000
0000
0000
0000
0000
0000
0000
0000
0000
0000
0000
0000
0000
0000
0000
0404
090a
1315
1a1d
2126
252c
2931
2c35
2d36
2f38
303a
313c
333e
333e
343f
3540
3540
3541
3742
3642
3843
3843
3843
3945
3945
3945
3a46
3945
3a46
3a47
3b47
3b47
3b47
3b47
3b47
3b47
3b47
3c48
3c48
3c48
3b47
3c49
3c49
3c49
3c49
3c49
3c49
3d49
3d4a
3d4a
3d49
3c49
3c49
3d4a
3d4a
3d4a
3d4a
3d4a
3d4a
3d4a
3d4a
3e4a
3e4a
0000
0000
0000
0000
0000
0000
0000
0000
0000
0000
0000
0000
0000
0000
0000
0000
0000
0000
0000
0000
0000
0000
0000
0000
0000
0000
0000
0000
0000
0000
0000
0000
0000
0000
0000
0000
0000
0000
0000
0000
0000
0000
0000
0000
0000
0000
0000
0000
0000
0000
0000
0000
0000
0f00
0000
0000
0000
f1ff
0000
0000
0000
0000
0f00
0000
0000
0000
0000
0000
0000
0000
0000
0000
0000
0000
0000
0000
0000
0000
0000
0000
0f00
0000
0000
00b0
00fe
0000
0000
0000
0000
0000
0000
0000
0000
0000
0000
0000
0000
0000
0000
0000
0000
0000
0000
0000
0000
0000
0000
0000
0000
0070
0010
0000
0000
0000
b0ff
50ff
0000
0000
00ff
ef00
ff04
0000
0000
0000
0000
0000
0000
0000
0000
0000
0000
0000
0000
0000
0000
0000
00b0
0000
ffef
0000
0000
0000
ffff
0000
0000
00f7
0000
f3ff
0000
0000
fdff
ff9e
0000
0000
0000
0000
0000
0000
0000
0000
0000
0000
0000
0000
00f8
00f1
0000
0000
fd3f
81ed
0000
0000
ffff
10fe
0000
0000
ff02
ff6f
0000
0000
0000
0000
0000
0000
0000
0000
0000
0000
0000
0000
0000
ffff
ffaf
0000
0000
10fd
8ffe
0000
0000
feff
feff
00f4
0000
0000
ffdf
ffff
0000
0000
0000
0000
0000
0000
0000
0000
0000
0000
0000
0000
0000
f1ff
0000
0000
0000
0000
0000
0000
0000
0000
0000
0000
0000
0000
0000
0000
0000
0000
0000
0000
0000
0000
0000
0000
0000
0000
0000
0030
0c00
0000
0000
0000
0000
0600
0000
0000
0000
f1ff
0000
0000
0000
0000
0000
0000
0000
0000
0500
0000
0000
0000
0000
0000
0000
0000
0000
50ff
0000
0000
0000
00fa
0000
0000
0000
0000
0f00
0000
0000
0000
70ff
0000
0000
0000
0000
e1ff
0000
0000
0000
0000
0000
0000
0000
0000
0000
0000
0000
0000
f0ff
0000
0000
0000
72fb
ef01
0000
0000
0000
0000
0000
0000
0000
0000
0000
0000
0000
0000
0000
0000
0000
0000
0000
0000
0000
0000
0000
ff00
0000
0000
0000
10ff
ffff
0000
0000
0000
ff00
0000
0000
0000
0000
0000
0000
0000
0000
0000
0000
0000
0000
0000
0000
0000
0000
0000
0000
0000
0000
0000
0000
0000
0000
0000
0000
0000
0000
0000
0000
0000
00fb
0000
0000
0000
0000
0000
0000
0000
0000
0000
0000
0000
0000
0000
0000
0000
0000
0000
0000
0000
0000
0000
0000
0000
0000
0000
0000
0000
0000
0000
0000
0000
0000
0000
0000
0000
0000
0000
0000
0000
0000
0000
0000
0000
0000
0000
0000
0000
0000
0000
0000
0000
0000
0000
f1ff
0000
0000
0000
0000
0000
0000
0000
0000
0000
0000
0000
0010
0200
0000
0000
0000
00a0
0000
0000
0000
0000
00f4
0000
0000
0000
0000
00fd
0000
0000
0000
0000
0000
0000
0000
0000
0000
0000
0000
0000
ffff
0000
0000
0060
0000
10ff
0000
0000
ff1f
0000
ff00
0000
00a0
0300
ffcf
0000
0000
0000
0000
0000
0000
0000
0000
0000
0000
0000
0000
ffff
0800
0000
0000
10ff
0000
0000
0000
0000
ff00
0000
0000
0000
10ff
0000
0000
0000
0000
0000
0000
0000
0000
0000
0000
0000
0000
0000
0000
0000
0000
0050
0000
c1cc
0000
0000
e1ff
0000
0000
0000
0000
0010
ff0a
0000
0000
ffff
0000
0000
0000
0000
0000
0000
0000
0000
0000
0000
0000
0000
0010
0000
9199
0000
0000
80ff
ff0f
0000
0000
00fd
0000
f7ff
0000
0000
40fd
0000
0000
0000
0000
0000
0000
0000
0000
0000
0000
0000
0000
0000
ffff
0000
0000
0000
00ff
00f4
0000
0000
0000
ffff
ffff
0000
0000
00ff
0000
0000
0000
0000
0000
0000
0000
0000
0000
0000
0000
0000
0000
3333
ff5f
0000
0000
0020
ffff
0600
0000
00d0
0000
8088
0000
0000
f3ff
ffff
0000
0000
0000
0000
0000
0000
0000
0000
0000
0000
0000
0000
ffff
ff1c
0000
0000
0000
ff5d
0f00
0000
00f9
0000
f3ff
0000
0000
ffdf
ffff
0000
0000
0000
0000
0000
0000
0000
0000
0000
0000
0000
0000
ffff
3333
0000
0000
10fd
0000
0000
0000
0000
00f4
0000
0000
0000
0000
ffff
0000
0000
0000
0000
0000
0000
0000
0000
0000
0000
0000
0000
c8fe
ff3e
0000
0000
ff1f
0000
0000
0000
0000
2c00
80ff
0000
0000
ff7f
0020
0000
0000
0000
0000
0000
0000
0000
0000
0000
0000
0000
0000
0000
bf02
0000
0000
ff9f
0000
ef00
0000
00f0
bf25
ff08
0000
0000
ff9f
0000
0000
0000
0000
0000
0000
0000
0000
0000
0000
0000
0000
0000
0000
0000
0000
0000
0000
0000
0f00
0000
0000
0000
0000
0000
0000
0000
0000
0000
0000
0000
0000
0000
0000
0000
0000
0000
0000
0000
0000
0000
0000
0000
0000
0000
0000
0f00
0000
0000
0000
0000
0000
0000
0000
0000
0000
0000
0000
0000
60ff
0000
0000
0000
0000
0000
0000
0000
0000
0000
0000
0000
0000
0000
0000
0000
0000
ffff
df06
0000
0000
0000
feff
0000
0000
0000
0000
0000
0000
0000
0000
0000
0000
0000
0000
0000
0000
0000
0000
0000
0000
0000
0000
0000
ffff
0000
0000
0000
ffff
ffff
0000
0000
0000
0000
0000
0000
0000
0000
0000
0000
0000
0000
0000
0000
0000
0000
0000
0000
0000
0000
0000
0000
ffff
0000
0000
ffff
0000
0000
0000
0000
0000
0000
0000
0000
0000
0000
0000
0000
0000
0000
0000
0000
0000
0000
ffff
ff07
0000
0000
ff05
0000
0000
0000
0000
f9ff
0000
0000
0000
0000
0f00
0000
0000
0000
0000
0000
0000
0000
0000
0000
0000
0000
ccac
8f01
0000
c1ff
0000
0000
b0ff
20ff
00f3
0000
0e00
ff00
0000
ff0b
50ff
00fc
0010
edce
0000
00f7
0000
0000
62ca
0000
0000
0000
0000
0000
0800
0000
0000
0000
ffb1
0000
0000
0000
ffaf
00fa
0000
0000
a0ff
0000
80ff
0000
00f2
0000
0000
0000
0000
0000
0000
0000
0000
0000
0000
0000
0f00
0000
40ff
0000
f1ff
0000
0000
e7ff
ffff
0f00
0000
ff2f
0000
f1ff
0000
0000
95ec
0000
0000
0000
0000
0000
0000
0000
0000
0000
0000
0000
0000
10fc
0000
f1ff
0000
0000
0000
0000
ff00
0000
0000
0000
f9ff
0000
0000
d5ff
0000
0000
0000
0000
0000
0000
0000
0000
0000
0000
0000
0000
0040
0000
f1ff
0000
0090
0000
0000
0f00
0000
ff2f
0000
f1ff
0000
0000
feff
ffff
0000
0000
0000
0000
0000
0000
0000
0000
0000
0000
0000
00f8
3333
f1ff
0000
0000
0000
3333
0f00
0000
0000
0000
f1ff
0000
0000
3333
ffff
0000
0000
0000
0000
0000
0000
0000
0000
0000
0000
0000
00f8
ffff
f1ff
0000
0000
0000
0000
0f00
0000
0000
0000
f1ff
0000
0000
0000
0000
0f00
0000
0000
0000
0000
0000
0000
0000
0000
0000
0000
0000
ffff
ff1d
0000
0000
0000
0000
ff00
0000
ffff
3302
20ff
0000
0010
0300
e8ff
0000
0000
0000
0000
0000
0000
0000
0000
0000
0000
0000
0000
0000
f1ff
0000
00ff
0000
0000
0f00
0000
ffff
3333
f1ff
0000
00ff
0000
0000
0f00
0000
0000
0000
0000
0000
0000
0000
0000
0000
0000
0000
0000
ffff
0000
0000
0000
0010
0000
0000
0000
0000
ffff
0000
0000
0000
0010
0000
0000
0000
0000
0000
0000
0000
0000
0000
0000
0000
0000
0000
0000
0000
0000
ffff
0000
0000
0000
0010
0000
0000
0000
0000
ffff
0000
3f00
0000
0000
0000
0000
0000
0000
0000
0000
0000
0000
0000
0000
0000
0000
0000
ff5f
0000
0f00
0000
0000
00f9
ffff
0000
0000
50ff
0000
0f00
0000
fdff
0000
0000
0000
0000
0000
0000
0000
0000
0000
0000
0000
0000
0000
0000
0000
0f00
0000
0000
0000
f1ff
0000
0000
0000
0000
0f00
0000
0032
ffff
0000
0000
0000
0000
0000
0000
0000
0000
0000
0000
0000
2f00
0000
10fe
0f00
ffff
0900
00a0
f1ff
0010
0050
0100
0000
0f00
ffff
00c0
0b00
f1ff
0000
0000
0000
0000
0000
0000
0000
0000
0000
0000
0000
0000
00f5
0f00
0000
ff01
00fc
f1ff
0000
00ff
50ff
0000
0f00
0000
ffff
0000
f1ff
0000
0000
0000
0000
0000
0000
0000
0000
0000
0000
0000
20b7
ffff
0000
0000
ff2f
0000
20ff
0000
00ff
0000
0000
bf00
0000
ffbf
0000
8f00
0000
0000
0000
0000
0000
0000
0000
0000
0000
0000
0000
0000
ffff
0f00
0000
fbff
0000
f1ff
0000
0000
ffff
ffff
0f00
0000
0000
0000
f1ff
0000
0000
0000
0000
0000
0000
0000
0000
0000
0000
0000
0000
8c04
0000
0000
feff
0000
60ff
0000
00ff
0000
0000
ef00
0000
ff0b
0000
ff7f
0000
60ff
0000
0000
0000
0000
0000
0000
0000
0000
0000
0000
0000
0f00
0000
f2ff
0000
f1ff
0000
0000
ff9e
ffff
0f00
0000
fcff
0000
f1ff
0000
0040
0000
0000
0000
0000
0000
0000
0000
0000
0000
0000
0000
0000
0000
10fd
0000
ffff
0000
0000
0000
ffbf
0000
0000
faff
0000
f9ff
0000
0000
fcff
0000
0000
0000
0000
0000
0000
0000
0000
0000
0000
0000
0000
ffff
f0ff
0000
0000
0000
0000
1f00
0000
0000
0000
f0ff
0000
0000
0000
0000
1f00
0000
0000
0000
0000
0000
0000
0000
0000
0000
0000
0000
ff0f
0000
f1ff
0000
00f1
0000
0000
0f00
0000
ff0f
0000
f4ff
0000
0010
ffaf
ffdf
0000
0000
0000
0000
0000
0000
0000
0000
0000
0000
0000
ff07
0000
60ff
0000
0000
9f00
00d0
0000
0000
0010
0b00
0000
0000
0000
00a0
6f00
0000
0000
0000
0000
0000
0000
0000
0000
0000
0000
0000
0000
0500
00fd
50ff
0000
7ffb
0000
0400
ffef
ff9f
f3ff
ff08
0000
affe
0000
ffff
0000
0050
0000
0000
0000
0000
0000
0000
0000
0000
0000
0000
0000
fdff
0000
0000
ffff
feff
0000
0000
0000
ffff
0000
0000
0000
ff5f
00d1
2e00
0000
0000
0000
0000
0000
0000
0000
0000
0000
0000
0000
0000
10fe
0000
0000
ff06
00fa
0000
0000
0000
ffff
0000
0000
0000
0000
0f00
0000
0000
0000
0000
0000
0000
0000
0000
0000
0000
0000
0000
0000
ffff
0000
0000
ff4f
0000
0000
0000
0000
e2ff
0000
0000
0000
0000
00d1
1e00
0000
f0ff
0000
0000
0000
0000
0000
0000
0000
0000
0000
0000
f1ff
0000
0000
0000
0000
0f00
0000
0000
0000
f1ff
0000
0000
0000
0000
0f00
0000
0000
0000
f1ff
0000
0000
0000
0000
0000
0000
0000
0000
0000
0000
0000
0000
0000
0600
0000
0000
0000
bf00
0000
0000
0000
ff1f
0000
0000
0000
f6ff
0000
0000
0000
0000
0000
0000
0000
0000
0000
ffff
0000
0000
0000
00f1
0000
0000
0000
0000
ff0f
0000
0000
0000
00f1
0000
0000
0000
0000
ff0f
0000
0000
0000
00f1
0000
0000
0000
0000
0000
0000
0000
0000
f8ff
0000
0000
0000
60ff
00fe
0000
0000
0000
0000
0000
0000
0000
0000
0000
0000
0000
0000
0000
0000
0000
0000
0000
0000
0000
0000
0000
0000
0000
0000
0000
0000
0000
0000
0000
0000
0000
0000
0000
0000
0000
0000
0000
0000
ffff
0000
0000
0000
0000
0000
0000
0000
0000
0000
0060
0000
0000
0000
0000
0000
0000
0000
0000
0000
0000
0000
0000
0000
0000
0000
0000
0000
0000
0000
0000
0000
0000
0000
0000
0000
0000
0000
0000
0000
0000
a5ed
ff4e
0000
0000
ffff
efad
0300
0000
0000
0500
b0ff
0000
0000
0000
0000
0000
0000
0000
0000
0000
0000
0000
0000
0000
0f00
0000
0000
0000
f1ff
0000
0000
ff1f
0000
0f00
0000
00fe
0000
fcff
0000
0000
0061
0000
0000
0000
0000
0000
0000
0000
0000
0000
0000
0000
0000
0000
0000
0200
0000
0000
faff
0000
df00
0000
0000
0000
d0ff
0000
0000
0080
0000
0000
0000
0000
0000
0000
0000
0000
0000
0000
0000
0000
00f0
0000
0000
0000
0000
ffff
0000
af00
0000
00f0
0000
70ff
0000
0000
ffa9
febd
0000
0000
0000
0000
0000
0000
0000
0000
0000
0000
0000
0000
0000
0000
0000
0000
60ff
0000
8f00
0000
0010
0000
40ff
0000
0000
b0ff
ffff
0000
0000
0000
0000
0000
0000
0000
0000
0000
0000
0000
0000
0000
ff1f
0000
0000
0000
00f0
0000
0000
0000
0000
ff1f
0000
0000
0000
00f0
0000
0000
0000
0000
0000
0000
0000
0000
0000
0000
0000
0000
0000
0000
0000
0000
ff07
64fb
0d00
0000
00f0
0000
10ff
0000
0000
ffaf
54fa
0000
0000
00d0
0000
fc3f
0000
0000
0000
0000
0000
0000
0000
0000
f1ff
0000
0000
0081
ffef
0f00
0000
00f0
0000
f1ff
0000
0000
ff0f
0000
0f00
0000
0000
0000
0000
0000
0000
0000
0000
0000
0000
0000
0000
0000
0000
0000
0000
0000
0f00
0000
0000
0000
f1ff
0000
0000
0000
0000
0f00
0000
0000
0000
0000
0000
0000
0000
0000
0000
0000
0000
0000
ff0f
0000
0000
0000
00f1
0000
0000
0000
0000
ff0f
0000
0000
0000
00f1
0000
0000
0000
0000
ff1f
0000
0000
0000
0000
0000
0000
0000
0000
f1ff
0000
0000
0000
0000
0f00
0000
0000
fcff
f1ff
0000
0000
0000
0500
0f00
0000
0000
0000
0000
0000
0000
0000
0000
0000
0000
0000
0000
f1ff
0000
0000
0000
0000
0f00
0000
0000
0000
f1ff
0000
0000
0000
0000
0f00
0000
0000
0000
0000
0000
0000
0000
0000
0000
0000
0000
0000
0000
0000
0000
0000
0000
0000
0081
ff8f
5f00
f1ff
00e0
0000
ffff
0000
0f00
ff0f
0010
0000
f1ff
0000
0000
0000
0000
0000
0000
0000
0000
0000
0000
0000
0000
0000
0000
0000
0000
af45
f8ff
0000
0000
ff1f
0000
0f00
0000
00f0
0000
f1ff
0000
0000
0000
0000
0000
0000
0000
0000
0000
0000
0000
0000
0000
0000
0000
0000
ffff
ffff
0000
0000
ff03
0000
df00
0000
00f3
0700
ff09
0000
0000
0000
0000
0000
0000
0000
0000
0000
0000
0000
0000
0000
0000
0000
0000
ffff
ffff
0000
0000
ff06
0000
0f00
0000
00fa
0000
ffff
0000
0000
0000
0000
0f00
0000
0000
0000
0000
0000
0000
0000
0000
0000
0000
0000
40d9
ff1d
0000
0000
ff1f
0000
ff00
0000
00f0
0000
feff
0000
0000
ff1f
0000
0000
0000
00f0
0000
0000
0000
0000
0000
0000
0000
0000
0000
0000
b0ff
0000
0000
0000
0000
0f00
0000
0000
0000
f1ff
0000
0000
0000
0000
0000
0000
0000
0000
0000
0000
0000
0000
0000
0000
0000
0000
0000
1600
0000
0000
d0ff
0000
0200
0000
0000
2d00
20ff
0000
0000
00c3
0000
0000
0000
0000
0000
0000
0000
0000
0000
0000
0000
0000
0000
0000
ff1f
0000
0000
0000
00f0
0000
0000
0000
0000
ff1f
0000
0000
0000
edbe
0000
0000
0000
0000
0000
0000
0000
0000
0000
0000
0000
0000
0000
0000
0000
0000
ff0f
0000
0f00
0000
00f1
0000
f1ff
0000
0000
ffee
ffff
0000
0000
0000
0000
0000
0000
0000
0000
0000
0000
0000
0000
0000
0000
0000
0000
f8ff
0000
0b00
0000
0000
ff5f
ff03
0000
0000
0000
ffaf
0000
0000
0000
0000
0000
0000
0000
0000
0000
0000
0000
0000
0000
0000
0000
0000
00fe
0000
8f00
00e0
0010
70ff
ff9f
0000
60ff
0a00
fbff
0000
0000
0000
0000
0000
0000
0000
0000
0000
0000
0000
0000
0000
0000
0000
0000
f9ff
0000
0100
0000
0000
00fd
0000
0000
0000
0010
0030
7f00
0000
0000
0000
0000
0000
0000
0000
0000
0000
0000
0000
0000
0000
0000
0000
0000
0000
ff03
0000
0000
ff0a
ff9f
0000
0000
0000
efff
0000
0000
0000
0000
1d00
0000
0000
0000
0000
0000
0000
0000
0000
0000
0000
0000
0000
ffff
ff00
0000
0000
f9ff
0000
0000
0000
0000
00f3
0c00
0000
0000
0000
0000
0000
0000
0000
0000
0000
0000
0000
00d9
0000
0000
0000
0000
10ff
0000
0000
0000
0000
ffef
0000
0000
0000
00fd
0000
0000
0000
0000
9f00
0000
0000
0000
0000
0000
0000
0000
0000
0000
0000
0000
0000
0000
0f00
0000
0000
0000
f1ff
0000
0000
0000
0000
0f00
0000
0000
0000
f1ff
0000
0000
0000
0000
0000
0000
0000
0000
0010
0000
0000
0000
00d0
0000
0000
0000
0000
ff09
0000
0000
0000
10fe
0000
0000
0000
0000
ff2f
0000
0000
0000
0000
0000
0000
0000
0000
0000
0000
0000
0000
0000
0000
0000
0000
0000
0000
0000
00fe
0090
0000
0000
0000
0000
0000
0000
0000
0000
0000
0000
0000
0000
0000
0000
0000
0000
0000
0000
0000
0000
0000
0000
0000
0000
0000
0000
0000
0000
0000
0000
0000
0000
0000
0000
0000
0000
0000
0000
0000
0000
0000
0000
0000
0000
0000
0000
0000
0000
0000
0000
0000
0000
0000
0000
0000
0000
0000
0000
0000
00ff
0000
0000
0f00
0000
0000
0000
0000
0000
0000
0000
0000
0000
0000
0000
0000
0000
ff00
00a0
0000
0000
0000
0000
0000
0000
0000
0000
0000
0000
0000
0000
0000
00f4
0000
0000
fd07
00fc
0000
0000
ef00
0000
0000
0000
0000
0000
0000
f6ff
0000
0000
20ff
0000
0000
0000
0000
0000
0000
0300
0000
0000
0000
0000
0000
0000
69f9
0800
0000
0000
7f00
5e31
0000
ee02
df01
0000
0000
0000
0000
0000
0000
0000
0000
0f00
ff19
0000
0000
0060
efff
0000
0000
0000
0000
0000
0000
0000
0000
ff00
0000
0000
0000
0000
0000
0000
0000
0000
0000
0000
0000
0000
0000
0000
00e2
0000
0000
00fa
0000
0000
ff00
0000
0000
0000
c0ef
0000
0000
0000
0000
0000
0000
a0ff
0000
0000
0000
00e0
0000
0000
ff08
0000
0000
7f00
0000
0000
0000
0000
0000
0000
0000
0220
0000
0000
00f9
0000
0000
0000
0000
0000
0000
0000
0000
0000
0000
0000
0000
0000
6f66
ffff
0000
0000
00ff
0000
0000
0000
0000
0000
0000
0000
0000
0000
0000
0000
0000
0000
0000
0000
0000
00d0
0000
0000
0000
0000
0000
0000
0000
0000
0000
0000
6666
0000
0000
0000
0000
0000
0000
0000
0000
0000
0000
0000
0000
0000
0000
0000
0000
0000
0000
0000
ff00
0000
0000
0000
0000
0000
0000
0000
a0df
0000
0000
ff07
0000
0000
2f00
0000
0000
0000
0000
0000
0000
0000
0000
0000
0000
00f0
ff0f
0000
ff00
0000
0000
0000
0000
0000
0000
0000
0000
0000
0000
8888
0000
0000
0000
f0ff
0000
0000
0000
0000
0000
0000
0000
0000
0000
0000
0010
0000
ef00
0500
0000
0000
6f00
0000
0000
ff00
0000
0000
0000
0000
0000
0000
0200
0b00
0000
0000
af00
f2df
0000
bf00
9e66
0000
0000
0000
0000
0000
0000
0000
0000
0000
df01
00f0
0000
ef01
ffff
0000
0000
0000
0000
0000
0000
0000
0000
0000
76ff
0000
0000
6f00
0900
0000
0000
10fd
00a0
0000
0000
0000
0000
0000
0000
00a6
0000
8f00
5235
0000
0000
00f0
fc4f
0000
0000
0000
0000
0000
0000
0000
0000
ff0f
0000
0000
0000
0200
0000
0000
0000
00f0
0000
0000
0000
0000
0000
0000
0000
0000
0000
20ff
c1ff
0000
8f00
0000
0000
0000
0000
0000
0000
0000
0000
0000
0000
a6ff
70ff
0000
ff0a
ff7a
0000
0000
0000
0030
0000
0000
0000
0000
0000
0000
0000
0000
ff00
0000
0000
0000
0000
0000
0000
ff00
0000
0000
0000
0000
0000
0000
0000
0000
0000
0000
0000
0000
0000
0000
0000
0000
0000
0000
0000
0000
0000
0000
0000
0000
0000
00f8
0000
fe0f
10c6
0000
0000
0000
0000
0000
0000
0000
0000
0000
0000
0000
0000
6600
0000
0000
0000
0000
0000
0000
0000
0000
0000
0000
0000
0000
0000
0000
0000
0000
0000
0000
0000
0000
0000
0000
0000
0000
0000
0000
0000
4e00
bf00
0000
0000
0300
0000
0000
0000
0000
0000
0000
0000
0000
0000
0000
0000
ffff
0000
70ff
30fc
0000
ef00
f64f
f06f
00f5
b0ef
0000
0000
0000
0000
0000
0000
0500
00b0
0000
0000
0000
0000
0000
00d0
0900
0000
0000
0000
0000
0000
0000
00a5
0000
ff00
0000
0000
0000
00f0
1f00
0000
ff00
0000
0000
0000
0000
0000
0000
0000
0000
c0ff
0000
00f0
0000
0000
0d00
66c8
0000
0000
0000
0000
0000
0000
0000
0010
0000
00ff
0000
0000
0f00
0000
b0ff
0000
0000
0000
0000
0000
0000
0000
0000
66f6
0000
0000
ff00
6666
0000
0000
00f0
f8ff
0000
0000
0000
0000
0000
0000
ffff
0000
ff00
0000
0000
0000
00f0
0000
0000
ff00
0000
0000
0000
0000
0000
0000
0000
0000
d0ff
0000
00f0
ffff
0000
1e00
66d9
0000
0000
0000
0000
0000
0000
0000
ff0f
0000
00ff
0000
0000
0f00
0000
ff0f
0000
0000
0000
0000
0000
0000
0000
0000
00ff
0000
0000
0f00
0000
0000
0000
00ff
0000
0000
0000
0000
0000
0000
0000
00ff
0000
0000
0f00
0000
0000
0000
00fe
0000
0100
0000
0000
0000
0000
0000
0000
ff00
0200
0000
0000
ffff
0000
0000
ff00
0000
70ff
0000
0000
0000
0000
0000
0000
0000
0000
00ff
0000
0000
0f00
0000
0000
0000
0000
0000
0000
0000
0000
0000
0000
e0ff
0000
ff7f
ff00
80ff
00f9
0000
00f0
b0ff
0000
0000
0000
0000
0000
0000
0000
0000
0f00
d0ff
ff0f
0000
00ff
ff09
0000
0f00
0000
0000
0000
0000
0000
0000
0000
0000
f5df
0000
00f0
0000
0000
0d00
66d8
0000
0000
0000
0000
0000
0000
0000
0000
0000
00f0
7f00
0000
ff00
0000
0000
0000
0000
0000
0000
0000
0000
0000
0000
ff6f
0800
0000
ff00
0000
fe1f
0000
f6ff
fdff
00a0
0000
0000
0000
0000
0000
00a5
0000
ff00
0000
0000
0000
00f0
ff00
0000
ff00
0000
0000
0000
0000
0000
0000
0000
0000
00fd
0000
df04
ffef
0000
af00
6796
0000
0000
0000
0000
0000
0000
0000
00ff
0000
0000
0000
0000
0000
f0ff
0000
0000
0000
0000
0000
0000
0000
0000
0000
00f0
0000
0000
ff00
0000
f0ff
0000
b2ff
fbff
0000
0000
0000
0000
0000
0000
0200
0000
9f00
0000
0000
0000
ff04
00f2
0000
0000
0000
0000
0000
0000
0000
0000
ff1f
1f00
0050
0050
10ff
0900
90ff
0000
00f4
ef00
0000
0000
0000
0000
0000
0000
00f9
0000
ff0a
00f2
0000
0000
0b80
0000
0000
0000
0000
0000
0000
0000
0000
0000
00f2
ff1e
0000
0000
ffff
0000
0000
0000
0000
0000
0000
0000
0000
0000
0000
ffff
0000
0000
ff0c
0000
0000
fb7f
0000
0000
ff0f
0000
0000
0000
0000
0000
0000
ff00
0000
0000
0000
00f0
0000
0000
ff00
0000
0000
0000
ffff
0000
0000
0000
0000
0000
0000
00fd
0000
0000
0000
00f3
0000
0000
0000
0040
0000
0000
0000
0000
0000
f0ff
0000
0000
0000
0000
0000
0000
f0ff
0000
0000
ff0f
0000
0000
0000
0000
0000
0000
0c00
80ff
0000
0000
0000
0000
0000
0000
0000
0000
0000
0000
0000
0000
0000
0000
0000
0000
0000
0000
0000
0000
0000
0000
0000
0000
0000
0000
0000
0000
0000
0000
0000
0000
0000
0000
0000
0000
0000
0000
0000
0000
0000
0000
0000
0000
0000
0000
0000
0900
6656
0000
0000
00f5
f2ef
0000
0000
0000
0000
0000
00f0
0000
0000
ff00
cf67
0000
0000
00f0
fb5f
0000
ff00
0000
0000
0000
0000
0000
0000
0000
0000
0000
0000
0060
0000
0000
ff05
ef69
0000
0000
0000
0000
0000
0000
0000
0000
0000
ffff
f0ff
0000
ff0f
0000
0000
0000
0000
0000
0000
0000
0000
0000
0000
0000
0000
0000
ff04
6666
0000
0000
00fa
30fe
0000
0000
0000
0000
0000
6c00
0000
0000
ff0f
0066
0000
0000
f0ff
0000
0000
0000
0000
0000
0000
0000
0000
0000
0000
0000
0000
0000
00f7
ff0f
0000
7f00
9e76
0000
0000
ffff
0000
0000
0000
0000
0000
0000
eff3
90ff
0000
ff00
0000
0000
0000
0000
0000
0000
0000
0000
0000
0000
0000
0000
0000
ff00
0000
0000
0000
00f0
0000
0000
0000
0000
0000
0000
f0ff
0000
0000
0000
0000
0000
0000
f0ff
0000
0000
0000
0000
0000
0000
0000
0000
0000
ff00
0000
0000
0000
03f0
0000
0000
ff00
bf00
0000
0000
0000
0000
0000
0000
0000
0000
0000
00f0
0000
0000
ff00
0000
0000
0000
0000
0000
0000
0000
0000
0000
0000
0000
0000
f4ff
ff00
0000
0000
00f0
00f0
f0ff
0000
0000
0000
0000
0000
0000
0000
0000
ff00
cf68
0000
0000
00f0
f0ff
0000
ff00
0000
0000
0000
0000
0000
0000
0000
0000
0000
0000
0060
fe1f
0000
ff04
df68
0000
0000
0000
0000
0000
0000
0000
0000
0000
ff97
d0ff
0000
ff00
0000
0000
0000
00f0
0000
0000
0000
0000
0000
0000
0000
0000
0000
ff05
0000
0000
0000
00f6
f0ff
0000
0000
0000
0000
0000
0000
0000
0000
ff00
0064
0000
0000
00f0
0000
0000
ff00
0000
0000
0000
0000
0000
0000
0000
0000
0000
0000
00f3
0000
0000
ef00
bf67
0000
0000
0000
0000
0000
0000
0000
0000
0000
ffff
0000
0000
0000
0000
0000
0000
0000
0000
0000
0000
0000
0000
0000
0000
0000
0000
ff00
0000
0000
0000
00fa
f0cf
0000
0000
0000
0000
0000
0000
0000
0000
fe2f
0b00
0000
0000
c0df
0000
0000
0000
0000
0000
0000
0000
0000
0000
0000
0000
0800
0000
00f1
f26f
0010
0000
0090
10ff
0000
0000
0000
0000
0000
0000
0000
0000
00f2
0070
0000
0000
b0ff
0000
0000
0000
0000
0000
0000
0000
0000
0000
0000
0000
0000
df00
ff04
0000
0000
ff07
0000
0000
9a02
0000
0000
0000
0000
0000
0000
ff0f
ff66
0000
0000
ff2e
0000
0000
ff0f
0000
0000
0000
0000
0000
0000
0000
0000
0000
0000
70ff
0000
0000
0000
0000
0000
0000
9f00
0000
0000
0000
0000
0000
0000
00f0
0000
0000
ff00
0000
0000
0000
00f0
0000
0000
0000
0000
0000
0000
a0ff
0000
0000
0000
00b7
0000
0000
f0ff
0000
0000
bf02
0000
0000
0000
0000
0000
0000
0000
0000
0000
0000
0040
0000
0000
0000
0000
0000
0000
0000
0000
0000
0000
0000
0000
0000
0000
0000
0000
0000
0000
0000
0000
0000
0000
0000
0000
0000
0000
0000
0000
0000
0000
0000
0000
0000
0050
50ff
ff00
0000
0000
0000
0000
0000
0000
0000
00f0
705f
0000
0000
0000
0000
0000
0000
0000
0000
af00
ffff
307f
ffff
0a00
0000
0000
0000
0000
0010
d07f
0000
6e01
0060
ff06
0000
0000
0000
0000
0000
0000
0010
ff25
0f20
0000
0000
0000
0000
0000
0000
0000
0000
fd56
ff4c
0000
0000
0000
0000
0f00
0000
0000
0000
0000
0000
0000
0000
0000
0a00
0800
0000
0000
0000
0000
0000
0000
0000
0000
0000
f31e
0400
0000
0000
0000
0000
0000
0000
0000
0000
50ff
ffff
ef01
0000
0000
0000
0000
0000
0000
0000
00ff
ffcd
0500
0000
0000
0000
0000
0000
0000
0000
0000
0000
0000
00f5
b00f
0000
0000
0000
0000
0000
0000
00f0
0000
0000
0000
0000
0000
0000
0000
0000
0000
0000
0000
0000
0000
0000
0000
0000
0000
0000
0000
0000
0000
0000
0000
0000
0000
ff02
0e00
0000
0000
0000
0000
0000
0000
0000
ffff
0000
0000
0000
0000
0000
0000
0000
0000
0000
ffed
0060
0000
0000
0000
0000
0000
0000
0000
0000
e0bf
3f00
de7c
0000
ff06
0000
0000
0000
0000
0000
0050
50ff
ff00
ffff
0000
0000
0000
0000
0000
0000
0000
00d2
ff02
0700
fe7c
0000
0000
0000
0000
0000
0000
0060
f05f
ff08
0000
0000
0000
0000
0c00
0000
0000
0000
0000
0000
0000
0000
0000
0000
ef00
0100
0000
0000
0000
0000
0000
0000
0000
fdae
00fc
f70e
0000
0000
0000
0000
0000
0000
0000
0000
0050
0000
0000
0000
0000
0000
0000
0000
0000
0000
0000
0000
0000
ff00
0000
0000
0000
0000
0000
0000
80ef
0020
fddf
0000
0000
0000
0000
0000
0000
0000
0000
cccc
0000
0000
0000
0000
0000
0000
0000
0000
0000
00fb
0000
0000
0000
0000
0000
0200
0000
0000
0000
0000
0000
0000
0000
0000
0000
0000
0000
00fa
df00
0800
ee09
1600
0000
0000
8f00
0900
0000
0000
0000
0000
0000
0000
0000
0000
efcc
0050
dcff
ff00
0000
0000
0000
0000
0000
0000
bf03
0000
0000
00f7
8f00
0000
0000
0000
0000
0000
fe0a
0000
0000
0050
dcff
0000
0000
0000
0000
0000
0000
00c6
0000
0000
ffff
0000
0000
0000
0000
0000
0000
0000
0000
0000
0000
0000
0000
0000
0000
0000
0000
0000
00ff
c2ff
0000
0000
0000
0000
ff00
0000
0000
0000
00f0
f05f
0000
0000
0000
0050
50ff
ff00
0000
0000
0000
0000
0000
0000
0000
0f00
0000
0000
0000
0d00
0000
0000
0000
0000
0000
ff04
fc0b
ffff
50ff
ff00
0000
0000
0000
0000
0000
0000
0000
0000
0050
dcff
0000
0000
0000
0000
ff07
af00
0d00
01f3
af00
0050
0000
0000
0000
0000
0000
00f0
f05f
5ffa
1d00
0000
0000
0000
0000
0000
0000
0000
00f0
80cf
60ff
0000
0000
0000
0000
ff00
0000
0000
0000
0000
0000
0000
0000
0000
df39
60ff
f50e
0f00
0000
0000
00f6
0000
0000
0000
dfcc
0050
50ff
ff00
0000
0000
0000
0000
0000
0000
ff1a
0000
ff7e
0000
ff04
0000
0000
0000
0000
00ff
0000
00f0
f05f
5f00
0000
0000
0000
0000
0000
00f0
f05f
5f00
0000
0000
ce17
0000
0000
0000
0000
0000
0000
0000
0090
00f8
0000
0000
0000
0000
3f20
00f6
a0af
fe15
bd4f
0600
0000
0000
0000
0000
8f00
0000
0000
0000
0000
30ff
0000
0000
0000
0000
80ef
0500
0000
0000
0000
0000
0000
0000
0000
cccc
0000
0000
0000
0000
0000
0000
0000
0000
0000
0000
0000
0050
50ff
ff00
0000
0000
0000
0000
0000
0000
0000
0040
f70b
0000
0000
0000
0000
0000
0000
0000
0000
0000
0000
00f5
f5cf
0000
0000
0000
0000
0000
0000
0000
0000
0000
0000
0000
0000
0000
0000
0000
0000
0000
0000
ffff
0000
0000
20fe
0000
0000
0000
0000
0000
0000
0000
0000
0000
0000
0000
ff01
0000
0000
0000
0000
0000
0000
0000
0000
ce55
70ff
ff00
0000
0000
0000
0000
0000
0000
0000
fedf
0000
00f6
ef01
0000
0000
0000
0000
0000
00ff
ff5e
0500
0000
fe7f
0000
0000
0000
0000
0000
0000
00f1
c4cc
0000
ff8d
0000
0000
0000
0000
0000
0000
0000
0000
0000
0000
0000
0000
0000
0000
0000
0000
0000
0000
00ff
fc09
b5fe
0000
50ff
ff00
0000
0000
0000
0000
0050
0000
0000
0000
0040
0000
ff00
0000
0000
0000
0000
0000
0000
0000
0000
00f5
f50f
0f00
0000
0000
0000
0000
0000
0000
0000
bf00
cf50
51ff
ff00
0000
0000
0000
0000
0000
0000
0000
0000
0050
50ff
0000
0000
0000
0000
0000
df18
50ff
ff05
0500
0050
0000
0000
0000
0000
0000
0000
0040
50ff
ff00
0000
0000
0000
0000
0000
0000
0000
0000
0010
0070
0000
0000
0000
0000
0000
0000
0000
0000
0000
0000
0000
0000
0000
0000
0000
ff02
0e00
0000
0000
0000
0000
0000
0000
0000
df27
60ff
ff00
0000
0000
0000
0000
0000
0000
0000
fddf
0040
0200
fe09
0000
0000
0000
0000
0000
0000
0000
0000
00f5
ff08
0000
0000
0000
0000
0000
0050
50ff
ff00
0300
fd9e
0000
0000
0000
0000
0000
0000
0000
0000
0000
0000
0000
0000
0000
0000
0000
00d0
10ff
f39c
ff07
0000
0000
0000
0000
0000
0600
0000
0000
0000
0000
0000
0000
0000
0000
0000
fb0b
0000
0000
0000
0000
0000
0000
0000
0000
ffff
0000
0000
0000
0000
0000
0000
0000
0000
0000
0000
00c0
b0cf
0f00
0000
0000
0000
0000
0000
0000
0000
0000
0050
50ff
ff00
0000
0000
0000
0000
0000
0000
0000
0000
00f4
60ef
0000
0000
0000
0000
0000
00ee
40fd
0000
0000
0000
0000
0000
0000
0000
0000
0000
0000
0000
0000
0000
0000
0000
0000
0000
0000
0000
0000
0000
00ff
0000
0000
0000
0000
0000
0000
f00f
0000
0000
0000
0000
0000
0000
0000
ffff
0000
0000
0000
0000
0000
0000
aa01
0000
00fe
0000
0000
0000
0000
d02f
0000
ff00
0000
0000
0000
0000
50cf
0000
0200
0000
0000
0000
0000
300f
0000
0000
0000
0000
0000
0000
0700
0000
f40b
0000
1a00
0000
0000
0000
0000
0000
0000
104a
0000
0000
0000
eaff
0000
0000
0000
0000
0000
0000
0f00
0000
0000
0000
0000
0000
0000
0000
0000
00f0
0000
0000
0000
0000
0000
0000
0000
0000
0000
0000
0000
0000
0000
0000
0000
0000
0000
0e00
0000
0010
0000
0000
0000
0000
f40b
00f0
00f1
0000
0000
0000
0000
0000
0000
0000
0000
0000
0000
0000
0000
ef01
0000
8088
0000
0000
0000
0000
af88
0000
e2bf
0000
0000
0000
0000
e10c
0000
0f00
0000
0000
0000
0000
9f00
00e0
fb3f
0000
0000
0000
0000
0f00
00ff
9f00
0000
0000
0000
0000
0000
0070
0000
0000
0000
0000
00f8
0000
0000
0000
0000
0000
0000
fb07
0000
ef29
0000
0000
0000
0000
0000
0000
0000
0000
0000
0000
0000
0000
0000
0000
0000
f300
0000
0000
0000
0300
0000
f89f
0000
0000
0000
0000
8888
0000
0000
0000
0000
0000
0000
400b
0000
a4ff
0000
0000
0000
40ff
0000
0000
0000
0000
0000
0000
fe5d
e104
10bf
0a9b
0000
0000
0000
0b00
0000
00b0
0000
0000
0000
0000
ff00
00fe
00ff
00e0
0000
0000
0000
0000
dd01
f00f
00fc
0000
0000
0000
0000
0000
0000
cf00
0000
0000
0000
0000
0000
0000
0000
0000
0000
0000
00f8
00ff
0000
0000
0000
0000
0000
00c6
f30d
0088
00f9
0000
0000
0000
0000
0000
ffff
ff00
f00f
0000
0000
0000
0000
0000
0000
0000
0000
0000
0000
0000
0000
0000
10d9
0000
0000
ff00
0040
ffff
0000
0000
0000
0000
0000
0000
ff00
0000
ffff
0000
0000
0000
0010
00f0
bfd0
ff00
0000
0000
0000
20ef
0000
bf00
0000
0000
0000
0000
00fa
00f0
0000
0000
0000
0000
0000
ff00
80bf
00ff
0000
0000
0000
0000
0700
0f00
f40c
50ff
0000
0000
0000
0000
4d01
0000
ef00
0000
0000
0000
0000
40e9
0000
fd9c
0000
0000
0000
0000
0000
0000
ff00
0000
0000
0000
ff00
f00f
00ff
fa8f
0000
0000
0000
0100
0000
00f8
0000
0000
0000
0000
0a00
60af
00f6
0000
0000
0000
0000
a09f
0000
8ecf
0000
0000
0000
0000
cf00
0040
0100
0000
0000
0000
0000
0000
0050
0600
0000
0000
0000
0080
0000
0000
0f00
0000
f80f
0000
0000
0000
0070
0000
00f3
0000
0000
8808
0000
f00f
0000
00f0
0000
0000
0000
0000
f20b
0000
0000
0000
0000
0000
0000
0000
0000
0000
0000
0000
0000
0060
0000
0000
0000
0000
0000
0000
0000
0000
8867
0000
0000
0000
0000
f00f
0000
00f0
0000
0000
0000
0000
0000
0030
f20e
0000
0000
0000
0000
0000
ffb3
0e00
00ff
0000
0000
0000
0000
eacf
0000
0000
0000
0000
0000
0000
ffff
0000
00f0
0000
0000
0000
0000
1900
0000
00f4
0000
eadf
0000
0000
0f00
00ff
f00f
0000
0000
0000
0000
0000
0000
0000
0000
0000
0000
8008
0000
00f0
0000
0000
5f00
0000
f00f
0000
2ef0
0000
0900
0000
0000
0000
0000
ff00
0000
00ff
0000
0000
0000
0000
0fa0
00ff
f00f
0000
0000
0000
0000
0000
ff00
0f00
0000
0000
0000
0000
0000
0000
0000
0000
0000
0000
0000
0000
00f0
0000
0000
0000
0000
0000
00ff
f10e
0000
0000
0000
0000
0000
0000
0f00
0000
0000
0000
0000
0000
0600
0000
f6ae
0000
0000
0000
0000
f00f
0000
90fc
0000
0000
0000
0000
f00f
0000
a9ff
0000
0000
0000
0000
0900
0030
0000
0000
0000
0000
0000
00e0
4ff1
0000
0000
0000
0000
0000
0000
80ef
0000
0000
0000
0000
0000
0000
608f
0000
00f7
0000
0000
0000
00d0
0200
0000
0000
0000
0000
0000
0000
0f00
0000
0800
0000
0000
0000
0000
0000
0000
0f00
0000
0000
0000
f00f
0000
00f0
0000
0000
0000
0000
0000
d05f
0000
0000
0000
0000
0000
0000
0000
0000
0000
0000
0000
0000
0000
0000
0000
0000
a00f
a00f
a00f
0000
0000
1a0e
0000
0000
0000
0000
ff0f
ff0f
f402
0000
0000
f109
0000
cf01
0000
0000
510d
0000
0000
0000
0000
cd00
d00c
4c00
0000
0000
100e
0000
0000
0000
0b00
e00a
b00e
d900
0000
404e
5f00
1f00
e801
0000
0000
0f00
f406
0000
0000
0000
0000
3303
0000
0000
0000
0000
0000
a00f
0000
0000
0000
3303
0000
0000
0000
0000
0000
a00f
0000
0000
0300
ba00
204f
0000
0000
b00e
a00f
4c00
0000
0000
0000
0000
0000
0000
0000
5007
0300
ff0f
0000
0000
1002
0000
4b00
0000
0000
0100
f307
0000
0000
0000
f207
0000
6c00
0000
0000
b00d
a00f
3b00
0000
0000
0000
0300
0a00
0000
0000
f108
d10b
4b00
0000
0000
b00e
8f00
ae01
0000
0000
a00f
0000
a00f
0000
0000
a00f
0000
a00f
0000
0000
0000
e60f
0000
0000
0000
0000
ff0f
0000
0000
0000
0000
0000
0001
0000
0000
0000
0700
0a00
0000
0000
e301
000f
e104
0000
0000
0800
eb01
307f
0000
0000
a00f
a00f
ff0f
0000
0000
d00c
b00f
1800
0000
0000
a00f
a00f
ff0f
0000
0000
a00f
a00f
ff0f
0000
0000
a00f
b30f
a00f
0000
0000
d00d
a00f
0700
0000
0000
a00f
b30f
a00f
0000
0000
fa00
fa00
fa00
0000
0000
0000
0000
7d00
0000
0000
a00f
a00f
a00f
0000
0000
a00f
a00f
ff0f
0000
0000
ae0f
a00f
a00f
0000
0000
ad0f
a00f
a00f
0000
0000
d00c
b00e
0700
0000
0000
a00f
b30f
a00f
0000
0000
d00c
b00e
0700
0000
0000
a00f
b30f
a00f
0000
0000
f109
0000
2900
0000
0000
0000
0000
0000
0000
0000
a00f
a00f
2a00
0000
0000
f308
1e00
0000
0000
0000
d00d
db00
0e00
0000
0000
2f00
0800
c02f
0000
0000
4f00
0000
0000
0000
0000
0000
0c00
ff0f
0000
b30f
a00f
a00f
a00f
0000
0000
f305
0b00
0000
0000
fa23
fa00
fa00
fa00
0000
0000
e107
0000
0000
0000
0000
0000
0000
1101
0000
d11c
0000
0000
0000
0000
0000
4c00
9d01
be03
0000
a00f
a90f
a00f
680f
0000
0000
3b00
a00f
3b00
0000
0000
4c00
a00f
5d00
0000
0000
2a00
b30f
2a00
0000
0600
ff0f
af00
af00
0000
0000
4c00
a00f
5d00
0000
a00f
a70f
a00f
a00f
0000
a00f
a00f
a00f
a00f
0000
fa00
fa00
fa00
fa00
0000
a00f
a00f
ff0f
a00f
0000
a00f
a00f
a00f
a00f
0000
0000
880f
a00f
a00f
0000
0000
870f
a00f
a00f
0000
0000
3b00
a00f
3b00
0000
0000
690f
a00f
a90f
0000
0000
4c00
a00f
5d00
0000
0000
890f
a00f
a00f
0000
0000
5c00
5b00
7d00
0000
0000
ff0f
af00
1a00
0000
0000
a00f
a00f
9e01
0000
0000
307f
e900
0700
0000
0000
307f
f305
2f00
0000
0000
903f
0c00
904f
0000
0000
309f
ea01
0900
0000
0000
ff0f
0700
ff0f
0000
1b00
fa00
f32a
eb00
0000
0000
a00f
a00f
a00f
0000
706f
fa00
8f00
f801
0000
0000
0000
100a
0000
0000
0000
0000
0000
0000
0000
0000
0000
0000
0000
0000
0000
0000
0000
0000
0000
0000
0000
7229
0000
0040
2800
0000
0000
0000
f114
0000
00d0
d40b
0010
0000
0000
0000
0000
0000
104f
0000
0000
0000
0000
6600
0000
ec02
0000
0000
0000
00f1
0000
0000
0000
0000
0000
0000
0000
0000
0000
0000
0000
0000
0000
0000
0000
0060
104f
0000
0000
0000
00f1
0000
00b0
0500
0000
0000
0000
f005
0000
00f1
d107
0000
0000
0000
e007
0000
0010
104f
0000
0000
0000
0030
0000
00a0
c40b
0000
0000
0000
d008
0000
0000
0000
0000
0000
0000
0000
0000
0000
d70d
0000
0000
0000
2022
0000
0000
0300
0000
0000
0000
0000
0000
9f24
223f
80ee
0000
0000
ab33
0000
00a0
324f
0000
0000
0000
7d00
0000
00e2
104f
0000
0000
0000
0000
0000
0020
324f
0000
0000
0000
4f00
0000
104f
324f
0010
0000
0000
0000
0000
00f1
0000
0000
0000
0000
703f
0000
0000
104f
0000
0000
0010
b0da
0000
104f
104f
0010
0000
0000
0c00
0000
00e7
ff4f
0000
0000
0000
0c00
0000
00da
324f
0050
0000
0000
6e00
0000
2032
0000
0000
0000
0000
8d00
0000
303f
aa00
0000
0000
00f1
0780
0000
00e8
1d00
0030
0000
0000
00f1
0000
00ea
1e00
0000
00f5
0000
0000
1200
0000
6d00
0000
00f1
0000
0000
1200
0000
0000
0000
0000
0000
0000
0000
0000
0000
0000
0000
0000
f105
0000
0000
104f
0000
0000
0000
9003
0000
00f1
203f
0000
0000
0000
0000
0000
0000
f104
0000
0000
0000
f104
0300
0000
104f
0000
0000
0000
0000
0000
0000
f104
0000
0000
0000
00f4
0000
0000
104f
0000
0000
0000
104f
0000
0000
104f
0000
0000
0000
d008
0000
0000
104f
0000
0000
0000
f104
0000
0000
104f
0000
0000
0000
005f
0000
0000
f104
0000
0000
0000
f104
0000
0000
c007
0000
0000
0020
bb40
0000
0000
7f00
0000
0000
0000
00e0
3f00
0000
0900
0000
2004
0000
0000
0000
0000
104f
0000
0000
0000
0000
5500
0000
840b
0000
0000
0000
0000
0000
0000
0000
0000
0000
0000
000e
000e
0004
0000
0000
c039
0000
0000
0000
0000
8703
1c0e
3018
0000
c000
c070
c700
f807
0000
800f
e339
3800
0000
0000
9c07
e003
0f3c
0000
0000
0038
0000
0000
0000
0000
001c
0038
001c
0000
0030
000e
0007
001c
0000
801f
0000
0000
0000
0000
0000
e000
e000
0000
0000
0000
0000
001c
0000
0000
0000
0000
0000
0000
0000
0000
0000
0000
0000
0003
0018
0060
0000
0000
0770
0770
e003
0000
e000
e000
e000
0000
0000
1e3c
3c00
0070
0000
0000
0e38
1e00
fc1f
0000
0000
b803
38e0
3800
0000
fe1f
f83f
0770
0000
0000
1c1e
fc7f
0e38
0000
0000
0c00
c001
000e
0000
0000
0e38
0770
e003
0000
f80f
0770
0e00
0000
0000
0000
0000
0000
0000
0000
0000
0000
000e
0000
0000
0000
003c
0000
0000
0000
0000
ff3f
0000
0000
0000
c01f
f003
0000
0000
0738
7000
e000
0000
0300
071c
e070
000f
0000
7c00
8703
011e
0000
0000
011c
ff1f
001c
0000
0000
001c
0038
ff07
0000
fe1f
001c
001c
fe1f
0000
ff1f
001c
001c
0000
0000
001c
ff1f
001c
0000
0000
003c
0770
ff07
0000
001c
001c
001c
001c
0000
001c
001c
001c
0000
0000
1c00
1c00
3c78
0000
0000
1e1c
1e1e
001c
0000
001c
001c
001c
ff1f
0000
001f
c01c
3b1c
0000
0000
003f
3838
0138
0000
0000
003c
0070
f707
0000
ff1f
001c
001c
001c
0000
f707
0070
033c
0000
0000
001c
ff1f
001c
0000
0000
0038
0700
ff1f
0000
ffff
e000
e000
e000
0000
001c
001c
001c
0000
0000
013c
0707
dc01
0000
0000
0e3c
380e
e003
0000
007c
ce01
cf03
0078
0000
0078
de03
7000
0000
0000
0700
f000
003c
0000
0000
0038
0038
0038
003f
0000
0030
0006
8001
0000
000e
000e
000e
000e
0000
c00f
3870
0000
0000
0000
0000
0000
0000
ffff
0070
0000
0000
0000
0000
0000
1e38
0e78
0000
0000
0038
073c
073c
0000
0000
0000
0070
fc1f
0000
0700
f70f
0770
e707
0000
0000
0f1e
0038
0000
0000
001c
001c
001c
0000
0000
0000
0770
ff1f
fc1f
0038
fc3b
0738
0738
0000
0038
0038
0038
0000
0000
0000
0038
0038
0038
0000
0070
807f
1c70
0000
0038
0038
0038
0038
0000
0000
1f3e
0e38
0000
0000
0000
0738
0738
0000
0000
0000
0770
fc1f
0000
0000
fc3b
0338
f839
0000
0000
1f3e
0770
0700
0000
0000
003c
0038
0000
0000
0000
801f
fc1f
0000
0000
807f
001c
800f
0000
0000
0738
0738
0000
0000
0000
3838
e00e
0000
0000
0000
ee38
830f
0000
0000
1c78
c007
1ef0
0000
0000
1c38
e00e
0007
0000
0000
7000
003c
0000
0000
000c
0038
000c
800f
0000
0018
0018
0018
0000
001c
000c
000e
000c
0000
0000
c31f
0000
0000
0000
0000
0000
0000
0000
0000
0000
0000
0030
3000
0000
0000
0000
0000
f83f
0000
0030
3063
0000
0098
0302
0000
00c6
0000
3000
0000
0000
1800
0000
0000
0c00
0000
0008
0000
0000
0000
0300
0000
0000
3000
0000
0000
0000
0000
0000
0000
0000
00c0
0000
0030
0000
0300
0000
0000
6000
0000
0000
0000
00c0
0000
3000
0000
e03f
0000
0000
3070
3800
0000
8001
0000
0000
6030
0000
00e0
7000
0000
0000
0030
0000
0000
0010
0000
0000
0000
0000
0000
0000
1e00
0000
800f
0600
0000
0007
3106
0000
3006
6000
0000
fc3f
0000
00fc
0060
0000
0003
0730
0000
0000
fc3f
3f00
0000
0000
3800
8001
0000
3000
0003
0000
1800
0000
6000
6000
0000
7018
1800
0000
0030
3f00
0000
0633
0000
0003
3330
0000
8003
1e1e
0000
00fc
0000
0f00
8001
0000
3000
0006
0000
1f00
00f8
0000
0100
0000
0330
3000
0000
0c18
0100
0000
cc30
0080
0003
7007
0000
001c
8001
0000
00e0
fc7f
0000
0000
0030
4000
0000
0000
1800
0000
0000
6000
0000
0000
0000
0000
000c
0000
0000
c01f
3f00
0000
3830
0000
0000
0060
0000
0030
7030
0000
00e0
8007
0e00
0000
0000
0000
0030
0000
3700
0030
0000
3000
0000
0030
3000
0000
0030
3000
0000
0030
3000
0000
6030
0000
0000
3030
0000
0080
e038
0000
0030
0030
0000
0030
3000
0000
0000
0000
7000
00c0
0000
1800
0000
0000
3000
0000
3060
0700
0000
e161
0000
0000
0006
0000
0000
800d
0000
00e0
e07f
0000
0000
0018
2000
0000
0020
1800
0000
0000
0000
0000
0000
0000
0000
0000
0000
0000
0000
d800
0000
0009
2400
0000
803f
3c00
0066
0000
7300
0000
0000
0000
0000
0000
1800
0000
0000
0000
0000
0000
0000
0000
0000
0000
0000
0000
3000
0000
8061
0000
0000
0000
6100
0080
803f
1e00
0000
0003
7f00
0080
0000
7100
0000
0018
0000
0080
0000
0100
0000
0000
0000
0000
0000
1e00
0000
0000
0000
0000
0000
0e00
0000
e931
0f00
0000
0000
6000
00c0
3838
0700
00e0
e07f
3f00
0000
e03f
3000
0000
0c30
0000
0030
0000
3000
0000
0003
0000
0000
0000
6000
0000
366c
0000
0030
0000
6000
0000
3030
0000
0018
1800
6000
0030
e070
1f00
00e0
0006
6000
0060
30c0
0f00
0000
161a
0000
00c0
0000
0600
0000
000c
0000
0000
0000
3000
0000
0030
f000
0000
0000
0000
0000
0000
0000
0000
0000
6000
0000
0000
1f00
00c0
c03f
0000
0080
001c
3000
0000
c060
0000
0080
0000
6000
0000
0060
0000
0000
0000
6000
0000
c671
0000
0080
0000
3f00
0000
006f
6000
0000
c000
0000
0000
0000
3c00
0000
003c
0000
0080
0000
1e00
0000
a014
0000
0000
0000
3300
0000
000c
0000
0000
0000
6000
0000
0030
c000
0000
0000
0000
0000
0000
0020
0048
0000
0000
0009
0072
0018
0000
0000
0040
0010
0020
0000
0000
0000
0000
0000
0000
0000
0041
0004
001c
0000
0000
00ff
003c
001e
0000
0000
0041
0041
0000
0000
0020
0060
0000
0000
0000
0000
4848
0012
007e
0000
0000
4040
0040
007f
0000
0000
4040
0040
0004
0000
0000
0040
5050
4040
0000
0000
0020
1040
003f
0000
0000
0008
4040
4080
0000
0000
0012
0011
807f
0000
0040
0020
0020
0010
0000
0000
0000
0041
0040
0000
0000
0041
0022
0018
0000
0001
0041
0040
0040
0000
0000
0040
8831
0000
0000
0000
0041
0023
0000
0000
0000
0020
0041
0000
0000
0000
0028
0082
0000
0000
0020
0040
0020
0000
0000
0000
0000
0000
0000
0028
0038
0002
0024
0040
0020
0040
0000
0000
0000
0000
0000
0000
0080
0042
0008
0020
0002
0042
007c
0040
0004
0042
003c
0000
0000
0000
0000
0000
0000
0010
0020
0041
0041
0040
8040
0040
0040
4020
8040
0020
0000
0000
0000
0000
0000
0000
000e
0040
8021
8040
0003
0008
8040
0041
0885
0041
8080
0000
0000
0000
0000
0020
0000
0000
0000
0042
0042
0040
0042
0066
00e0
0000
0040
0040
0000
0000
0000
0000
0000
0000
003c
0066
0042
0040
0038
0040
0042
0082
0000
0000
0000
0000
0000
0000
0040
0020
0000
0000
0000
0000
0028
0028
0000
0000
0040
0010
0000
0000
0000
0000
0080
0000
0000
0008
00f8
0000
0000
0088
0078
0040
0000
0000
0020
0000
0000
0000
0040
0042
0000
0000
0042
0040
0060
0000
0041
0052
0042
0000
0000
0040
0020
0000
0000
0044
0028
007c
0000
00c0
0050
0000
0000
0000
0060
0088
0000
0000
0080
0080
0080
0000
0000
00c8
0088
0080
0000
0060
0040
0000
0000
0000
00a0
00f0
0000
0080
0064
0000
8199
7cfe
18e7
183c
6642
cccc
7030
db3c
0e1e
0066
386c
3c7e
7e18
3060
286c
3838
0018
fe6c
6030
0000
0c0c
1818
0000
6030
1818
0606
0606
3030
0606
1800
007e
0018
c6c6
c2c0
6260
c6c6
1818
666c
c6c6
c6c6
d6c6
c606
c6c6
fed6
1818
3030
0c0c
0000
cccc
c0c0
c0c0
cccc
1818
6c78
d6d6
c6c6
cccc
0c38
cccc
d6d6
c6c6
1818
1818
c6c6
cccc
cccc
cccc
3c66
c0c0
1818
1818
c6fe
d87e
c6c6
c6c6
cccc
c6c6
3c66
187e
1818
1818
cccc
c6ce
0000
c0c0
dc60
3c3c
d86c
aa55
1818
1818
3636
3636
3636
0000
1818
0000
1818
1818
3636
3636
3636
0000
0000
1818
0000
1818
3636
0000
ffff
f0f0
0000
c6c6
6c6c
d8d8
1818
c6c6
6666
7ef3
c6c6
0018
0c18
d8d8
dc76
0018
6c6c
0000
0000
fe6c
0000
070f
5a99
6666
3c18
3000
ff00
6c6c
6060
3000
0c06
cc78
ccfc
3000
cc78
663c
663c
66e6
6c38
cc78
c6c6
6078
0000
0000
0000
60e0
0000
0000
0000
301c
1000
c37e
0000
00cc
3030
cc78
e000
1818
1b0e
1c00
6c38
c6c3
cc00
1818
0000
0000
0000
1818
3636
0000
1818
3636
3636
ffff
ffff
fe00
7600
301c
cc78
3018
7600
0c0f
0000