2074
0000
282a
0000
0000
0000
0000
0c0b
2c2b
4c4b
6c6b
8c8b
acab
cccb
eceb
ffff
ffff
ffff
ffff
2e4c
0101
0101
0004
15c1
4645
8685
c2ba
f5f4
0631
25e1
5a59
9897
d4d3
0040
0a9d
0009
001c
273e
0256
0808
0808
0808
0808
f7fc
0808
0808
0808
0808
0808
0808
0808
0808
0008
0808
0808
0808
0808
0000
0303
070b
0503
0001
0000
0403
0c08
0b03
0011
0000
0909
0b0b
0808
0000
100a
0d0e
0a0b
0003
0000
0d0d
1210
0e0e
7e3c
0000
1313
0909
0b09
0000
0505
0409
0308
000e
0000
0a0a
0b0c
0907
0000
0605
0d13
0b07
0002
0000
0b05
150d
1506
001c
0000
1111
1314
1010
0000
1f19
171c
1618
0012
0000
0000
0000
0000
0000
0000
0000
0000
0000
0000
0000
0000
0000
0000
0000
0000
0505
0d0d
1b1d
272a
3539
4047
4c55
5560
5864
5b68
5f6c
616f
6472
6472
6675
6776
6876
6877
6a79
6a79
6c7b
6c7b
6c7b
6e7d
6e7d
6e7d
6f7e
6e7d
707f
707f
7180
7180
7180
7180
7180
7180
7181
7282
7282
7282
7181
7382
7382
7382
7382
7382
7382
7483
7484
7484
7483
7383
7383
7484
7484
7484
7484
7484
7484
7484
7484
7585
7585
0000
0000
0000
0000
0000
0000
0000
0000
0000
0000
0000
0000
0000
0000
0000
0000
0000
0000
0000
0000
0000
0000
0000
0000
0000
0000
0000
0000
0000
0000
0000
0000
0000
0000
0000
0000
0000
0000
0000
0000
0000
0000
0000
0000
0000
0000
0000
0000
0000
0000
0000
0000
0f00
0000
0000
0000
f1ff
0000
0000
0000
0000
0f00
0000
0000
0000
0000
0000
0000
0000
0000
0000
0000
0000
0000
0000
0000
0000
0000
0000
0000
0000
0000
00f1
b0ff
0000
0000
0000
0000
0000
0000
0000
0000
0000
0000
0000
0000
0000
0000
0000
0000
0000
0000
0000
0000
0000
0000
0000
0000
00d0
0070
0000
0000
0000
ffff
b0ff
0000
0000
0033
ffff
ef00
0000
0000
0030
0000
0000
0000
0000
0000
0000
0000
0000
0000
0000
0000
0000
0000
4b01
ffaf
0000
0000
0000
d5ff
0000
0000
0040
0000
2022
0000
0000
ff5f
ffff
0000
0000
0000
0000
0000
0000
0000
0000
0000
0000
0000
0000
0030
30fd
0000
0000
df00
ffef
0000
0000
0000
f5bf
0000
0000
ff00
f2ef
00a5
0000
0000
0000
0000
0000
0000
0000
0000
0000
0000
0000
0000
82ec
ff09
0000
0000
d0ff
00b0
0000
0000
0000
50ff
50ff
0000
0000
ffff
0000
0700
0000
0000
0000
0000
0000
0000
0000
0000
0000
0000
0000
0000
f1ff
0000
0000
0000
0000
0f00
0000
0000
0000
0000
0000
0000
0000
0000
0000
0000
0000
0000
0000
0000
0000
0000
0000
0000
0000
0000
00fd
0000
0000
0000
0000
0080
0000
0000
0000
0000
f1ff
0000
0000
0000
0000
0300
0000
0000
0000
9f00
0000
0000
0000
0100
0000
0000
0000
0000
00c1
0000
0000
0000
00e1
0000
0000
0000
0000
1f00
0000
0000
0000
c0ff
0000
0000
0000
0000
ff9f
0000
0000
0000
0000
0000
0000
0000
0000
0000
0000
0000
0000
0000
0000
0000
0000
ffff
df49
0000
0000
0000
0000
0000
0000
0000
0000
0000
0000
0000
0000
0000
0000
0000
0000
0000
0000
0000
0000
0000
0000
0000
0000
0000
10ff
0000
0000
0000
0000
ff00
0000
0000
0000
0000
0000
0000
0000
0000
0000
0000
0000
0000
0000
0000
0000
0000
0000
0000
0000
0000
0000
0000
0000
0000
0000
0000
0000
0000
0000
0000
0000
10ff
0000
0000
0000
0000
0000
0000
0000
0000
0000
0000
0000
0000
0000
0000
0000
0000
0000
0000
0000
0000
0000
ffff
0000
0000
0000
0000
0000
0000
0000
0000
0000
0000
0000
0000
0000
0000
0000
0000
0000
0000
0000
0000
0000
0000
0000
0000
0000
0000
0000
0000
0000
0000
0000
f1ff
0000
0000
0000
0000
0000
0000
0000
0000
0000
0000
0000
0000
0000
0000
0000
0000
00f6
0000
0000
0000
0000
10fe
0000
0000
0000
0000
90ff
0000
0000
0000
0000
0000
0000
0000
0000
0000
0000
0000
0000
0000
0000
0000
0000
0000
20ff
0000
0000
ff1f
0000
ff00
0000
00e0
0000
f3ff
0000
0000
0000
0000
0000
0000
0000
0000
0000
0000
0000
0000
0000
0500
0000
0000
10ff
0000
0000
0000
0000
ff00
0000
0000
0000
10ff
0000
0000
0000
0000
0000
0000
0000
0000
0000
0000
0000
0000
0000
0000
0000
0000
0000
0500
f7ff
0000
0000
ffef
0000
0000
0000
0000
00f9
1d00
0000
0000
ffff
ffff
0000
0000
0000
0000
0000
0000
0000
0000
0000
0000
0000
0000
9f45
faff
0000
0000
ffcf
ff0f
0000
0000
00f5
0000
8188
0000
0000
ffff
ffff
0000
0000
0000
0000
0000
0000
0000
0000
0000
0000
0000
0000
ffcf
0000
0000
0000
00ff
80ff
0000
0000
0000
ff01
ffff
0000
0000
00ff
0000
0000
0000
0000
0000
0000
0000
0000
0000
0000
0000
0000
0000
ffff
ff1f
0000
0000
0000
be05
0200
0000
0050
0000
0000
0000
0000
ffff
64fc
0000
0000
0000
0000
0000
0000
0000
0000
0000
0000
0000
0000
edef
3e00
0000
0000
0000
0000
0f00
0000
00d0
0000
f1ff
0000
0000
ff0b
00f9
0000
0000
0000
0000
0000
0000
0000
0000
0000
0000
0000
0000
0000
ffff
0000
0000
f5ff
0000
0000
0000
0000
00fe
0000
0000
0000
0000
ffdf
0000
0000
0000
0000
0000
0000
0000
0000
0000
0000
0000
0000
0000
0200
0000
0000
ff9f
0000
0a00
0000
0000
ffff
fdff
0000
0000
ff1f
0000
1e00
0000
0000
0000
0000
0000
0000
0000
0000
0000
0000
0000
0000
0000
0000
0000
f9ff
0000
ef00
0000
00f0
0000
ffff
0000
0000
ff2f
0000
0000
0000
0000
50c9
0000
0000
0000
0000
0000
0000
0000
0000
0000
0000
0000
0000
0000
0000
0f00
0000
0000
0000
0000
0000
0000
0000
0000
0000
0000
0000
0000
0000
0000
0000
0000
0000
0000
0000
0000
0000
0000
0000
0000
0000
0000
0000
0000
0000
0000
0000
0000
0000
0000
0000
0000
0000
0000
0000
f1ff
0000
0000
0000
0000
0000
0000
0000
0000
0000
0000
0000
0000
0000
0000
0000
0000
bf03
0000
0000
0000
0000
0030
0100
0000
0000
5c00
0000
0000
0000
0000
0000
0000
0000
0000
0000
0000
0000
0000
0000
0000
0000
0000
0000
ffff
ffff
0000
0000
0000
ffff
0f00
0000
0000
0000
0000
0000
0000
0000
0000
0000
0000
0000
0000
0000
0000
0000
0000
0000
0000
0000
0000
0000
20f9
0000
0000
00a3
0000
0000
0000
0000
0000
92ff
0000
0000
0000
0000
0000
0000
0000
0000
0000
0000
0000
0000
ecef
3e00
0000
0000
ff01
0000
0000
0000
0000
ffaf
0000
0000
0000
0000
0000
0000
0000
0000
0000
0000
0000
0000
0000
0000
0000
0000
0000
0000
0000
00d2
0000
0000
fcbf
00f8
00f4
0070
0500
ef00
0000
ff08
20ff
00f6
00f6
deff
50db
0010
0000
0000
ef6a
bd37
0000
0000
0000
0000
0000
0000
0000
0000
ffff
0000
0000
0000
f8ff
50ff
0000
0000
00fe
ffff
f3ff
0000
0060
0000
0000
0000
0000
0000
0000
0000
0000
0000
0000
0000
0000
0000
00b1
0000
f1ff
0000
0000
ff08
ffff
0f00
0000
ffdf
0000
f1ff
0000
0020
ffff
ffff
0000
0000
0000
0000
0000
0000
0000
0000
0000
0000
0000
0000
5844
ffff
0000
0000
0000
0000
ff00
0000
0000
0000
a0ff
0000
0000
ffdf
ffef
0000
0000
0000
0000
0000
0000
0000
0000
0000
0000
0000
0000
ffff
f1ff
0000
0010
0000
0000
0f00
0000
ff0f
0000
f1ff
0000
0000
ff4c
ffff
0f00
0000
0000
0000
0000
0000
0000
0000
0000
0000
0000
0000
ffff
f4ff
0000
0000
0000
0000
0f00
0000
0000
0000
f1ff
0000
0000
0000
3333
0f00
0000
0000
0000
0000
0000
0000
0000
0000
0000
0000
0000
ffff
ffff
0000
0000
0000
0000
0f00
0000
0000
3333
f1ff
0000
0000
0000
0000
0f00
0000
0000
0000
0000
0000
0000
0000
0000
0000
0000
0000
0000
0600
0000
0000
0800
0000
df00
0000
0000
ff08
10ff
0000
0010
0000
0060
0000
0000
0000
0000
0000
0000
0000
0000
0000
0000
0000
0000
0000
f1ff
0000
00ff
0000
0000
0f00
0000
ff01
ffff
f4ff
0000
00ff
0000
0000
0f00
0000
ff01
0000
0000
0000
0000
0000
0000
0000
0000
0000
0000
0000
0000
0000
0000
0010
0000
0000
0000
0000
ffff
0000
0000
0000
0010
0000
0000
0000
0000
0000
0000
0000
0000
0000
0000
0000
0000
0000
0000
0000
0000
ffff
0000
0000
0000
0010
0000
0000
0000
0000
ffff
0000
cf00
0000
0000
feff
0000
0000
0000
0000
0000
0000
0000
0000
0000
0000
0000
0090
bf00
0000
0f00
0000
0000
f5ff
ffff
0000
0000
00b0
0000
0f00
0000
50ff
0000
f1ff
0000
0000
0000
0000
0000
0000
0000
0000
0000
0000
0000
0000
0000
0f00
0000
0000
0000
f1ff
0000
0000
0000
0000
0f00
0000
0000
3333
ffff
0000
0000
0000
0000
0000
0000
0000
0000
0000
0000
0000
0000
00f4
0f00
ffff
0000
0000
f1ff
0010
00f2
0000
0400
0f00
ffff
00f9
7f00
f1ff
0010
0000
0000
0000
0000
0000
0000
0000
0000
0000
0000
0000
0010
0f00
0000
ff01
0080
f1ff
0000
00ff
00e2
0000
0f00
0000
fffa
0000
f1ff
0000
00ff
0000
0000
0000
0000
0000
0000
0000
0000
0000
0000
8c04
0000
0000
feff
0000
60ff
0000
00ff
0000
0000
ef00
0000
ff0b
0000
ff7f
0000
0000
0000
0000
0000
0000
0000
0000
0000
0000
0000
0000
0000
0f00
0000
e1ff
0000
f1ff
0000
0000
cf01
ffff
0f00
0000
0000
0000
f1ff
0000
0000
0000
0000
0000
0000
0000
0000
0000
0000
0000
0000
0000
0000
0000
80ff
0000
f2ff
0000
00fd
0000
0000
ff00
0000
ff03
0000
faff
0000
0040
fbff
0000
0000
0000
0000
0000
0000
0000
0000
0000
0000
0000
0000
00fa
0000
f1ff
0000
0000
0c00
3333
0f00
0000
f3ff
0000
f1ff
0000
0000
0000
0000
0000
0000
0000
0000
0000
0000
0000
0000
0000
0000
0000
0010
4754
ff9f
0000
0000
0000
faff
0000
0000
70ff
0000
d1dd
0000
0000
ffaf
ffdf
0000
0000
0000
0000
0000
0000
0000
0000
0000
0000
0000
ffff
ffff
0000
0000
0000
0000
1f00
0000
0000
0000
f0ff
0000
0000
0000
0000
1f00
0000
0000
0000
0000
0000
0000
0000
0000
0000
0000
0000
0000
0000
f1ff
0000
00f1
0000
0000
0f00
0000
ff0f
0000
f1ff
0000
00a0
0a00
e9ff
0000
0000
0000
0000
0000
0000
0000
0000
0000
0000
0000
0000
0000
00fb
0000
0010
0d00
0020
0000
0000
00b0
0100
0b00
0000
0000
00f6
ff02
0000
0000
0000
0000
0000
0000
0000
0000
0000
0000
0000
0000
0000
00f7
c0ff
0000
efff
0000
0b00
ff7f
fbff
fcff
ff1f
0000
5ff8
0000
ffff
0000
00c0
0000
0000
0000
0000
0000
0000
0000
0000
0000
0000
0000
b0ff
0000
0000
ff1e
c0ff
0000
0000
0000
feff
0000
0000
0000
fdff
30ff
0000
0000
ffff
0000
0000
0000
0000
0000
0000
0000
0000
0000
0000
0000
0000
0030
6f00
0090
0000
0000
0000
ef31
0000
0000
0000
0000
0f00
0000
0000
0000
f1ff
0000
0000
0000
0000
0000
0000
0000
0000
0000
0000
0000
0000
ef34
0000
0000
0000
0000
ffef
0000
0000
0000
0000
40ff
0000
0000
3033
ffff
0000
0000
0000
0000
0000
0000
0000
0000
0000
ffff
0000
0000
0000
0000
0f00
0000
0000
0000
f1ff
0000
0000
0000
0000
0f00
0000
0000
0000
f1ff
0000
0000
0000
f0ff
0000
0000
0000
0000
0000
0000
0000
0000
0000
2f00
0000
0000
0000
ff07
0000
0000
0000
fedf
0000
0000
0000
90ff
0000
0000
0000
0000
0000
0000
0000
0000
0000
3333
0000
0000
0000
00f1
0000
0000
0000
0000
ff0f
0000
0000
0000
00f1
0000
0000
0000
0000
ff0f
0000
0000
0000
00f1
ff0f
0000
0000
0000
0000
0000
0000
0000
b0ff
0000
0000
0000
00f9
b0ff
0000
0000
0000
0000
0000
0000
0000
0000
0000
0000
0000
0000
0000
0000
0000
0000
0000
0000
0000
0000
0000
0000
0000
0000
0000
0000
0000
0000
0000
0000
0000
0000
0000
0000
0000
0000
0000
0000
ffff
ffff
0000
0000
0000
0000
0000
0000
0000
0000
0000
0000
0000
0000
0000
0000
0000
0000
0000
0000
0000
0000
0000
0000
0000
0000
0000
0000
0000
0000
0000
0000
0000
0000
0000
0000
0000
0000
0000
0000
0000
0000
0400
0000
0000
fbff
0000
0000
0000
0000
0100
10ff
0000
0000
ffdf
0000
0000
0000
0000
0000
0000
0000
0000
0000
0000
0f00
0000
0000
0000
f1ff
0000
0000
ffff
0000
0f00
0000
00ff
0000
f1ff
0000
0000
f4ff
8c02
0000
0000
0000
0000
0000
0000
0000
0000
0000
0000
0000
0000
0000
0000
0000
0000
a0ff
0000
8f00
0000
0000
0000
40ff
0000
0000
a0ff
ffff
0000
0000
0000
0000
0000
0000
0000
0000
0000
0000
0000
00f0
0000
0000
0000
0000
ffbf
0060
3f00
0000
00f0
0000
20ff
0000
0000
ffff
ffff
0000
0000
0000
0000
0000
0000
0000
0000
0000
0000
0000
0000
0000
0000
0000
0000
0080
54f9
0c00
0000
0000
ffff
10ff
0000
0000
0000
74fc
0000
0000
0000
0000
0000
0000
0000
0000
0000
0000
0000
0000
3044
ff0d
0000
0000
0000
ffff
0000
0000
0000
0000
ff1f
0000
0000
0000
00f0
0000
0000
0000
0000
0000
0000
0000
0000
0000
0000
0000
0000
0000
0000
0000
0000
0000
ffff
0000
0000
00f0
0000
20ff
0000
0000
ff1f
0000
0200
0000
00f0
0000
0000
0000
0000
0000
0000
0000
0000
0000
0000
f1ff
0000
0000
0000
5b00
0f00
0000
00a0
0000
f1ff
0000
0000
ff0f
0000
0f00
0000
00f1
0000
0000
0000
0000
0000
0000
0000
0000
0000
0000
f1ff
0000
0000
0000
0000
0f00
0000
0000
0000
f1ff
0000
0000
0000
0000
0f00
0000
0000
0000
0000
0000
0000
0000
0000
0000
0000
0000
0000
ff0f
0000
0000
0000
0000
0000
0000
0000
0000
ff0f
0000
0000
0000
00f1
0000
0000
0000
0000
ff0f
0000
0000
0000
0000
0000
0000
0000
0000
f1ff
0000
0000
0000
0000
0f00
0000
0000
ff6f
f1ff
0000
0000
0000
af00
0f00
0000
0000
2f00
f1ff
0000
0000
0000
0000
0000
0000
0000
0000
0000
0000
0000
0000
0000
0f00
0000
0000
0000
f1ff
0000
0000
0000
0000
0f00
0000
0000
0000
f1ff
0000
0000
0000
0000
0000
0000
0000
0000
0000
0000
0000
0000
0000
0000
0000
3900
ffff
feff
0090
0000
ffff
0000
0f00
ff0f
0010
0000
f1ff
00f1
0000
0000
0000
0000
0000
0000
0000
0000
0000
0000
0000
0000
0000
0000
0000
ffff
edff
0000
0000
ff1f
0000
0f00
0000
00f0
0000
f1ff
0000
0000
0000
0000
0000
0000
0000
0000
0000
0000
0000
0000
0000
0000
0000
0000
a6ed
ff09
0000
0000
ff0a
0000
ff00
0000
00fb
0000
ffff
0000
0000
0000
0000
0000
0000
0000
0000
0000
0000
0000
0000
0000
0000
0000
0000
0000
60ff
0000
0000
ff2f
0000
0f00
0000
00fe
0000
f7ff
0000
0000
0061
0000
0f00
0000
0000
0000
0000
0000
0000
0000
0000
0000
0000
0000
0000
0400
0000
0000
ff6f
0000
df00
0000
00f0
0000
c0ff
0000
0000
ff1f
0000
0000
0000
00f0
0000
0000
0000
0000
0000
0000
0000
0000
0000
0000
0000
0000
0000
0000
0000
0f00
0000
0000
0000
f1ff
0000
0000
0000
0000
0000
0000
0000
0000
0000
0000
0000
0000
0000
0000
0000
0000
0000
0000
0000
0000
10fe
0000
0e00
0000
0000
ffff
0000
0000
0000
e2ff
ffff
0000
0000
0000
0000
0000
0000
0000
0000
0000
0000
0000
0000
0000
ff1f
0000
0000
0000
00f0
0000
0000
0000
0000
ff1f
0000
0000
0000
ffff
0000
0000
0000
0000
0000
0000
0000
0000
0000
0000
0000
0000
0000
0000
0000
0000
ff0f
0000
0f00
0000
00f1
0000
f1ff
0000
0000
ffbf
44f8
0000
0000
0000
0000
0000
0000
0000
0000
0000
0000
0000
0000
0000
0000
0000
0000
ffdf
0000
7f00
0000
0000
ff0a
ff0e
0000
0000
0000
ffff
0000
0000
0000
0000
0000
0000
0000
0000
0000
0000
0000
0000
0000
0000
0000
0000
0000
0000
ff02
00f8
0000
f1ff
f9ff
0000
e0ff
4f00
fffd
0000
0000
ff2f
0000
0000
0000
0000
0000
0000
0000
0000
0000
0000
0000
0000
0000
0000
0000
4f00
0000
0000
f2ff
0c00
0000
0000
0000
03f5
0300
0000
0000
0000
0000
0000
0000
0000
0000
0000
0000
0000
0000
0000
0000
0000
0000
0000
ff0e
0000
0000
ff01
fcff
0000
0000
0000
0dfe
0000
0000
0000
0080
0100
0000
0000
0000
0000
0000
0000
0000
0000
0000
0000
0000
0000
0000
ff00
0000
0000
ff9f
0000
0000
0000
0000
90ff
0000
0000
0000
ffff
0000
0000
0000
0000
0000
0000
0000
0000
0000
0000
0000
0000
0000
40ff
0000
0000
0000
0000
ff08
0000
0000
0000
00f5
0000
0000
0000
0000
ef00
0000
0000
0000
bf02
0000
0000
0000
0000
0000
0000
0000
0000
0000
0f00
0000
0000
0000
f1ff
0000
0000
0000
0000
0f00
0000
0000
0000
f1ff
0000
0000
0000
0000
0000
0000
0000
0000
0000
0000
0000
0000
0050
0000
0000
0000
0000
ff0e
0000
0000
0000
ffff
0000
0000
0000
0000
ff0f
0000
0000
0000
0000
ff0c
0000
0000
0000
0000
0000
0000
0000
0000
0000
0000
0000
0000
0000
0000
0000
0000
4b21
0e00
0000
0000
0000
0000
0000
0000
0000
0000
0000
0000
0000
0000
0000
0000
0000
0000
0000
0000
0000
0000
0000
0000
0000
0000
0000
0000
0000
0000
0000
0000
0000
0000
0000
0000
0000
0000
0000
0000
0000
0000
0000
0000
0000
0000
0000
0000
0000
0000
0000
0000
0000
0000
0000
0000
0000
0000
0000
0000
0000
00ff
0000
0000
0f00
0000
0000
0000
00ff
0000
0000
0000
0000
0000
0000
0ff0
0000
0000
fa00
0000
0000
0000
0000
0000
0000
0000
0000
0000
0000
0000
0000
0000
0000
00d0
00ff
0000
f70d
ffff
0000
0400
ff05
0000
0000
0000
0000
0000
0000
ffff
0000
0000
f9ff
0050
0000
6600
0000
0000
0000
0000
0000
0000
0000
0000
0000
0000
0020
df01
0000
0000
f70c
0300
0000
0000
0000
0000
0000
0000
0000
0000
be05
00f6
0000
0700
80ff
0000
0000
0010
faef
0000
0000
0000
0000
0000
0000
0000
0000
ff00
0000
0000
0000
0000
0000
0000
0000
0000
0000
0000
0000
0000
0000
0000
0000
0000
0000
00f4
0000
0000
df00
0000
0000
0000
fc0c
0000
0000
0000
0000
0000
0000
f94f
0000
0000
0000
00e0
0000
0000
fc1f
0000
0000
f71f
0000
0000
0000
0000
0000
0000
3100
ffff
0000
0000
0000
0000
0000
0000
0000
0000
0000
0000
0000
0000
0000
00ff
0000
0000
ffff
0000
0000
0000
0000
0000
0000
0000
0000
0000
0000
0000
0000
0000
0000
0000
0000
0000
0000
0000
0000
0020
0000
0000
0000
0000
0000
0000
0000
0000
0000
0600
ffff
0000
0000
0000
0000
0000
0000
0000
0000
0000
0000
0000
0000
0000
0000
0000
0000
0000
0000
0000
0000
0000
0000
0000
0000
0000
0000
0000
00fd
0000
0000
f44f
0000
0000
df00
0000
0000
0000
0000
0000
0000
0000
ffff
0000
0000
00f0
ff0f
0000
ef00
0000
0000
0000
0000
0000
0000
0000
0000
0000
0000
0000
0000
0000
0000
f0ff
0000
0000
0000
0000
0000
0000
0000
0000
0000
ad04
20fe
0000
0000
5f00
0000
0000
ff2e
0000
0000
0000
0000
0000
0000
0000
0000
0000
8f00
0000
0000
0000
0000
fd1f
0000
0a00
daef
0000
0000
0000
0000
0000
0000
ff1e
0000
0000
f92e
00f0
0000
ff0f
ff00
0000
0000
0000
0000
0000
0000
0000
0000
0000
00fe
0000
0000
4800
0100
0000
0000
ffdf
0000
0000
0000
0000
0000
0000
4a00
00cc
0000
ef00
ffff
0000
0000
00f6
f2ff
0000
0000
0000
0000
0000
0000
0000
0000
0000
3f00
0000
0000
0d00
0000
0000
0000
00f0
0000
0000
0000
0000
0000
0000
ffff
0000
0000
facf
00d3
0000
ff00
0000
0000
0000
0000
0000
0000
0000
0000
0000
0000
0080
d0ff
0000
bf00
30ea
0000
0000
ffff
0000
0000
0000
0000
0000
0000
0000
0000
0000
ff00
0000
0000
0000
0000
0000
0000
0000
0000
0000
0000
0000
0000
0000
0000
0000
0000
0000
0000
0000
0000
ff00
0000
0000
0000
0000
0000
0000
0000
0000
0000
0000
0000
0000
0000
3a00
ffef
0000
0000
0000
0000
0000
0000
0000
0000
0000
0000
0000
0000
0000
6666
0000
0000
0000
0000
0000
0000
0000
0000
0000
0000
0000
0000
fa00
0060
0000
0000
ff6c
0000
0000
0000
0000
0000
0000
0000
0000
0000
ff0a
1f00
0000
0000
ff04
0000
0000
0000
0000
0000
0000
0000
0000
0000
0000
ff5d
0400
00e1
00f4
0060
0000
ef00
f83f
fccf
0000
ff09
ffff
0000
0000
0000
0000
0000
1f00
00f7
0000
0000
8888
00a0
0000
0030
0000
0000
0000
0000
0000
0000
ffff
feef
0000
ff00
ffff
0090
0000
00f0
ef03
0000
0000
0000
0000
0000
0000
0000
0000
0500
0000
3033
0000
00f0
0000
0000
0000
febe
0000
0000
0000
0000
0000
0000
ffff
10fd
0000
00ff
0000
0000
0f00
0000
00d3
0000
0000
0000
0000
0000
0000
0000
0000
00f0
0000
0000
ff00
0000
0000
0000
ffff
0000
0000
0000
0000
0000
0000
ffff
6666
0000
ff00
6666
0000
0000
00f0
0000
0000
0000
0000
0000
0000
0000
0000
0000
0600
0000
0000
0000
00f0
0000
0000
0000
efad
0000
0000
0000
0000
0000
0000
0000
ff0f
0000
00ff
ffff
0000
0f00
0000
ff0f
0000
0000
0000
0000
0000
0000
0000
0000
00ff
0000
0000
0f00
0000
0000
0000
00ff
0000
0000
0000
0000
0000
0000
0000
00ff
0000
0000
0f00
0000
0000
0010
00f5
0000
0000
0000
0000
0000
0000
0000
0000
ff00
af00
0000
0000
06f0
00c1
0000
ff00
0000
0000
0000
0000
0000
0000
0000
0000
0000
0000
00ff
0000
0000
0f00
0000
0030
0000
0000
0000
0000
0000
0000
0000
0000
fbff
0000
ff0f
ff00
f46f
00c0
0000
00f0
0000
0000
0000
0000
0000
0000
50ff
0000
0000
0f00
ff3f
ff0f
0000
00ff
4f00
0000
0000
0000
0000
0000
0000
0000
0000
0400
0000
fd2f
0000
00f0
0000
0000
0000
febd
0000
0000
0000
0000
0000
0000
ffff
00f4
0000
00f0
ffbf
0000
ff00
0000
0000
0000
0000
0000
0000
0000
0000
0000
0000
60ff
0000
0000
ff00
0000
f96f
0000
df05
0000
0000
0000
0000
0000
0000
ffff
fdef
0000
ff00
1400
0000
0000
00f0
ff00
0000
0000
0000
0000
0000
0000
0000
0000
0700
0000
0000
0000
0000
6f00
0000
0500
fede
0000
0000
0000
0000
0000
0000
ffff
0000
0000
0000
0000
0000
0000
f0ff
0000
0000
0000
0000
0000
0000
0000
0000
0000
00f0
0000
0000
ff00
0000
d0ff
0000
ff2c
0000
0000
0000
0000
0000
0000
0000
0c00
0000
0d00
0000
0000
0000
8f00
0060
0000
0000
0000
0000
0000
0000
0000
3f00
ff09
9f00
00d0
0000
80ff
0100
20ff
0000
00a0
0000
0000
0000
0000
0000
0000
0000
0050
0000
6f00
0000
0000
0000
0000
00f2
0000
0000
0000
0000
0000
0000
0000
0000
20ff
f3ef
0000
0000
f6ff
0000
0000
0000
0000
0000
0000
0000
0000
0000
ffff
fbbf
0000
0000
e2ff
0000
0000
60ff
0000
0000
0000
0000
0000
0000
6666
0000
0000
ff00
0000
0000
0000
00f0
0000
0000
ff00
0000
0000
0000
0000
0000
0000
0000
0000
0000
0000
90ff
0000
0000
0000
10fe
0000
0000
0000
0000
0000
0000
0000
0000
0000
f0ff
0000
0000
0000
0000
0000
0000
f0ff
0000
0000
0000
0000
0000
0000
fa0b
0000
0000
af00
f65f
0000
0000
0000
0000
0000
0000
0000
0000
0000
0000
0000
0000
0000
0000
0000
0000
0000
0000
0000
0000
6666
0000
0000
0000
0000
0000
ff06
0000
0000
0000
0000
0000
0000
0000
0000
0000
0000
0000
0000
0000
0000
0000
0000
0000
0000
00f6
0000
0000
ffff
0000
0000
ffff
0000
0000
0000
0000
0000
0000
00f0
0000
0000
ff00
0000
0000
0000
00f0
f1ff
0000
0000
0000
0000
0000
0000
0000
0000
0000
b6fe
0000
0000
0000
0000
0000
3e00
b5fe
0000
0000
0000
0000
0000
0000
0000
0000
0000
00f8
f0ff
0000
ff0e
0200
0000
0000
0000
0000
0000
0000
0000
0000
0000
0000
00a0
0000
ff0d
ffff
0000
0000
ffcf
0000
0000
0000
0000
0000
0000
ff7f
0000
0000
6606
0000
0000
0000
f0ff
0000
0000
0000
0000
0000
0000
0000
0000
0000
0000
a3fd
0000
0000
00f1
ff0f
0000
0800
a3fe
0000
0000
0000
0000
0000
ff00
0000
0000
0000
10fb
e0ff
0000
ff00
0000
0000
0000
0000
0000
0000
0000
0000
0000
0000
0000
0000
0000
ff00
0000
0000
0000
00f0
0000
0000
0000
0000
0000
0000
f0ff
0000
0000
0000
0000
0000
0000
f0ff
0000
0000
0100
0000
0000
0000
0000
0000
0000
ff00
1d00
0000
0000
ffff
0000
0000
ff00
0600
0000
0000
0000
0000
0000
ff00
0000
0000
0000
00f0
0000
0000
ff00
0000
0000
0000
0000
0000
0000
0000
0000
0000
0000
0000
05f7
ff1c
ff00
0000
0000
00f0
00f0
0000
0000
0000
0000
0000
0000
0000
0000
0000
ff00
0400
0000
0000
00f0
f0ff
0000
0000
0000
0000
0000
0000
0000
0000
0000
b6fe
0000
0000
0000
fe1f
0000
2e00
b6fe
0000
0000
0000
0000
0000
0000
0000
0000
0000
10fc
f98f
0000
ff00
0000
0000
0000
00f0
0000
0000
0000
0000
0000
0000
0000
f09f
0000
ff0c
0000
0000
0000
ffff
f0ff
0000
0000
0000
0000
0000
0000
0000
0000
ff00
0000
0000
0000
00f0
0000
0000
0000
0000
0000
0000
0000
0000
0000
0000
b7fe
0000
0000
ffff
10fc
0000
1e00
c8fe
0000
0000
0000
0000
0000
0000
0000
0000
0000
f0ff
0000
0000
0000
0000
0000
0000
0000
0000
0000
0000
0000
0000
0000
0000
f0ff
0000
ff00
0000
0000
0000
ffff
0000
0000
0000
0000
0000
0000
0000
0000
0000
ff06
6f00
0000
0000
f73f
0000
0000
0000
0000
0000
0000
0000
0000
0000
0000
af00
0e00
0000
00f9
fc0c
0000
0000
0010
0000
0000
0000
0000
0000
0000
0000
0000
0000
30ff
0000
0000
0000
fe2f
0000
0000
0000
0000
0000
0000
0000
0000
0000
0000
90ff
0000
2f00
ff0e
0000
0000
bf00
0000
0000
ef05
0000
0000
0000
0000
0000
0000
6606
ff5f
0000
0000
e1ff
0000
0000
0000
0000
0000
0000
0000
0000
0000
0000
0000
0000
0000
00c2
0000
0000
0000
0000
0000
0000
0000
0000
0000
0000
0000
0000
0000
00f0
0000
0000
ff00
0000
0000
0000
00f0
0000
0000
0000
0000
0000
0000
e0ff
0000
0000
0000
00ff
0000
0000
f0ff
0000
0000
a309
0000
0000
0000
0000
0000
0000
0000
0000
f12f
0000
0000
0000
0000
0000
0000
0000
0000
0000
0000
0000
0000
0000
0000
0000
0000
0000
0000
0000
0000
0000
0000
0000
0000
0000
0000
0000
0000
0000
0000
0000
0000
0000
0000
0000
0000
0000
0000
0000
0000
0000
0000
0000
0000
0f00
0000
0000
0000
0000
0000
0000
0000
0000
0000
0000
0000
0000
0000
0000
0000
0000
0000
f50f
ffef
f14f
0700
0000
0000
0000
0000
0000
0000
0000
00fa
ff00
ca39
0000
0000
0000
0000
0000
0000
0000
c0bf
ff06
fbff
00f7
ff06
0000
0000
0000
0000
0000
0000
0000
0000
0000
0000
0000
0000
0000
0000
0000
0000
0000
0000
0000
00f7
1d00
0000
4000
0000
0000
0000
0000
0000
0000
0000
0000
0000
0000
0000
0000
0000
0000
0000
0000
0000
0000
0000
0000
0000
0000
0000
0000
0000
0000
0000
0000
0000
0000
0000
0000
0000
0000
0000
0000
0000
0000
0000
0000
0000
0000
ff00
0000
0000
0000
0000
0000
0000
0000
0000
0000
0000
0000
0000
0000
0000
0000
0000
0000
0000
0000
0070
00f5
2058
0000
0000
0000
0000
0000
00ff
ff05
0c00
feae
0000
0000
0000
0000
0000
0000
0000
0000
0050
0000
0000
0000
0000
0000
0000
0000
0000
0000
c0cc
0000
0000
0000
0000
ff08
0000
0000
0000
0000
0000
0000
0000
0000
0700
0300
0100
0000
0000
0000
0000
0000
0000
0000
cccc
00f0
ff8f
0000
0000
0000
0000
0000
0000
0000
3100
0000
00e5
60ef
1d00
0000
0000
0000
0000
0000
00b0
00e1
00fb
f22f
5f00
0000
0000
0000
0000
0000
0000
0000
f90b
0a00
febe
0000
0000
0000
0000
0000
0000
0000
00fe
e1cf
0000
0000
0000
0000
0000
0000
0000
0000
0000
0000
0000
0000
0000
0000
0000
0000
0000
0000
0000
0000
0000
0000
0000
0000
0000
0000
0b00
0000
0000
0000
0000
0000
0000
0000
0000
0000
cc00
0000
0000
0000
0000
0000
0000
0000
0000
ff9e
0000
ff00
0000
0000
0000
0000
0000
00d0
70ef
30fe
7027
5f00
0000
0000
0000
0000
30fc
0000
5f00
0050
30ef
0860
ef04
0000
0000
0000
0000
0000
0000
b0ff
0900
0000
0000
0000
0000
0000
0000
0000
0000
40ff
d2ff
0000
0000
0000
0000
8f00
0d00
0000
0000
0000
0000
0000
0000
0000
ffff
50ff
ff00
0000
0000
0000
0000
0000
0000
0000
cccc
0050
dcff
ff00
0000
0000
0000
0000
0000
0000
0000
0000
ffff
50ff
ff00
0000
0000
0000
0000
0000
fb0b
0000
ff04
0000
ff08
0000
0000
0000
0000
00f0
f05f
5f00
0000
0000
0050
0000
0000
0000
0000
0000
0000
0000
0000
0000
0000
0000
0000
0000
0000
0000
0000
0000
0000
0010
0000
0000
0000
0000
ff00
0000
0000
0000
0000
a0ff
0000
0000
0000
0050
50ff
ff00
0000
0000
0000
0000
0000
0000
0000
0000
c0af
52ff
ff00
0000
00f0
0000
0000
0000
0000
0000
00fc
0b50
50ff
ff00
0000
0000
0000
0000
0000
ff07
0000
0000
0000
ff08
0000
0000
0000
0000
0000
40ff
fa5e
0000
0000
0050
0000
0000
0000
0000
0000
00d0
f05f
7f00
8f01
0000
0000
0000
0000
0000
0000
0000
0000
00ff
ff03
0000
0000
0000
0000
cf00
0300
0000
0000
0000
0000
0000
0000
0000
ffff
0000
0000
0000
0000
0000
0000
0000
0000
0000
0000
0050
50ff
ff00
0000
0000
0000
0000
0000
0000
0700
0000
00fb
7f00
0000
0000
0000
0000
0000
0000
60ef
0efa
c05f
fefa
cf00
0000
0000
0000
0000
0000
0000
0000
50ff
0500
0000
0000
0000
0000
0000
0000
0000
0000
0000
0050
0000
0000
0000
0000
0c00
0000
0000
0000
0000
c0cc
0000
0000
0000
dcff
ff00
0000
0000
0000
0000
0000
0000
0000
0000
0000
10fe
1f00
0000
0000
0000
0000
0000
0000
0000
0000
00f5
f50f
0f00
0000
0000
0000
0000
0000
0000
0000
10ff
0700
0000
0000
0000
0000
0000
0000
0000
0000
0000
0000
0000
0000
ff0f
0000
0000
0000
0000
0000
0000
0000
0000
0000
0000
0000
0000
0000
0000
0000
0000
00f5
f5ef
0000
0000
0000
0000
0000
0000
0000
0000
00d0
00f7
0000
0000
0000
0000
0000
0000
0000
0000
0000
0000
0000
0000
0000
0000
0000
ef01
0e00
0000
0000
0000
0000
0000
0000
0000
fd9e
00fd
fd0f
0700
0000
0000
0000
0000
0000
0000
00cc
00f5
f50f
0f00
0000
0000
0000
0000
0000
0000
ff5e
0500
0000
fe7f
0000
0000
0000
0000
0000
0000
30ff
ff00
0000
0050
0000
0000
0000
0000
0000
0000
0000
0000
0000
0000
0000
0000
0000
0000
0000
0000
0000
0000
0000
0000
0000
0000
50ff
ff00
0000
0000
0000
0000
0020
0000
0000
0000
0050
50ff
ff00
0000
0000
0000
0000
0000
0000
0000
0000
be25
60ff
ff00
0000
00fa
0000
0000
0000
0000
0000
ffed
0050
50ff
ff00
0000
0000
0000
0000
0000
0000
f47f
0200
0000
ff3e
0000
0000
0000
0000
0000
0000
70ff
5f00
0100
ce56
50ff
0000
0000
0000
0000
0000
0000
00f5
f5bf
0f00
0000
0000
0000
0000
0000
0000
0000
0000
0000
0000
0000
0000
0000
0000
0000
0000
0000
0000
0000
0000
0000
0000
0000
f50f
0f00
0000
0000
0000
0000
0000
0000
0000
0000
0050
50ff
ff00
0000
0000
0000
0000
0000
0000
0000
2f00
0260
f50b
0000
0000
0000
0000
0000
0000
0000
b0ff
658f
f7e7
ff03
0000
0000
0000
0000
0000
0000
0000
0000
f43f
0000
0000
0000
0000
0000
0000
0000
0000
0000
0000
00d0
00f6
0000
0000
0000
0000
0000
0000
0000
00c0
0000
0000
0000
2c00
0c00
0000
0000
0000
0000
0000
0000
0000
0000
0050
50ff
ff00
0000
0000
0000
0000
0000
0000
0000
0000
00f5
f70d
0000
0000
0000
0000
0000
0000
0000
0000
0000
f7ff
0050
0000
0000
0000
0000
0000
0000
0000
0000
0000
0000
0000
0000
0000
0000
0000
0000
0000
0000
0000
0000
0000
0000
0000
0000
0000
0000
0000
0000
0000
f330
0000
0000
0000
0000
0000
f702
ff00
0010
f207
0000
0000
0000
20f8
0000
0020
f30d
0000
0000
0000
00e9
0000
800c
0000
de07
0000
0000
be05
0000
c1ff
0000
92fd
0000
0000
f00f
0000
0000
0000
0000
0000
0000
0000
0000
f10e
0000
20bf
0000
0000
0000
0000
0000
0000
1f00
0000
0000
0000
0000
0000
0094
0000
0000
0000
0000
0f00
0000
f00f
0000
0000
0000
0000
0000
0000
0000
0000
0000
0000
0000
0000
0000
0000
0000
0000
0000
0000
0000
0000
0000
0000
0000
0000
0000
0000
00f9
0000
0000
0000
0000
0000
0050
00f0
0000
9de9
0000
0000
0000
0000
0000
0000
0f00
0000
0000
0000
7f00
0000
0010
cf00
0000
0000
0000
0700
0000
fd03
0200
0000
0000
0000
0800
0000
0f00
0000
0000
0000
0000
2f00
0000
0000
0000
0000
0000
0000
0200
0000
f00f
0000
0000
0000
0000
0000
20ce
0000
0000
0000
0000
0000
0000
0800
0000
af00
0000
0000
0000
0000
00f1
0000
1d00
0000
0000
0000
0000
8800
0000
0000
0000
0000
0000
0000
0000
0000
ff00
0000
0000
0000
0000
0000
0020
0000
0000
0000
0000
0000
0000
0000
0000
0000
0000
0000
0000
0000
5b00
0000
0000
0000
0000
0500
00e0
0000
0000
0000
0000
0000
0000
1600
0e5c
0b00
8f00
50da
0000
0000
2ccf
0000
0600
0000
0000
0000
0020
00ff
0000
0000
0000
0000
0000
00b5
f40c
0000
00fa
0000
0000
0000
b6fe
0000
0f00
ff00
0000
0000
0000
ffff
0000
ffff
0000
f0ff
0000
0000
ffff
0000
ffff
0000
0000
0000
0000
0200
00fd
00f0
0000
fe8d
0000
0000
0000
0f00
ff00
f00f
00ff
0000
0000
0000
0000
0000
0000
ff00
0000
0000
0000
0000
0000
ff00
0000
0000
0000
0000
00ff
0000
1c00
0000
0000
0000
0000
ff00
0000
00ff
0000
0000
0000
0000
00f0
0200
ff00
00d0
0000
0000
0000
0000
10fd
0000
df01
0000
0000
0000
0000
0000
0000
df99
0000
0000
0000
80bf
00ff
0000
0000
0000
0000
0000
fc07
f00f
e01f
fc2d
0010
0000
0000
0900
0000
fa09
ff00
0000
0000
0000
0100
0000
af01
0100
0000
0000
0000
0000
0000
ff00
0000
0000
0000
0000
f00f
00ff
00f0
0000
0000
0000
0000
0d00
e11f
0400
0000
0000
0000
0000
f50c
877f
0000
0600
0000
0000
0000
0000
9fbf
0000
3f00
0000
0000
0000
70cf
fe03
0000
ff00
0000
0000
0000
d0bf
0000
0000
00fc
0000
0000
0000
0000
0f00
0000
f00f
0000
0000
0000
0000
0000
0000
0000
0050
0000
0000
f00f
0000
00f0
0000
0000
0000
0000
1e00
0000
0000
0000
0000
0000
0000
0000
0000
0000
0000
8888
0000
0000
0000
0000
0000
0000
0000
0000
0000
0000
ebbe
0000
ff01
0000
0000
0000
0000
bef3
0000
0400
0000
0000
0000
0000
0700
0000
00f5
0000
0000
0000
ff00
0000
00ff
f40c
0000
0000
0000
0000
0000
fe01
0b00
0092
0000
0000
fe06
0000
00f0
0000
0000
0000
0000
0000
0000
00f5
0000
b3ee
0000
0000
0f00
0000
f00f
0000
00f0
0000
0000
0000
0000
0000
0000
ff00
0000
0000
0000
0000
0000
0000
0000
0000
0000
0000
00f0
0000
d16f
0000
0000
0000
0000
ff00
0000
00ff
0000
0000
0000
0000
0000
a0ff
f00f
0000
0000
0000
0000
0000
fc06
0f00
00ff
0000
0000
0000
0000
0110
0000
f99e
0000
0000
0000
0000
00f5
0000
dfa9
0000
0000
0000
0000
fc06
0000
d9df
0000
0000
0000
0000
0f00
0000
f00f
0000
0000
0000
0000
0000
50fc
0400
0000
0000
0000
f00f
0000
00f0
0000
0000
0000
0000
0000
0000
00f0
0000
0000
0000
0000
0000
00fa
7f00
0000
0000
0000
0000
0000
f36f
0000
fe04
0000
0000
0000
0000
4f00
0000
60bf
0000
0000
0000
0000
00f1
0000
f1ff
0000
0000
0000
0000
8808
0000
10fd
0000
0000
0000
0000
0000
0000
0f00
0000
0000
0000
0000
0000
0000
0f00
0000
0000
0000
50bf
0000
90ee
0000
0000
0000
0000
0000
0000
9bfe
0000
0000
0000
0000
0000
0000
0000
0000
0000
0000
0000
0000
0000
0000
0000
0000
0000
0000
0000
0000
0000
0000
0000
0000
0000
0000
00e0
0010
0000
0000
0000
0040
0000
0060
0000
0000
00aa
c2cf
aba5
0000
0000
0000
901f
00fa
0000
0000
0000
0000
0000
0000
0000
0000
0000
0000
0000
0000
0000
0000
0000
0000
0000
0000
0000
0000
0000
0000
0000
00f0
0000
0000
0000
0000
0000
0000
0000
0000
0000
0000
0000
0000
0000
0000
0000
0000
0000
0000
0000
0000
0000
0000
0000
0050
00a0
0000
0000
0000
0000
0000
0000
0000
0000
0000
0000
0040
0000
0000
0080
0020
0020
0000
0000
0000
0000
0000
0000
0000
0000
0060
0010
0000
0000
0000
0060
0000
0000
0000
0010
0000
0000
0000
0000
0080
0030
0060
0000
0000
0050
00a0
0000
0000
0000
0000
0000
0000
0000
0000
0000
0000
0000
0000
0000
0000
0000
0000
0000
0000
0000
0000
0000
0000
0000
0000
0000
0000
0000
0000
0000
0000
0000
0000
0000
1b00
103f
57bf
00c7
0000
0000
0070
00dd
0000
0000
00e0
00d1
00e2
0000
0000
00eb
0000
00e3
0000
0000
00f5
00af
0090
0000
0000
0000
0000
0020
0000
0000
0000
0000
0000
0000
0000
00ec
00ff
00fb
0000
0000
00af
00ff
00af
0000
0000
0000
0000
0000
0000
0000
0000
0000
0000
0000
0000
0000
0000
00e2
0000
0000
0000
0000
0020
0000
0000
ff01
0aad
0a40
0000
0000
00af
00af
00ff
0000
0000
10ce
a00f
00f5
0000
0000
00f7
0040
0000
0000
0000
10ce
a00f
10fc
0000
0000
00f7
0040
00fa
0000
0000
00f7
0060
00e2
0000
0000
0000
0000
0000
0000
0000
00af
00af
00e2
0000
0000
00f9
0020
0000
0000
0000
00c0
0dae
fc07
0000
0000
0090
0000
00f5
0000
0000
00f8
0000
0000
0000
0000
0020
0000
0044
0000
0000
0000
0000
0000
0000
0000
0000
0000
0000
0000
0000
0000
0000
0000
0000
0000
0000
0000
0000
0000
0000
0000
0000
0000
0000
0000
0000
0000
0000
0000
0000
0000
0000
0000
0000
0000
0000
0070
0000
0000
0000
0000
0010
0030
0000
0000
00a0
00a0
00a0
0000
0000
0000
0090
0010
0000
0000
0000
0000
0000
0000
0000
0000
00a0
00a0
0000
0000
0000
0000
0000
0000
0000
0000
0000
0000
0000
0000
0000
0000
0000
0000
0000
0000
0000
0000
0000
0000
0000
0000
0000
0000
0000
0000
0500
0400
0000
0000
0000
0000
0000
0000
0000
0000
00e0
0020
0000
0000
0000
0070
0000
0000
0000
0000
00a0
00a0
00a0
0000
0000
0000
0000
0000
0000
0000
0000
0000
0000
0000
0000
0000
0000
0000
0000
0000
0000
0000
0000
0000
0000
0000
0000
0000
0000
0000
f731
40ef
0000
0000
0000
0000
0000
0000
0000
0000
0000
0000
0000
0000
0000
0000
0000
0000
0000
0000
0000
0000
0000
0000
0000
0000
0000
0000
0000
0000
0000
0000
0000
0000
0000
008c
0000
0000
0000
0000
0000
0000
0000
0000
0000
0000
0000
0010
0000
0000
4f00
0000
0000
0000
ffff
0000
0000
0400
0000
fe06
0000
e047
0000
0000
0100
0000
9d01
0000
0000
0000
0000
0300
0000
b008
0000
00aa
0000
0000
0000
0000
0000
0000
f104
0000
0000
0000
0000
104f
0000
0000
0000
0000
0000
0000
104f
0000
201e
0000
0000
0a00
00f1
ae01
0000
f104
0000
0000
0b00
0010
ff4f
0000
0500
0000
0000
0000
00f1
0000
0000
0070
0000
0000
0600
0090
9e00
0000
5e00
0000
0000
0d00
0010
ae02
0000
0420
0000
0000
0000
0000
104f
0000
0010
0000
0000
0000
0020
0000
0000
0000
0000
0000
0000
0000
0002
0000
5f00
0000
0000
0000
7008
b00b
0000
3f4f
0000
0000
4f00
0050
ff4f
0000
0030
0000
0000
4f00
104f
ff4f
0000
0010
0000
0000
4f00
0040
104f
0000
0030
0000
0000
4f00
10ff
104f
0000
00f1
0000
0000
0000
00f1
be02
0000
d811
0000
0000
4f00
0000
ff4f
0000
0099
0010
0000
4f00
104f
104f
0000
0030
0000
0000
4f00
00d9
104f
0000
0030
0000
0000
4f00
00d1
104f
0000
0040
0000
0000
0200
0010
0000
0000
0010
0000
0000
5f00
00d0
0500
0000
8d70
0030
0000
0900
0000
504f
0000
09e7
0000
0000
0200
0000
ff0f
0000
0010
0000
0000
3f00
0000
0000
0000
00f1
0000
0000
0200
0000
0000
0000
0000
0000
2022
0300
0000
0000
0000
eb9e
0000
0000
4f00
00d0
6e4d
0000
ea9e
0000
0000
0000
00f1
bf02
0000
e98e
0000
0000
0200
0000
f104
0000
d5bf
0000
a04c
4f00
00f0
104f
0000
0010
0000
0000
0000
0000
f104
0000
5f10
0000
0000
4f00
0000
104f
0000
d46e
0010
0000
0000
00f0
104f
0000
e8ae
0000
0000
0000
00d0
7d4f
0000
d5af
0000
f104
0000
0000
104f
0000
b2de
0000
0000
0400
0000
8e00
0000
0410
0000
0000
0000
0000
2f00
0000
6e00
0000
0000
0000
0000
206f
0000
0c00
0000
0000
0000
0010
ff0f
0000
00f1
0000
0020
4f00
0000
104f
0000
00f1
0000
0000
0000
9000
0000
0000
0000
0000
0000
0000
0000
0000
0000
0000
000e
000e
0004
0000
0000
c039
0000
0000
0000
0000
8301
0c06
3018
0000
c000
c070
cf00
fc1f
0000
0000
6170
1800
0000
0000
f803
f001
0738
0000
0000
0038
0000
0000
0000
0000
000c
0038
001c
8001
0060
000e
0007
000c
0000
c03f
0000
0000
0000
0000
0000
e000
e000
0000
0000
0000
0000
001c
0000
0000
0000
0000
0000
0000
0000
0000
0000
0000
0000
0003
0008
0060
0000
0000
0e38
0770
f80f
0000
6000
e000
e000
0000
0000
fc1f
1e00
0038
0000
0000
0e38
fc01
1e3c
0000
0000
b803
3870
3800
0000
fe1f
e03b
0700
0000
0000
fc0f
f877
0738
0000
0000
0e00
e000
0007
0000
0000
0e38
0e38
f80f
0000
e003
0770
0700
0000
0000
0000
0000
0000
0000
0000
0000
0000
000e
0008
0000
0000
803f
0300
0000
0000
0000
0000
0000
0000
0000
007f
fc00
0000
0000
073c
7800
e000
0000
0000
000e
e070
001e
0000
7800
8703
ff1f
0000
0000
071c
ff1f
001c
0000
0000
000e
0038
c10f
0000
0000
001c
001c
ff1f
0000
ff1f
001c
001c
0000
0000
001c
ff1f
001c
0000
0000
001e
0770
800f
0000
0000
001c
001c
001c
0000
001c
001c
001c
0000
0000
1c00
1c00
1c70
0000
0000
0f1c
3c1f
001c
0000
0000
001c
001c
ff1f
0000
001e
c01d
311c
0000
0000
003f
7838
0338
0000
0000
001e
0070
800f
0000
0000
001c
001c
001c
0000
ff01
0070
0178
0000
0000
001c
011c
001c
0000
0000
0038
3f00
031f
0000
0000
e000
e000
e000
0000
001c
001c
001c
0000
0000
0038
070f
dc01
0000
0000
0e3c
380e
e003
0000
0000
cf03
ce01
003c
0000
0078
8e03
7000
0000
0000
0300
f000
001e
0000
0000
0038
0038
0038
0038
0000
0030
000c
8001
0000
007e
000e
000e
000e
0000
8007
3030
0000
0000
0000
0000
0000
0000
ffff
0000
0000
0000
0000
0000
0000
3c1e
0e3c
0000
0000
0038
073c
073c
0000
0000
0000
0070
1c3c
0000
0000
e703
0770
f71f
0000
0000
fe0f
0038
0000
0000
001c
001c
001c
0000
0000
0000
0770
1f3c
3c3e
0000
f838
0738
0738
0000
0038
0038
0038
0000
0000
0038
0038
0038
0038
0000
0070
807f
3c70
0000
0000
0038
0038
0038
0000
0000
fd3f
0e38
0000
0000
0000
073c
0738
0000
0000
0000
0770
1e3c
0000
0000
f000
0338
fc3b
0038
0000
ff1f
0770
0700
0000
0000
003c
0038
0000
0000
0000
001c
1c3c
0000
0000
807f
001c
801f
0000
0000
0738
0738
0000
0000
0000
1c70
e00e
0000
0000
0000
ee38
830f
0000
0000
1ef0
8003
1c70
0000
0000
1c78
700e
8003
0000
0000
7800
001e
0000
0000
000c
001c
000c
000e
0000
0018
0018
0018
0018
007c
000c
0007
000c
0000
0000
031f
0000
0000
0000
0000
0000
0000
0000
0000
0000
0000
3000
0000
0000
0000
0000
0000
0c00
0000
703b
6300
0000
9861
0330
0000
8007
0000
0000
0000
0000
0000
0030
0000
0000
0018
0800
0000
0000
0000
0000
0000
0000
0000
0000
0000
0000
0000
0000
0000
0008
c000
0000
3060
0f00
0000
0003
0000
00c0
001c
0000
0060
e030
0000
00c0
0000
3f00
0070
0000
3000
0030
0000
0100
0000
0000
3800
0000
e03f
0000
0000
0030
3000
0000
0000
1000
0000
0070
0000
0000
0000
0000
0000
0060
0000
0000
0000
03f0
0783
0000
0600
0006
0000
3f00
00f0
f003
6000
0000
0730
3080
0000
0030
3f00
0000
f03f
0000
00fc
0160
0000
0003
0330
0000
0000
0018
0000
0060
0000
1800
0038
0000
3000
0000
0000
3360
0000
033c
3000
0000
0330
3800
0000
0c30
3000
0000
0160
0000
000c
0630
0000
0000
1c3c
0000
0080
0000
3000
0003
0000
3800
0060
0000
3030
8001
0000
0300
0000
0c30
0100
0000
e000
7000
0000
0030
3000
0000
0008
0000
0000
0018
0000
00c0
0000
0000
0000
0000
1800
0000
0000
0f00
00e0
0000
3800
00c0
0000
6000
0000
3000
7000
0000
c01f
1f00
0000
0018
0000
0000
3060
0f00
0000
3030
0000
0000
0030
3000
0000
0030
3000
0080
0000
3000
0000
0000
30c0
0000
0000
3000
0000
0000
3000
0000
703c
3300
0000
3060
0000
0000
0030
0000
0080
e070
0000
0000
0000
0000
0030
0000
0000
0080
0000
61c0
000c
0000
0f00
0000
0000
0d00
0000
e07f
7000
0000
0018
1800
0000
0020
2000
0000
0018
0000
0000
0000
0000
0000
0000
0000
0000
0030
3000
0000
0000
0900
0000
0004
7500
0000
6606
0000
00e0
0000
0000
0000
00c0
0000
0000
0000
0000
0000
000c
0000
0000
0040
0000
0000
0000
0000
0000
0000
3300
0000
003e
0600
0000
807f
1f00
0080
0000
0300
0000
8061
0000
0080
0000
1800
0000
8073
0000
0080
0000
0000
0000
0000
0000
0080
0000
0000
0000
0000
0000
0000
0000
1800
0000
000f
c000
00c0
e07f
1f00
0038
c07f
6000
0000
0030
0000
0000
0000
7000
0000
3060
0000
0000
0000
0300
0000
003e
0000
0000
0000
7800
0000
306c
0000
0018
0000
3000
0000
3838
0700
00e0
3060
3f00
00e0
e07f
0600
0000
3060
0000
0080
0000
1b00
0000
800d
0000
0000
0000
0e00
0000
00c0
f000
0000
0000
3000
0000
0036
0000
0000
0000
0000
0000
0000
3c00
0000
807f
0000
0080
c000
3100
0000
0060
0000
0000
0000
6000
0000
8061
0000
0000
0000
6000
0000
006c
0000
0000
0000
7f00
0000
006f
0000
0000
0000
0000
0000
0000
1e00
0000
0060
0000
0000
0000
3000
0000
8061
0000
0000
0000
3400
0000
000c
0000
0000
0000
0600
0000
0060
1800
0000
0060
3000
0000
0000
0000
0000
0000
0000
0020
0000
0000
0048
000c
8088
0000
0000
0000
0040
0020
0000
0000
0008
0000
0000
0000
0000
0080
0041
000c
0000
0000
0022
0044
0010
0000
0000
0020
0022
0041
0000
0000
0020
0060
0000
0000
0000
0008
4448
0012
0000
0000
4018
2040
0040
0000
0000
a018
4040
0040
0000
0000
0041
0040
3060
0000
0000
c018
0020
2020
0000
0000
8020
0008
4040
0000
0000
2008
000c
8020
0000
0000
0040
0020
0020
0000
0000
0000
0000
0000
0000
0000
0022
0041
0000
0000
0000
0023
0041
0000
0000
0040
0084
0040
0000
0000
0000
0022
0041
0000
0000
0000
0042
0020
0000
0000
0000
0011
0028
0000
0000
0000
0020
0040
0020
0000
0000
0000
0000
0020
0000
007e
0090
0089
0018
0040
0000
0000
0000
0000
0000
0040
0000
0040
0080
0042
0008
0008
0002
0012
0040
0042
007e
0000
0000
0000
0000
0080
0000
0000
0000
0000
a049
0041
007c
0040
8040
0040
0040
000f
0000
0000
0000
0000
0000
0000
2084
8041
8020
0040
4044
007e
0030
0008
8040
8080
0882
0000
0000
0000
0000
0040
0000
0020
0000
0000
0000
003e
0042
0066
003a
0000
0040
0000
0000
0000
0000
0080
0000
0000
4044
0042
0042
0042
0042
0040
0044
00e0
0000
0000
0000
0000
0000
0000
0000
0020
0040
0020
0000
0000
0000
0000
0000
0070
0029
0000
0000
0020
0000
0000
0000
0000
0040
0070
0000
0070
0050
0088
0000
0000
0088
0000
0040
0000
0000
0020
0040
0000
003c
0042
0040
0000
0000
0040
0010
0000
0000
0062
0042
0040
0000
0038
0020
0042
0000
0000
0044
0020
0040
0000
0020
0000
0000
0000
0000
0098
0090
0000
0000
0080
0080
0000
0000
0000
0088
00b0
0000
0000
0040
0090
0000
0000
0090
0040
0040
0000
0000
0000
81a5
fe6c
3c3c
0000
3c00
321a
303f
db18
3e1e
6666
6c38
187e
1818
3000
2800
fefe
3c3c
fe6c
c6c2
0060
0c0c
1800
0000
0602
1878
0606
c0c0
0606
c6c6
1818
7e00
0cc6
c66c
c0c2
6862
c0c2
1818
6c66
fefe
c6c6
c6c6
60c6
c6c6
c6c6
6666
3030
0c0c
0000
7800
7c00
7c00
7600
3800
6660
ec00
7c00
7600
7c00
cc00
c600
c600
1818
1818
3810
cc00
7800
7800
663c
7c00
3800
3800
6c38
cc00
7c00
7c00
cc00
c6c6
6066
183c
1818
3800
cc00
f6e6
0038
0000
ccc6
1800
d800
aa55
1818
f818
0000
f636
fe00
3636
0000
1818
1818
1818
3636
3f00
ff00
ff00
ff18
ff00
3636
1f00
3636
1818
ffff
f0f0
ffff
cccc
6cfe
7e00
dc76
c66c
0c18
7e06
c6c6
1818
3018
1818
7600
0000
0c0c
c860
0000
e7c3
7cfe
99bd
6763
7e18
7e7e
180c
ffff
0000
ccdc
663c
3000
cc60
cccc
3000
3018
6666
6068
cccc
c6ce
666c
78cc
6632
0000
6666
6060
cc0c
cccc
6066
78cc
6430
0000
c0fc
cc7c
c0fc
c6fe
cccc
cccc
cccc
cfc6
cccc
7e00
0c0c
3366
77db
36f6
3636
00f8
18ff
181f
00ff
36f7
36ff
363f
181f
0f0f
c0c0
7c66
6c6c
60c0
0060
3000
0018
3c3c