7970
744c
0000
0000
0000
0000
0000
0605
2625
4645
6665
8685
a6a5
c6c5
e6e5
ffff
ffff
ffff
ffff
2e10
0000
0101
0402
a191
3837
7877
b5b4
e9e8
0302
d172
5453
928a
c7c6
4000
008f
0000
00a9
001a
0000
0808
0808
0808
0808
0000
0808
0808
0808
0808
0808
0808
0808
0808
0000
0808
0808
0808
0808
0000
0000
0303
0307
0305
0000
030a
0b08
0804
0000
0000
0909
0b0c
0805
002f
0000
0a0a
0b09
000a
0000
0e0a
120d
0c06
0000
0000
1212
1f16
1710
0000
0a05
0909
0808
0000
0000
0704
0c0b
0a09
0000
0000
0606
060d
080b
0000
050f
100d
0e0a
0000
0000
1111
1413
110b
002d
0000
1416
1512
0a1d
0000
0000
0000
0000
0000
0000
0000
0000
0000
0000
0000
0000
0000
0000
0000
0000
0404
0c0b
1d1b
2e2d
4342
5858
7071
8689
969b
a3ab
acb7
b1bc
b5c1
b6c2
bac6
bbc7
bcc8
bdc9
bfca
bfcb
c1cc
c1cd
c1cd
c3ce
c3ce
c3ce
c4cf
c3cf
c4d0
c5d0
c5d1
c5d1
c5d1
c6d1
c5d1
c6d1
c6d1
c7d2
c7d2
c7d2
c6d1
c7d2
c7d2
c7d2
c7d2
c7d2
c7d2
c8d3
c8d3
c8d3
c8d3
c8d3
c8d3
c8d3
c8d3
c9d4
c9d4
c9d4
c8d3
c8d3
c9d4
c9d4
c9d4
0000
0000
0000
0000
0000
0000
0000
0000
0000
0000
0000
0000
0000
0000
0000
0000
0000
0000
0000
0000
0000
0000
0000
0000
0000
0000
0000
0000
0000
0000
0000
0000
0000
0000
0000
0000
0000
0000
0000
0000
0000
0000
0000
0000
0000
0000
0000
0000
0000
0000
0000
0000
0000
0000
0000
0f00
0000
0000
0000
f1ff
0000
0000
0000
0000
0000
0000
0000
0000
f1ff
0000
0000
0000
0000
0000
0000
0000
0000
0000
0000
0000
0000
ff0f
0f00
0000
0000
0000
0000
0000
0000
0000
0000
0000
0000
0000
0000
0000
0000
0000
0000
0000
0000
0000
0000
0000
0000
0000
0000
0000
ff01
0000
0000
0000
ffff
ffff
0000
0000
20ff
33fc
ff0f
0000
0000
ff07
ff0c
0000
0000
0000
0000
0000
0000
0000
0000
0000
0000
0000
0000
ffff
0000
0000
00fb
0000
ffaf
0000
0000
20fb
0100
0000
0000
00ff
0000
ffff
0000
0000
0000
0f00
0000
0000
0000
0000
0000
0000
0000
0000
0000
0300
0000
e64f
00ff
00f5
0000
0000
10fd
0000
0000
0000
0000
0010
0500
0000
fcff
0600
0000
0000
0000
0000
0000
0000
0000
0000
0000
0000
0000
0000
0000
3f00
ffff
0000
0000
0000
ffff
0a00
0000
f7ff
ef03
00f6
0000
0000
0ad7
0000
0000
0000
0000
0000
0000
0000
0000
0000
0000
0000
0000
0000
0000
70ff
0000
0000
0000
0000
0000
0000
0000
0000
0000
0000
0000
0000
0000
0000
0000
0000
0000
0000
0000
0000
0000
0000
0000
0000
0000
0000
ff07
0000
0000
0000
0000
0c00
0000
0000
0000
f3ff
0000
0000
0000
0070
0000
0000
0000
0010
0000
0000
0000
0000
0000
d2bf
0000
0000
0000
ffbf
0000
0000
0000
70ff
0000
0000
0000
0000
1f00
0000
0000
0000
00fa
0000
0000
0000
0000
00c1
0000
0000
0000
0000
0000
0000
0000
0000
0000
0000
0000
0000
f0ff
6f00
0000
0000
00f6
fabf
0000
0000
0000
0000
0000
0000
0000
0000
0000
0000
0000
0000
0000
0000
0000
0000
0000
0000
0000
0000
0000
ff00
0000
0000
00ff
ffff
0000
0000
0000
0000
ff00
0000
0000
0000
0000
0000
0000
0000
0000
0000
0000
0000
0000
0000
0000
0000
0000
0000
0000
0000
0000
0000
0000
0000
0000
0000
0000
0000
ff00
0000
0000
0000
0090
0000
0000
0000
0000
0000
0000
0000
0000
0000
0000
0000
0000
0000
0000
0000
0000
0000
ffff
0000
0000
0000
0000
0000
0000
0000
0000
0000
0000
0000
0000
0000
0000
0000
0000
0000
0000
0000
0000
0000
0000
0000
0000
0000
0000
0000
0000
0000
0000
0000
0000
0000
0000
0000
0000
0000
0000
0000
0000
0000
0000
0000
0000
0000
0000
0000
0000
4f00
0000
0000
0000
0000
0a00
0000
0000
0000
0020
0100
0000
0000
0000
00b0
0000
0000
0000
0000
0000
0000
0000
0000
0000
0000
0000
20fd
0020
6f00
0000
00e0
0000
10ff
0000
0000
ff1f
0000
af00
0000
0000
ffff
0300
0000
0000
0000
0000
0000
0000
0000
0000
0000
0000
0000
0000
ff88
0000
0000
0000
10ff
0000
0000
0000
0000
ff00
0000
0000
0000
10ff
0000
0000
0000
0000
0000
0000
0000
0000
0000
0000
0000
0000
0030
ffff
0100
0000
00f0
0000
0000
0000
0000
00d1
7f00
0000
0000
0000
0000
ffff
0000
0000
0000
0000
0000
0000
0000
0000
0000
0000
0000
0000
ffff
0000
0000
00e0
0000
0000
0000
0000
fdff
0000
0000
0000
00fd
0000
ff4f
0000
0000
0000
0000
0000
0000
0000
0000
0000
0000
0000
0000
0000
0000
0000
0000
ffe2
0200
0000
0000
00ff
0000
af00
0000
00ff
ff01
0000
0000
0000
0000
0000
0000
0000
0000
0000
0000
0000
0000
0000
0000
0000
0000
0000
0000
ffaf
0000
0000
f5ff
0000
0000
0000
00f0
0000
fbff
0000
0000
0000
0000
0000
0000
0000
0000
0000
0000
0000
0000
0000
0000
0000
0000
0000
f9ff
0000
0000
f8ff
0080
0f00
0000
00ff
0000
ffff
0000
0000
20fb
0000
0000
0000
0000
0000
0000
0000
0000
0000
0000
0000
0000
00ff
0000
0000
0000
0000
0010
1e00
0000
0000
0000
0090
0000
0000
0000
0000
ffff
0000
0000
0000
0000
0000
0000
0000
0000
0000
0000
0000
0000
bf46
f8ff
0000
0000
ffef
ffff
0000
0000
0040
0000
10ff
0000
0000
f7ff
ffff
0000
0000
0000
0000
0000
0000
0000
0000
0000
0000
0000
0000
ffff
fdff
0000
0000
ff1f
0000
6f00
0000
00f0
60fc
0000
0000
0000
f6ff
ffff
0000
0000
0000
0000
0000
0000
0000
0000
0000
0000
0000
0000
0000
0000
0000
0000
0000
0000
0000
0000
0000
0000
0000
0000
0000
0000
0000
0f00
0000
0000
0000
0000
0000
0000
0000
0000
0000
0000
0000
0000
0000
0000
0000
0000
0000
0000
0000
0000
0000
0000
0000
0000
0000
0000
0f00
0000
0000
0000
00f4
0000
0000
0000
0000
0000
0000
0000
0000
0000
0000
0000
0000
0000
0000
0000
0000
0030
c5ff
0000
0000
0000
6d00
0000
0000
0000
0000
0000
0000
0000
0000
0000
0000
0000
0000
0000
0000
0000
0000
0000
0000
0f00
0000
0000
0000
0000
0000
0000
0000
0000
0000
0000
0000
0000
0000
0000
0000
0000
0000
0000
0000
0000
0000
0000
0000
0000
0000
0000
0000
0000
0000
0071
0200
0000
0000
fbff
ffff
0f00
0000
0000
0000
0000
0000
0000
0000
0000
0000
0000
0000
0000
0000
0000
0000
00d0
0000
4404
0000
0000
ffef
0000
0000
0000
0000
c1cc
0000
0000
0000
0000
0000
0000
0000
0000
0000
0000
0000
0000
0000
0000
0000
20e9
0031
e4ff
0000
ff07
81fe
ef03
00fb
b0ff
00e0
0000
6f00
df00
0b00
ffbf
ffff
c0ff
0000
0000
0000
ff2c
0000
0000
0000
0000
0000
0000
0000
0000
9f00
0000
0000
0000
1f00
0d00
0000
0000
ff0a
ffff
0100
0000
fbff
0000
00f8
0000
0000
0000
0000
0000
0000
0000
0000
0000
0000
0000
1095
ffff
0f00
0000
e0ff
0000
f1ff
0000
0000
df26
0000
0f00
0000
ff6f
0000
ffff
0000
0000
0000
0000
0000
0000
0000
0000
0000
0000
0000
0000
ffef
0000
0000
f7ff
0000
30ff
0000
0000
0000
0000
df00
0000
fbff
0000
ff1c
0000
0000
0000
0000
0000
0000
0000
0000
0000
0000
0000
0000
ffff
0f00
0000
e1ff
0000
f1ff
0000
00f0
0000
0000
0f00
0000
ffcf
0000
f1ff
0000
0000
0000
0000
0000
0000
0000
0000
0000
0000
0000
0000
0000
0f00
0000
0000
0000
f1ff
0000
0000
f8ff
ffff
0f00
0000
0000
0000
f1ff
0000
0000
ffff
0000
0000
0000
0000
0000
0000
0000
0000
0000
0000
0f00
0000
0032
0000
f1ff
0000
0000
0000
ffff
0f00
0000
0000
0000
f1ff
0000
0000
0000
0000
0000
0000
0000
0000
0000
0000
0000
0000
0000
0000
0000
00e4
0000
f8ff
0000
0000
0000
0000
ff00
0000
ffff
0000
e1ff
0000
0000
ffff
9c04
0000
0000
0000
0000
0000
0000
0000
0000
0000
0000
0000
ff01
0000
f1ff
0000
00ff
0000
0000
0f00
0000
ff01
0000
f1ff
0000
00ff
0000
0000
0000
0000
0000
0000
0000
0000
0000
0000
0000
0000
0000
0000
0000
ffff
0000
0000
0000
0010
0000
0000
0000
0000
ffff
0000
0000
0000
0010
0000
0000
0000
0000
0000
0000
0000
0000
0000
0000
0000
0000
0000
0000
0000
0000
ffff
0000
0000
0000
0010
0000
0000
0000
0000
f7ff
44b6
0000
0000
0000
0000
0000
0000
0000
0000
0000
0000
0000
0000
0000
f1ff
0000
0000
a0ff
0000
0f00
0000
0000
e3ff
f1ff
0000
0000
ffff
0000
0f00
0000
0000
0000
0000
0000
0000
0000
0000
0000
0000
0000
0000
f1ff
0000
0000
0000
0000
0f00
0000
0000
0000
f1ff
0000
0000
0000
0000
0f00
0000
00f8
0000
0000
0000
0000
0000
0000
0000
0000
0000
0000
ffff
0010
ff05
0000
f2ff
0f00
ffff
bf00
00fc
f1ff
0010
0000
3f70
0000
0f00
ffff
0000
0000
0000
0000
0000
0000
0000
0000
0000
0000
0000
0000
0000
00ff
0000
f4ff
0f00
0000
ff01
fbff
f1ff
0000
00ff
ffff
0000
0f00
0000
ffaf
0000
0000
0000
0000
0000
0000
0000
0000
0000
0000
0000
0000
0000
ffae
0070
2f00
0000
ff03
0000
10ff
0000
00ff
0000
0000
0b00
0000
80ff
ffff
0000
0000
0000
0000
0000
0000
0000
0000
0000
0000
0000
0000
ffff
0000
0f00
0000
ffff
0000
f1ff
0000
0000
0000
0000
0f00
0000
0000
0000
f1ff
0000
0000
0000
0000
0000
0000
0000
0000
0000
0000
0000
faff
e9ff
0300
0000
ff0b
0000
10ff
0000
00ff
0000
0000
7f00
0000
feff
4654
0400
0000
30ee
0000
0000
0000
0000
0000
0000
0000
0000
0000
50c9
ffff
0f00
0000
feff
0000
f1ff
0000
0000
ffff
0000
0f00
0000
ffff
0000
f1ff
0000
0000
0000
0000
0000
0000
0000
0000
0000
0000
0000
0000
ffdf
0000
0000
faff
0000
ff9f
0000
0000
fcff
0000
0000
0000
ffff
0000
ff1d
0000
0000
0000
0000
0000
0000
0000
0000
0000
0000
0000
0000
ffff
ff0f
0000
0000
f0ff
0000
0000
0000
0000
1f00
0000
0000
0000
f0ff
0000
0000
0000
0000
0000
0000
0000
0000
0000
0000
0000
0000
0000
0000
0f00
0000
ff0f
0000
f1ff
0000
00f1
0000
0000
0f00
0000
ff1f
0000
ffef
0000
0000
30b8
0000
0000
0000
0000
0000
0000
0000
0000
0000
0000
ff5f
0000
ff7f
0000
f7ff
0000
0000
ff09
00fd
0000
0000
0000
bf50
0000
0000
0000
0000
0000
0000
0000
0000
0000
0000
0000
0000
0000
0000
0000
1f00
00b0
2f00
80ff
00f9
0000
0be0
0010
0000
f7ff
ff0b
50ff
df00
0000
ffff
0000
fbff
0000
0000
0000
0000
0000
0000
0000
0000
0000
0000
0000
ffff
0000
ff1d
0000
0000
70ff
ff07
0000
0000
0000
bf80
3f00
0000
0000
8f00
0000
0000
0000
0000
0000
0000
0000
0000
0000
0000
0000
0000
ff5f
0000
f9ff
0000
0000
ffef
f3ff
0000
0000
0000
f8ff
0000
0000
0000
0000
0f00
0000
0000
0000
0000
0000
0000
0000
0000
0000
0000
0000
0000
ffff
3333
0000
0000
f3ff
0000
0000
0000
0000
00e1
1d00
0000
0000
0000
3333
ff00
0000
0000
0000
0000
0000
0000
0000
0000
0300
0000
0000
0000
f1ff
0000
0000
0000
0000
0f00
0000
0000
0000
f1ff
0000
0000
0000
0000
0f00
0000
0000
0000
ffff
0000
0000
0000
0000
0000
0000
0000
0000
00f3
0000
0000
0000
0000
0000
0000
0000
0000
0900
0000
0000
0000
ef00
0000
0000
0000
ff5f
0000
0000
0000
0000
0000
0000
0000
0000
0000
ff0f
0000
0000
0000
00f1
0000
0000
0000
0000
ff0f
0000
0000
0000
00f1
0000
0000
0000
0000
ff0f
0000
0000
0000
0000
0000
0000
0000
0000
0000
0000
0000
0000
ff4c
0200
0000
0000
faff
0000
0000
0000
0000
0000
0000
0000
0000
0000
0000
0000
0000
0000
0000
0000
0000
0000
0000
0000
0000
0000
0000
0000
0000
0000
0000
0000
0000
0000
0000
0000
0000
0000
0000
0000
0000
ffff
0000
0000
0000
0000
0000
0000
0000
0000
0000
0000
0000
0000
0000
0000
0000
0000
0000
0000
0000
0000
0000
0000
0000
0000
0000
0000
0000
0000
0000
0000
0000
0000
0000
0000
0000
0000
0000
0000
0000
0000
0000
0000
0000
ef58
f3ff
0000
0000
ffff
43d7
cf00
0000
0000
fccf
ffbf
0000
0000
0000
0000
0000
0000
0000
0000
0000
0000
0000
0000
0000
0f00
0000
0000
ffff
ffff
0000
0000
ff03
0000
0f00
0000
00f7
0300
98ff
0000
0000
0000
0000
0000
0000
0000
0000
0000
0000
0000
0000
0000
0000
0000
0000
ffff
ffaf
0000
0000
1111
0000
ef00
0000
0000
0800
ffaf
0000
0000
0000
0000
0000
0000
0000
0000
0000
0000
0000
ff1f
0000
0000
0000
00f0
30c9
ff2d
0000
0000
ff1f
0000
ff00
0000
00f0
0000
feff
0000
0000
0000
0000
0000
0000
0000
0000
0000
0000
0000
0000
0000
0000
0000
0000
0000
7e00
0000
0000
faff
3333
ef00
0000
0000
0000
f8ff
0000
0000
0061
0000
0000
0000
0000
0000
0000
0000
0000
0000
ffff
0000
0000
0000
0000
ffff
0000
0000
0000
00f0
0000
0000
0000
0000
ff1f
0000
0000
0000
0000
0000
0000
0000
0000
0000
0000
0000
0000
0000
0000
0000
0000
0000
0000
0000
0000
ffff
0000
af00
0000
00f0
0000
70ff
0000
0000
ffaf
febd
0000
0000
0010
ffff
4800
0000
0000
0000
0000
0f00
0000
0000
0000
f1ff
0000
0000
feff
0000
0f00
0000
00f1
0000
f1ff
0000
0000
ff0f
0000
0000
0000
0000
0000
0000
0000
0000
0000
0000
0f00
0000
0000
0000
0000
0000
0000
0000
0000
0f00
0000
0000
0000
f1ff
0000
0000
0000
0000
0f00
0000
0000
0000
0000
0000
0000
0000
0000
0000
0000
0000
0000
0000
0000
0000
0000
00f1
0000
0000
0000
0000
ff0f
0000
0000
0000
00f1
0000
0000
0000
0000
ffff
0000
0000
0000
0000
0000
0000
0000
0000
f1ff
0000
0000
ffff
0000
0f00
0000
0000
00f9
ffff
0000
0000
00d1
0000
0f00
0000
0000
0000
0000
0000
0000
0000
0000
0000
0000
0000
0000
f1ff
0000
0000
0000
0000
0f00
0000
0000
0000
f1ff
0000
0000
0000
0000
0f00
0000
0000
0000
0000
0000
0000
0000
0000
0000
0000
0000
0000
0000
0000
0000
0000
7c02
0f00
fcff
00d1
0200
f1ff
00f1
0000
ffff
0000
0f00
ff0f
0010
0000
0000
0000
0000
0000
0000
0000
0000
0000
0000
0000
0000
0000
0000
0000
0f00
0000
0050
0000
f1ff
0000
0000
ff1f
0000
0f00
0000
00f0
0000
0000
0000
0000
0000
0000
0000
0000
0000
0000
0000
0000
0000
0000
0000
0000
0000
0000
0000
90ff
0000
0000
ff01
0000
3f00
0000
0000
ffff
0000
0000
0000
0000
0000
0000
0000
0000
0000
0000
0000
0000
0000
0000
0000
0000
0000
0800
f1ff
0000
0000
ff01
0000
0f00
0000
00a0
ffff
f1ff
0000
0000
0000
0000
0f00
0000
0000
0000
0000
0000
0000
0000
0000
0000
0000
00f0
cf46
faff
0000
0000
ff1f
0000
df00
0000
00f0
cf46
df03
0000
0000
ff1f
0000
0000
0000
0000
0000
0000
0000
0000
0000
0000
0000
0000
0000
00fb
ffff
0000
0000
0000
0000
0f00
0000
0000
0000
f1ff
0000
0000
0000
0000
0000
0000
0000
0000
0000
0000
0000
0000
0000
0000
0000
0000
fdff
ffff
0000
0000
0000
ffff
0000
0000
0000
0400
ffff
0000
0000
0000
0000
0000
0000
0000
0000
0000
0000
0000
0000
0000
0000
0000
0000
00f0
ffff
0000
0000
0000
00f0
0000
0000
0000
0000
ff0e
0000
0000
0000
0000
0000
0000
0000
0000
0000
0000
0000
0000
0000
0000
0000
0000
0000
f1ff
0000
0000
ff0f
0000
0f00
0000
00f1
0000
f9ff
0000
0000
ff09
0000
0000
0000
0000
0000
0000
0000
0000
0000
0000
0000
0000
0000
0000
00f4
0000
0000
70ff
0000
0000
0000
0000
f4ff
2f00
0000
0000
0000
0000
0000
0000
0000
0000
0000
0000
0000
0000
0000
0000
0000
0000
0000
0000
0000
ff01
c0ff
0000
0b00
0020
01e0
00f8
ff0b
0000
00f9
0000
c0ff
0000
0000
0000
0000
0000
0000
0000
0000
0000
0000
0000
0000
0000
0000
0000
0000
00fa
00c0
0000
0000
0000
00f6
af00
0000
0000
00fd
0000
0000
0000
0000
0000
0000
0000
0000
0000
0000
0000
0000
0000
0000
0000
0000
0000
f9ff
0000
2f00
0000
0000
ff9f
ff08
0000
0000
0000
ffef
0000
0000
0000
0000
ffff
0000
0000
0000
0000
0000
0000
0000
0000
0000
0000
0000
f0ff
3333
0000
0000
0000
00f7
0900
0000
0000
0000
3333
ff00
0000
0000
0000
0000
0000
0000
0000
0000
0000
0000
0000
0030
5f00
0000
0000
0000
10ff
0000
0000
0000
0000
fdff
0000
0000
0000
10ff
0000
0000
0000
0000
0300
0000
0000
0000
0000
0000
0000
0000
0000
f1ff
0000
0000
0000
0000
0f00
0000
0000
0000
f1ff
0000
0000
0000
0000
0f00
0000
0000
0000
f1ff
0000
0000
0000
0000
0000
0000
0000
0000
f5ff
0000
0000
0000
00f1
0000
0000
0000
0000
0a00
0000
0000
0000
00f1
0000
0000
0000
0000
ffdf
0000
0000
0000
0000
0000
0000
0000
0000
0000
0000
0000
0000
0000
0000
0000
0000
0000
ff2d
0000
00f2
ffff
0000
0000
0000
0000
0000
0000
0000
0000
0000
0000
0000
0000
0000
0000
0000
0000
0000
0000
0000
0000
0000
0000
0000
0000
0000
0000
0000
0000
0000
0000
0000
0000
0000
0000
0000
0000
0000
0000
0000
0000
0000
0000
0000
0000
0000
0000
0000
0000
0000
0000
0000
0000
0000
0000
0000
0000
0000
0000
0000
0f00
0000
0000
0000
0000
0000
0000
0000
0000
0000
0000
0000
0000
0000
ff00
00fd
0000
0000
0000
0000
0000
0000
0000
0000
0000
0000
0000
0000
0000
00fe
0000
0000
ffff
60ef
0000
ff0f
5f00
0000
0000
0000
0000
0000
0000
f0ff
0000
0000
80ff
fe2f
0000
0000
ef27
0000
0000
c4ff
00d6
0000
0000
0000
0000
0000
0000
0000
0000
cf00
00e6
3045
0000
0400
f12f
00f6
0000
0000
0000
0000
0000
0000
0000
0500
1f00
0000
0000
ffff
2f00
0000
ff07
ffff
0000
0000
0000
0000
0000
0000
0000
0000
0000
0000
0000
0000
0000
0000
0000
0000
0000
0000
0000
0000
0002
0000
0000
90ff
0000
0000
df00
0000
0000
0000
00fb
0000
0000
0000
005a
0000
0000
00b0
0000
0000
0000
0090
0000
0000
ff02
0000
0000
0000
0000
0000
0000
0000
0000
0000
0000
0000
0000
0000
ff2e
0000
0000
0000
0000
0000
0000
0000
0000
0000
0000
0000
0000
0000
0f00
0000
0000
0000
00ff
0000
0000
0000
0000
0000
0000
0000
0000
0000
0000
0000
0000
0000
0000
0000
0000
00f0
0000
0000
0000
0000
0000
0000
0000
0000
0000
0000
0000
0000
0000
0000
0000
0000
0000
0000
0000
0000
0000
0000
0000
0000
0000
0000
0000
0000
0000
0000
0000
0000
0000
0000
0000
0000
0000
0000
fc0b
0000
0000
6f00
0000
0000
0100
0000
0000
0000
0000
0000
0000
0000
0000
0000
0000
40ff
fb3f
0000
ff00
0000
0000
0000
faff
0020
0000
0000
0000
0000
0000
3501
0000
0000
0000
f0ff
0000
0000
0000
0000
0000
0000
0000
0000
0000
0000
0000
0000
0b00
0300
0000
0000
0000
0000
0000
0b00
ffff
0000
0000
0000
0000
0000
0000
c8fe
0000
0000
0000
00c2
0000
0000
0000
0000
0000
0000
0000
0000
0000
0000
0000
0000
0300
00f0
0000
0400
ff00
0000
0000
0000
00f0
0000
0000
0000
0000
0000
0000
30ff
0000
1f00
ffff
0000
0000
0060
80ff
0000
0000
0000
0000
0000
0000
0000
0000
0000
0000
0000
0000
00f7
fe1f
0000
0c00
ffff
0000
0000
0000
0000
0000
0000
ffff
0000
0000
0000
0000
0000
0000
00f3
0000
0000
0000
0000
0000
0000
0000
0000
0000
b1ff
fe1f
0000
0000
0400
0000
0000
faff
0050
0000
0000
0000
0000
0000
0000
0060
0000
ff0e
0000
0000
0000
0000
60ff
0000
0000
0000
0000
0000
0000
0000
0000
0000
0000
0000
0000
0000
0000
0000
0000
0000
0000
0000
0000
0000
0000
0000
0000
0000
0000
00f0
0000
0000
0000
0000
0000
0000
0020
0000
0000
0000
0000
0000
0000
0000
0000
0000
0100
0000
0000
0000
0000
0000
0000
0000
0000
0000
0000
0000
0000
0000
0000
ffff
0000
0000
ffff
0000
0000
0000
0000
0000
0000
0000
0000
0000
0000
0000
0000
0000
7d01
f0ef
0000
ff00
0000
0000
0000
0000
0000
0000
0000
71ec
0000
0000
0000
0070
0000
0000
0000
0000
0000
0000
0000
0000
0000
0000
0000
0000
df02
5501
0400
9f00
fc0e
f32f
a06f
00f1
91fd
0000
0000
0000
0000
0000
0000
0000
0000
0000
0940
0000
0000
ffff
8f00
0000
0000
0000
0000
0000
0000
0000
0000
ff00
0000
00d0
0000
66f6
7f00
0000
ff00
ffff
0000
0000
0000
0000
0000
0000
febd
00f4
0000
00f2
0000
0000
df00
0000
10fd
0000
0000
0000
0000
0000
0000
0000
0000
00ff
0100
0000
0f00
0000
fc4f
0000
66ff
30b8
0000
0000
0000
0000
0000
0000
f8ff
0000
ff00
0000
0000
0000
00f0
0000
0000
0000
0000
0000
0000
0000
0000
0000
ff00
0000
0000
0000
ffff
0000
0000
ff00
0000
0000
0000
0000
0000
0000
0000
febd
00f6
0000
00f1
0000
0000
df00
0000
e0ff
0000
0000
0000
0000
0000
0000
0000
0000
00ff
0000
0000
0f00
0000
ff0f
0000
00ff
0000
0000
0000
0000
0000
0000
0000
0000
0000
0f00
0000
0000
0000
00ff
0000
0000
0000
0000
0000
0000
0000
0000
0000
0000
0f00
0000
0000
0000
00ff
0000
ff08
fbff
0000
0000
0000
0000
0000
0000
0000
0030
0000
00f0
0000
0000
ff00
3f00
0020
0000
0000
0000
0000
0000
0000
0000
0000
00ff
0000
0000
0f00
0000
0000
0000
66ff
ffff
0000
0000
0000
0000
0000
0000
0000
ffff
ff00
00f5
d0ef
0000
00f0
fedb
ff0f
0000
0000
0000
0000
0000
0000
0000
0f00
00d1
ff0f
0000
00ff
c0ff
0000
0f00
0000
0000
0000
0000
0000
0000
0000
fead
00f5
0000
00f2
0000
0000
df00
0000
30ff
0000
0000
0000
0000
0000
0000
0000
0000
00f0
2f00
0000
ff00
feff
0000
0000
00f0
0000
0000
0000
0000
0000
0000
0000
fcff
0000
af00
0000
ff0f
0000
00f6
0800
0000
0000
0000
0000
0000
0000
0000
0000
ff00
0000
00e0
0000
ffff
ff2e
0000
ff00
0000
0000
0000
0000
0000
0000
0000
fede
0060
0000
80ff
0000
0000
0000
0000
00f5
0000
0000
0000
0000
0000
0000
0000
0000
0000
0000
0000
0000
f0ff
0000
0000
0000
0000
0000
0000
0000
0000
0000
0000
0000
0000
ff00
0000
f0ff
0000
00f1
1d00
0000
0000
0000
0000
0000
0000
0000
0000
ff0b
0000
00d0
0000
f96f
40ff
0000
0000
faff
0000
0000
0000
0000
0000
0000
0400
0000
00f1
00f6
7f30
f59f
0000
20ff
ff0d
0000
0000
0000
0000
0000
0000
0000
0000
c0ff
e2ff
0000
0000
ffff
0000
0000
20ff
2f00
0000
0000
0000
0000
0000
0000
7f00
0000
0200
2f30
0000
0000
0000
0000
0000
0000
0000
0000
0000
0000
0000
0000
6606
0c00
0000
0000
7f00
0000
0000
ff03
ffff
0000
0000
0000
0000
0000
ff00
0000
0000
0000
00f0
0000
0000
ff00
0000
0000
0000
00f0
0000
0000
0000
0000
0000
0000
00b0
0000
0000
0000
0020
0000
0000
0100
0000
0000
0000
0000
0000
0000
f0ff
0000
0000
0000
0000
0000
0000
f0ff
0000
0000
0000
0000
0000
0000
0000
0000
0000
0000
00f5
0000
0000
0000
0000
0000
0000
0000
0000
0000
0000
0000
0000
0000
0000
0000
0000
0000
0000
0000
0000
0000
0000
0000
ffff
0000
0000
0000
0000
0000
0000
0000
0000
0000
0000
0000
0000
0000
0000
0000
0000
0000
0000
0000
0000
0000
0000
0000
0000
0800
0000
0000
00f8
f0ff
0000
0000
0000
0000
0000
0000
0000
0000
ff00
0000
0000
0000
00f0
ff0f
0000
ff00
ffff
0000
0000
0000
0000
0000
0000
0000
0000
0000
c7ff
c0ff
0000
ff0e
0000
0000
0000
0000
0000
0000
0000
0000
0000
0000
0000
f0ff
0000
ff09
0000
0000
0000
b7ff
f06f
0000
0000
0000
0000
0000
0000
0000
0000
0200
2e00
0000
0000
0020
0000
0000
0000
0000
0000
0000
0000
0000
0000
0000
0000
0000
0000
f0ff
0000
0000
0000
0000
0000
0000
0000
0000
0000
0000
0000
0000
0000
fcff
ff2f
0000
ff00
0000
0000
0000
0000
c0ff
0000
0000
0000
0000
0000
00f0
0040
0000
ff00
0000
0000
0000
00f0
f0ff
0000
0000
0000
0000
0000
00f0
0000
0000
ff00
0000
0000
0000
00f0
0000
0000
0000
0000
0000
0000
0000
0000
0000
0000
0000
0000
0000
f0ff
0000
0000
0000
0000
0000
0000
0070
0000
0000
ff00
0000
0000
0000
00f0
0000
0000
ff00
fabf
0000
0000
0000
0000
0000
0000
0000
0000
0000
00f0
0000
0000
ff00
0000
0000
0000
00f0
0000
0000
0000
0000
0000
0000
0000
0000
0000
ff00
1d00
0000
00f0
00f0
f0ff
ff00
0000
0000
0000
0000
0000
0000
0000
0000
0000
0000
0000
00f0
f0ff
0000
ff00
0000
0000
0000
0000
0000
0000
0000
0000
0000
0000
d7ff
f4df
0000
ff0e
0000
0000
0000
0000
0000
0000
0000
0000
0000
0000
0000
0030
0000
ff00
0000
0000
0000
e8ff
0050
0000
ff00
0000
0000
0000
0000
0000
0000
0600
1b00
0000
0000
0010
f0ff
0000
0000
0000
0000
0000
0000
0000
0000
0000
0000
0000
0000
00f0
0000
0000
ff00
0000
0000
0000
0000
0000
0000
0000
0000
0000
0000
b7ff
e0ff
0000
0000
0300
0000
0000
0000
0000
0000
0000
0000
0000
0000
f0ff
0000
0000
0000
0000
0000
0000
fdaf
0000
0000
0000
0000
0000
0000
0000
0000
0000
ff00
0000
0000
0000
00f0
f0ff
0000
0000
0000
0000
0000
0000
0000
0000
0000
0000
0000
0000
00fd
0010
0000
0000
00f9
0000
0000
0000
0000
0000
0000
0000
0000
0000
0060
40ff
00d0
0a00
00f8
e0ff
0000
0000
0000
0000
0000
0000
0000
0000
0000
60ff
0000
0000
10fd
0000
0000
00f8
80ff
0000
0000
0000
0000
0000
0000
0000
0000
ff1f
5f00
0000
0000
f39f
0000
0000
0000
0010
0000
0000
0000
0000
0000
0000
0000
0000
0000
0c00
0000
0000
ef01
ffff
0000
0000
0000
0000
0000
0000
0060
0000
0000
f0ff
0000
0000
6f01
0000
0000
0000
f69f
0000
0000
0000
0000
0000
0000
00f0
0000
0000
ff00
0000
0000
0000
00f0
0000
0000
ff00
0000
0000
0000
00d2
0000
0000
0000
0000
0000
0000
f79f
0000
0000
0300
0000
0000
0000
0000
0000
0000
0000
0000
0000
0000
ffff
6ae8
0000
0000
0000
0000
0000
0000
0000
0000
0000
0000
0000
0000
0000
0000
0000
0000
0000
0000
0000
0000
0000
0000
0000
0000
0000
0000
0000
0000
0000
0000
0000
0000
0000
0000
0050
50ff
ff00
0000
0000
0000
0000
0000
0000
0000
00d0
0000
0000
0000
0000
0000
0000
0000
0000
407f
fa01
0a70
ccff
f407
0f00
0000
0000
0000
0000
00c0
0000
e5ff
0000
21f9
0000
0000
0000
0000
0000
0000
0000
fd6d
f50f
0500
0000
0000
0000
0000
0000
0000
0000
20ff
b0ff
17b6
0000
0000
0000
f50f
0f00
0000
0000
0000
0000
0000
0000
0000
bf01
ef01
5f00
0000
0000
0000
0000
0000
0000
0000
0000
00b0
fd06
0100
0000
0000
0000
0000
0000
0000
0000
0000
56ff
ee4f
0000
0000
0000
0000
0000
0000
0000
0000
00ff
ff05
0500
0000
0000
0000
0000
0000
0000
0000
0000
0000
0000
00f1
0000
0000
0000
0000
0000
0000
0000
0000
0000
0000
0000
0000
0000
0000
0000
0000
0000
0000
0000
0000
0000
0000
0000
0000
0000
0000
0000
0000
0000
0000
0000
0000
fe5f
f70d
0f00
0000
0000
0000
0000
0000
0000
2035
ff00
0000
0000
0000
0000
0000
0000
0000
0000
10d8
0700
0000
0000
0000
0000
0000
0000
0000
0000
0050
f41f
f8ff
0000
00fa
0300
0000
0000
0000
0000
0000
0050
50ff
ffcc
0000
0000
0000
0000
0000
0000
0000
0000
10ff
ff02
ffed
0000
0000
0000
0000
0000
0000
0000
00e0
a0cf
40eb
0000
0000
0000
ff0f
0000
0000
0000
0000
0000
0000
0000
0000
0000
ff5f
ff04
0000
0000
0000
0000
0000
0000
0000
0000
0180
00f5
ff05
0000
0000
0000
0000
0000
0000
0000
0000
0000
0000
0000
0000
0000
0000
0000
0000
0000
0000
0000
0000
50ff
ff00
0000
0000
0000
0000
0000
0060
0040
0040
0500
0000
0000
0000
0000
0000
0000
0000
0000
0000
0000
0000
0000
0000
0000
0000
0000
0000
0000
0000
0000
0000
0000
0000
1800
0e00
0000
0000
0000
0000
0000
0000
0000
0000
0700
4f00
0800
00ee
fc01
ffed
0000
93fd
0000
0000
ff04
5f00
0600
0000
0000
0000
0000
0000
0000
81ec
0000
0050
50ff
ff00
0000
0000
0000
0000
0000
40fe
0700
0000
0000
50ff
0000
0000
0000
0000
0000
00f4
9f00
0000
0000
0050
0000
0000
0000
0000
0000
0000
0000
0000
0000
cccc
0000
0000
0000
0000
0000
0000
0000
0000
0000
0000
0000
0000
0000
0000
0400
0000
0000
0000
00fd
0000
0000
0000
0000
50ff
ff00
0000
0000
0000
00f0
0000
0000
0000
0000
0050
50ff
ff00
0000
0000
0000
0000
0000
0000
f50f
0f00
0000
0000
e50d
0100
0000
0000
0000
0000
f46f
a0df
20fe
0c50
50ff
ff00
0000
0000
0000
0000
0000
0000
0000
0000
0050
0000
0000
0000
0000
f0ff
ff4f
fb07
af00
1dfe
0d00
0000
0000
0000
0000
0000
0000
00f0
f05f
ff8f
0000
0000
0000
0000
0000
0200
0000
0000
00d0
00f6
0000
0000
0000
0000
dcff
ff00
0000
0000
0000
0000
0000
0000
0000
0000
10f7
00f7
f50f
0d00
0000
0000
0000
0000
0000
b5fd
0000
0050
dcff
ff00
0000
0000
0000
0000
0000
00f6
6f00
30c8
0000
00fb
0100
0000
0000
0000
0000
0000
0000
00f0
f05f
5f00
0000
0000
0000
0000
0000
00f0
f05f
5f00
0000
cefe
0000
0000
0000
0000
0000
0000
0000
0000
0000
00b0
0000
0000
0000
f17f
0b00
00d0
30ff
f79b
ff0a
0000
0000
0000
0000
80ff
0300
0000
0000
0000
0000
0000
0000
0000
0000
0010
f90d
0000
0000
0000
0000
0000
0000
0000
ffff
0c00
1d00
1e00
2e00
0f00
0000
0000
0000
0000
0000
0000
0000
0050
50ff
ff00
0000
0000
0000
0000
0000
0000
0000
00f1
ef00
0000
0000
0000
0000
0000
0000
0000
0000
0000
0000
00f5
0000
0000
0000
0000
0000
0000
0000
0000
0000
0000
0000
0000
0000
0000
0000
0000
0000
0000
00cc
0000
0000
0000
f609
0000
0000
0000
0000
0000
0000
0000
0000
0000
0000
fe5f
0000
0900
0000
0000
0000
0000
0000
0000
0000
00f6
50ff
ff00
0000
0000
0000
0000
0000
0000
0092
4f00
0000
00fd
0300
0000
0000
0000
0000
0000
00ff
ff05
0500
0091
0000
0000
0000
0000
0000
0000
0000
00f4
0000
ffdd
0000
0000
0000
0000
0000
0000
0000
0000
0000
0000
0000
0000
0000
0000
0000
0000
0000
0000
0000
00fe
a0ff
0000
0000
50ff
ff00
0000
0000
0000
0000
0000
0000
0000
0000
0000
50ff
ff00
0000
0000
0000
0000
0000
0000
0000
0000
00f5
f50f
0f00
0000
0000
0000
0000
0000
0000
fa2e
f72f
feff
50ff
ff00
0000
0000
0000
0000
0000
0000
0000
0000
0050
0000
0000
0000
0000
0000
0000
00e3
00ff
ff05
0500
0000
0000
0000
0000
0000
0000
0000
0050
50ff
ff00
0000
0000
0000
0000
0000
0000
0000
0000
0000
0000
0000
0000
0000
0000
fd00
0000
0000
0000
0000
0000
0000
0000
0000
0000
fe6f
f90c
0f00
0000
0000
0000
0000
0000
0000
0000
00d3
50ff
ff00
0000
0000
0000
0000
0000
0000
0081
6e00
ffcf
00f7
1700
0000
0000
0000
0000
0000
0000
0000
0000
00f9
0000
0000
0000
0000
0000
0000
0050
50ff
ff00
f9dd
0000
0000
0000
0000
0000
0000
0000
0000
0000
0000
0000
0000
0000
0000
0000
0000
0050
00f7
90ff
0000
0000
0000
0000
0000
f91e
0000
0000
0000
0000
0000
0000
0000
0000
0000
00f6
ef01
0000
0000
0000
0000
0000
0000
0000
0000
0700
0a00
1d00
0e00
0000
0000
0000
0000
0000
0000
0000
0010
f41f
0e00
0000
0000
0000
0000
0000
0000
0000
0000
0050
50ff
0000
0000
0000
0000
0000
0000
0000
0000
0000
00d0
0020
0000
0000
0000
0000
0000
00f3
0000
0000
0000
0000
0000
0000
0000
0000
0000
0000
0000
0000
0000
0000
0000
0000
0000
0000
0000
0000
0000
ff00
0000
00ff
0000
0000
0000
0000
0f00
0000
0000
0000
0000
0000
0000
0000
0b90
0000
ffff
1f00
0000
0000
0000
0320
0000
fe01
0000
0000
0000
0000
0ff0
0000
600c
0070
0000
0000
0000
ff00
0000
00f1
0030
0000
0000
0000
0f00
0000
0000
0000
0000
0000
30be
0000
0000
0d00
0000
0000
0000
00b0
0000
00fd
0000
0000
2d00
0000
0000
0000
ffea
0000
0000
0000
0000
0000
0000
0000
0080
0f00
0000
0000
0000
0000
0000
0000
f00f
0000
0000
0000
0000
0000
00ff
0000
0000
0000
0000
0000
0000
0000
0000
0000
0000
0000
0000
0000
604f
0000
0000
0000
0000
0500
f00f
f00f
0050
0000
0000
0000
0000
00f0
0000
0000
0000
0000
0000
0000
0000
0000
0000
0000
0000
0000
0000
0000
0000
0800
0000
0000
0000
00f0
0300
0000
0000
0000
0000
0000
8888
0000
c06f
bf00
0000
0000
0000
9ce9
0000
fc05
0400
0000
0000
0000
8888
0000
b04f
0000
0000
0000
0000
ef03
0000
61fe
0000
0000
0000
0000
0000
00fe
df01
0000
0000
0000
0000
0000
0000
0000
0000
0000
0000
0000
0000
0000
0000
0000
0000
0000
0000
0000
0000
0000
fdbf
0000
0000
0000
0000
0000
0000
0000
0000
0000
0000
0000
0000
0000
6c01
0000
0000
0000
c4ee
0000
00fb
0000
0000
0000
0000
0100
2d00
6f00
5e00
fc1b
0000
0000
0000
0000
f10d
0000
0000
0000
0000
0000
fe02
ff00
e01f
ffff
0000
0000
0000
0400
0f00
dd01
0200
0000
0000
0000
0000
0000
0000
0000
0000
0000
0000
00ff
0000
0000
0000
0000
0000
0000
ff00
0000
00ff
0000
0000
0000
0000
0800
0000
f30c
00f6
0000
0000
0000
0000
0000
0000
0f00
0000
0000
0000
0000
0000
0000
0000
0000
0000
0000
0000
0000
0000
cfb9
0000
0000
0000
e24f
ff00
0000
00ff
0000
0000
0000
0000
0000
0000
ff00
0000
0000
0000
00fa
f03f
706f
00f0
0000
0000
0000
f8ff
00f0
0500
0000
0000
0000
0000
df01
e01f
00f1
0000
0000
0000
0000
0000
3f00
ff00
0000
0000
0000
0000
0000
0000
0e00
fd07
0000
0000
0000
0000
0000
0000
0000
0000
0000
0000
0000
10fb
0000
0010
0000
0000
0000
8888
0000
0000
0000
0000
0000
0000
0000
0f00
ff00
fd05
0000
0000
0000
0000
0000
fd01
0000
0000
0000
0000
00e0
7f00
fa85
00e0
0000
0000
0000
fe04
0000
3f00
0000
0000
0000
0000
0500
c05f
0000
0000
0000
0000
0000
0000
e13f
0000
0000
0000
0000
0000
0000
0000
0000
0000
0f00
0000
0000
0000
10df
0000
c02f
0000
0000
0000
0000
0f00
0000
f00f
0000
0000
0000
0000
0400
0000
0000
0000
0000
0000
0000
0000
0000
0000
0000
0000
0000
509f
0000
0000
0000
0000
0000
0000
0000
0000
0011
0000
70fd
0000
0000
0f00
0000
f00f
0000
bea2
0000
0000
0000
0000
0b00
0000
0700
0000
0000
0000
0000
0000
ff00
0000
0000
0000
0000
0000
0000
0000
0000
0000
0000
0000
0f00
0000
f00f
0000
0000
0000
0000
0000
00ff
f10e
0000
98ac
0000
0000
0000
fc07
0f00
00ff
0000
0000
00ff
0000
0000
0000
0000
0000
0000
0f00
0000
f00f
0000
00f0
0000
0000
0f00
0000
f00f
0000
00f0
0000
0000
0000
0000
0000
0000
ff00
0000
0000
0000
0000
30ff
ff00
0ff0
0000
0000
0000
0000
0000
0000
0000
0000
0000
0000
0000
0000
00f0
0000
0000
0000
0000
0000
00c0
f00f
0000
00f0
0000
0000
0000
efae
0f00
00ff
0000
0000
0000
0000
20a8
0000
0000
0000
0000
0000
0000
a8ff
0000
0400
0000
0000
0000
0000
8f08
0000
f10e
0000
0000
0000
0000
0f00
00ff
f60b
0000
0000
0000
0000
0000
805f
0000
0000
0000
0000
0000
f30d
f605
0000
0000
0000
0000
0000
0000
ff07
0000
0000
0000
0000
0000
10ff
ef00
0000
fd02
0000
0000
0000
f0ff
0000
0000
0000
0000
0000
0000
00f0
0000
0000
0000
0000
0000
0000
00f0
0000
0000
0000
0000
0000
0000
0f00
0000
f20d
0000
0000
0000
0000
0000
1800
0000
0000
0000
0000
0000
0000
0000
0000
0000
0000
0000
0000
0000
0000
0000
0000
0000
0000
0000
0000
0000
0000
0000
0000
0000
0000
0000
0000
0000
0000
0000
0000
0000
0000
0000
0000
0000
0000
0000
0000
0000
0000
0000
0000
0000
0000
0000
0000
0000
0000
0000
0000
0000
0000
0000
0000
0000
0000
0000
0000
0000
0000
0000
0000
0000
0000
0000
0000
0000
0000
0000
0000
0000
0000
0000
0000
0000
0000
0000
0000
0000
0000
0000
0000
0000
0000
0000
0000
0000
0000
0000
0000
0000
0000
0000
0000
0000
0000
0000
0000
0000
0000
0000
0000
0000
0000
0000
0000
0000
0000
0000
0000
0000
0000
0000
0000
0000
0000
0000
0000
0000
0000
0000
0000
0000
0000
0000
0000
0000
0000
0000
0000
0000
0000
0000
0000
0000
0000
0000
0000
0000
0000
0000
0000
0000
0000
0000
0000
0000
0000
0000
0000
0000
0000
0000
0000
0000
0000
0000
0000
0000
0000
0000
0000
0000
0000
0000
0000
0000
0000
0000
0010
003c
007a
0000
0000
0000
0000
0000
0000
0000
0000
0000
0000
0000
0000
0000
0000
0000
0000
0000
0000
0000
0000
0000
0000
0000
0000
0000
0000
0000
0000
0000
0000
0000
0000
0000
0000
0000
0000
0000
0000
0000
0000
0000
0000
0000
0000
0000
0000
0000
0000
0000
0000
0000
0000
0000
0000
0000
0000
0000
0000
0000
0000
0000
0000
00f0
00f0
00f0
0000
0000
0000
0000
0000
0000
0000
0000
0000
0000
0000
0000
0000
0000
0000
0000
0000
0000
0000
0000
0000
0000
0000
0000
0000
0000
0000
0000
0000
0000
0000
0000
0000
0000
0000
0000
0000
0000
0000
0000
0000
0000
0000
0000
0000
0000
0000
00ce
00e0
0010
0000
0000
0000
0000
0000
0000
0000
0000
0000
0000
0000
0000
0000
0000
0000
0000
0000
0000
0000
0000
0000
0000
0000
0000
0000
0000
0000
0000
0000
0000
0000
0000
0000
0000
0000
0000
0000
0000
0000
0000
0000
0000
0000
0000
0000
0000
0000
0000
0000
0000
0000
0000
0000
0000
0000
0000
0000
0000
0000
0000
0000
0000
0000
0000
0000
0000
0000
0000
0000
0000
0000
0000
0000
0000
0000
0000
0000
0000
0000
0000
0000
0000
0000
0000
0000
0000
0000
0000
0000
0000
0000
0000
0000
0000
0000
0000
0000
0000
0000
0000
0000
0000
0000
0000
0000
0000
0000
0000
00f3
00f5
0000
0000
0000
0000
0000
0000
0000
0000
0000
0000
0000
0000
0000
0000
0000
0000
0000
0000
0000
0000
0000
0000
0000
0000
0000
0000
0000
0000
0000
0000
0000
0000
0000
0000
0000
0000
0000
0000
0000
0000
0000
0000
0000
0000
0000
0000
0000
0000
0000
0000
0000
0000
0000
0000
0000
0000
0000
0000
0000
0000
0000
0000
0000
0000
0000
0000
0000
0000
0000
0000
0000
0000
0000
0000
0000
0000
0000
0000
0000
0000
0000
0000
0000
0000
0000
0000
0000
0000
0000
0000
0000
0000
0000
0000
0000
0000
0000
0000
5f4f
0000
0000
0000
95c0
0f00
0000
0500
0000
0980
0000
2bf1
0000
0000
4d00
0000
36c4
0000
0000
0000
0000
9a00
0000
0070
0000
0000
0000
0000
0000
0000
0000
0000
00f1
0000
0000
0000
0000
0000
0000
0000
0200
0000
0000
0000
0000
0000
0080
0700
0000
ae01
0000
4ec3
0000
00f1
0000
0000
9e01
0000
22d2
0000
f005
0000
0000
0000
0000
0400
0000
0000
0000
0000
7d00
0000
4ed4
0000
c00a
0000
0000
ae02
0000
4db3
0000
d007
0000
0000
0000
0000
0000
0000
0000
0000
0000
0000
0000
3b00
0000
0000
0f00
0000
0000
0000
00a3
0000
005f
0000
0000
0200
8c80
f462
0000
00cc
0800
0000
ff4f
0000
2432
0000
7e00
2f00
0000
ff4f
0010
4b32
0000
0000
4f00
0000
ff4f
0000
0010
0000
8d00
3f00
0000
104f
0010
0010
0000
0000
0400
0000
0000
0000
4db3
0000
404f
4f00
0000
104f
0000
2232
0000
0600
4f00
0000
504f
0010
0210
0000
0c00
2f00
0000
ff4f
0000
0010
0000
0c00
2f00
9300
ff4f
0000
0010
0000
7e00
1400
0000
ff0f
0000
4f00
0000
4f00
3f00
0000
00ac
0000
f80a
0000
e54f
0200
0000
603f
0000
01d0
0000
f502
0000
0000
ff0f
0000
22c2
0000
0000
4f00
0000
008b
0000
e005
0000
0000
0400
0000
b800
0000
0000
0000
0000
0000
00f0
702e
0000
0000
0000
0000
1e00
0000
104f
0000
5ea3
0000
0000
3f00
0000
0000
0000
3cc4
0000
0000
3f00
0000
6d00
0000
00f1
0000
0000
3f00
00f0
104f
0000
0410
0000
0000
4f00
0000
f104
0000
00f1
0000
0000
4f00
0000
104f
0000
0010
0000
0000
4f00
0000
0000
0000
0410
0000
0000
3f00
0000
0000
0000
5ea3
0000
0000
3f00
00f1
0000
0000
0010
0000
0000
0000
0000
0000
0000
30f7
0000
0000
4f00
0000
0000
0000
907f
0000
0000
0700
0000
0000
0000
aca0
0000
0000
0300
0000
0000
0000
22e3
0000
0000
3c00
0000
104f
0000
0010
0000
0000
0000
0000
0000
0000
0000
0000
0000
0000
0000
0000
0000
0000
0000
0000
0000
0000
0000
0000
0000
0000
0000
0000
0000
0000
0080
0000
0000
0000
0000
0000
0000
0000
0000
0000
00c0
c03f
c03f
0000
0000
0000
0080
0000
0000
0000
0000
0000
0000
0000
0000
0000
0000
0000
0000
0000
0000
0000
0000
0000
0000
0000
0000
0000
0000
0000
0000
0000
0000
0000
0000
0000
0000
0000
0000
0000
0000
0000
0000
0000
0000
0000
0000
0000
0000
0000
0000
0000
0000
0000
0000
0000
0000
0000
0000
0000
0000
0000
0000
0000
0000
0000
0000
0000
0000
0000
0000
0000
0000
0000
0000
0000
0000
0000
0000
0000
0000
0000
0000
0000
0000
0000
0000
0000
0000
0000
0000
0000
0000
0000
0000
0000
0000
0000
0000
0000
0000
0000
0000
0000
0000
0000
0000
0000
0000
0000
0000
0000
0000
0000
0000
0000
0000
0000
0000
0000
0080
0000
0000
0000
0000
0000
0000
0000
f001
0c1c
c0bf
00f0
0000
0000
00c0
0078
0000
0080
00c0
0070
0000
0000
00f0
0000
0038
0000
0000
00f0
0038
00c0
0000
0000
0000
0000
00f0
0000
00e0
0000
0000
0000
0000
00f8
0000
001e
0000
0000
0038
00f8
0038
0000
0000
0000
0000
0000
0000
0000
0000
0000
0000
0000
00c0
0000
00c0
0000
0000
0000
0000
0000
0000
0000
0037
00c7
0007
0000
0038
0038
0038
0000
0000
00f8
0007
003c
0000
0000
0070
00c0
0000
0000
0000
000e
0007
00de
0000
00e0
0078
0070
0000
0000
00c0
0000
00f0
0000
0000
0000
0000
0000
0000
0000
0038
0038
00c0
0000
00f0
0080
0000
0000
0000
38c0
e070
c01f
0000
0000
0080
0000
00e0
0000
0000
0080
0000
0000
0000
00e0
0000
0000
0000
0000
0000
0000
0000
0000
0000
0000
0000
0000
0000
0000
0000
0000
0000
0000
0000
0000
0000
0000
0000
0000
0000
0000
0000
0000
0000
0000
0000
0000
0000
0000
0000
0080
0000
0000
0000
0080
0000
0000
0000
0000
0000
0000
0000
0000
0000
0000
0000
0000
0000
0080
0000
0000
0000
0000
0000
0000
0000
0000
0000
0000
0000
0000
0000
0000
0000
0000
0000
0000
0000
0000
0000
0000
0000
0000
0000
0000
0000
0000
0000
0000
0000
0000
0000
0000
0000
0000
003c
8003
8003
0000
0000
0000
0000
0000
0000
0000
0000
0000
0000
0000
0000
0080
0000
0000
0000
0000
0000
0000
0000
0000
0000
0000
0000
0000
0000
0000
0000
0000
0000
0000
0000
0000
0000
0000
0000
0000
0000
0000
0000
0000
0000
0000
0000
0000
001c
0070
0000
0000
0000
0000
0000
0000
0000
0000
0000
0000
0000
0000
0000
0000
0000
0000
0000
0000
0000
0000
0000
0000
0000
0000
0000
0000
0000
0000
0000
0000
0000
0000
0000
0000
0000
0000
0000
0000
0000
0000
0000
0000
3000
0000
0000
0000
0000
0000
0600
0000
c00f
0300
0000
8c61
0130
0000
6006
0700
0000
0000
0000
0000
0030
0000
0000
000c
0000
0000
0000
0000
00f8
0000
0000
0000
0000
0000
0000
0000
0000
0000
000c
6000
0000
6030
3800
0000
0003
0000
0000
8007
0000
00c0
3060
0000
00c0
c000
0000
00e0
0000
1f00
0030
0000
0000
0000
0000
0f00
0080
0000
3f00
0000
0000
0000
0000
0030
3000
0000
8007
0000
0000
f03f
0000
0000
001e
0000
00c0
0006
0000
83c1
ff01
0300
0006
0000
3000
001e
0000
6000
0000
fc3f
3080
0000
0030
3000
0000
0030
3000
0000
3f60
0000
0003
0330
0000
0000
0018
0000
0060
0000
1800
0070
0000
3000
0000
0000
3660
6070
0000
3000
0000
1e1e
7080
0000
0630
3000
0000
0160
0080
00f8
0c30
0000
000c
0630
0000
0080
8001
0000
0003
0000
7000
0030
0000
3030
c003
0000
0100
0003
0660
0300
0000
3800
3800
0000
0030
3000
0000
0010
0000
0000
0018
7800
0080
0000
0000
0000
0000
6000
0000
0000
0000
0060
0000
3700
0070
0000
7000
0000
3000
6000
0000
0000
3000
0000
0018
1800
0000
3060
7000
0000
3030
0000
0000
0030
0000
0000
0030
3000
0000
0000
3000
0000
0000
3880
c060
0000
3000
0000
0000
6000
0000
c033
3c00
0000
7030
0000
0000
0030
0000
0000
6060
0000
0000
001e
0000
0030
0000
0000
00c0
0000
c000
001e
0000
1900
0060
0000
1800
0000
0000
1800
0000
0018
1800
0000
0020
2000
0000
0006
6000
0000
0000
0000
0000
0000
0000
0000
0030
0000
0000
0000
0000
0080
0000
0400
0000
3c03
0000
0060
0000
0000
0000
00c0
1000
0000
0060
5400
0000
000c
0000
0000
0020
0000
0000
0000
6000
0000
00c0
1e00
0000
0000
0600
0000
0070
0000
0080
0000
ff00
0000
8001
0000
0000
0000
0c00
0000
0033
0000
0080
0000
6000
0000
0060
2000
0000
0000
0000
0000
0000
6000
0000
0018
0700
00fc
0006
6000
0000
3060
0000
0000
0000
6000
0000
0030
0000
00c0
0000
6000
0000
f07f
0000
0000
0000
0300
0000
8033
0000
0000
0000
7000
0086
3078
6000
00f0
f01f
3f00
0000
c007
3800
0000
3060
0000
0060
0000
0600
0000
3060
0000
00c0
0000
3300
0000
0007
0000
00c0
0000
0300
0000
00c0
c000
0000
0000
3000
0000
001c
0000
0000
0000
6000
0000
0000
6100
0000
c060
0000
0000
0000
6000
0000
807f
0000
0000
0000
6000
0000
8071
0000
0000
0000
6000
0000
0063
0000
0000
0000
0000
0086
0000
6100
0000
803f
0000
0080
0000
3100
0000
0060
0000
0000
0000
3000
0000
8061
0000
0000
0000
3300
0000
0033
0000
0080
0038
7f00
0000
0060
6000
0000
0060
3000
0000
0000
0000
0000
0000
0000
0000
0000
0000
0024
0048
0000
0000
4038
0000
0020
0000
0040
0000
80ff
0000
0000
0000
0020
0040
0041
0000
0000
007f
0001
0024
0000
0000
001c
0010
0041
0000
0000
0020
0000
8001
0000
0000
0060
0008
e821
0000
0000
007f
0040
4040
0000
0000
0040
2040
4040
0000
0000
0078
0044
0040
0000
0000
4040
1040
4020
0000
0000
2020
8000
0008
0000
0000
000c
5014
0012
0000
0000
80ff
0040
0040
0000
0000
0000
0000
0000
0000
0000
005c
0040
001d
0000
0000
0020
0041
005e
0000
0000
0040
00e0
0040
0000
0000
0041
0041
005c
0000
0001
0040
0018
0078
0000
0000
0010
404a
0082
0000
0000
007e
0040
0040
0000
0040
0000
0000
0000
0020
0050
0014
007c
0000
0000
0000
0000
0020
0020
0000
0008
0000
0000
0000
0040
0042
0008
0042
0042
0002
0000
0000
0000
0000
0000
0000
0040
0040
0006
007e
0006
0004
9044
0014
0041
8031
007c
0000
0000
0000
0000
0000
0000
0078
0041
0020
208a
8044
4040
0043
4040
8040
0063
80ff
0000
0000
0000
0000
0000
0000
007f
0040
0010
0020
0000
0000
0000
003c
0040
0000
0002
0000
0000
0000
003c
0000
0000
0040
0044
0040
4044
0042
0042
0066
003a
0000
0000
0000
0000
0000
0000
0000
0000
0010
00fc
0020
0040
0010
005a
0000
0000
0040
0000
0070
0008
004c
0000
0000
00a0
0020
0040
0000
0020
0088
0020
0000
0010
0070
0088
0000
0000
0040
0000
0000
0000
0048
40a2
0082
0000
0078
007c
0040
0000
0000
0010
0048
0000
0000
0042
0040
003e
0000
00f8
0042
0028
0000
0000
0008
0040
0000
0000
0000
0000
0068
0000
0008
0090
0040
0070
0000
0080
00a0
0000
0000
0000
0088
0068
0000
0040
0090
0020
0000
0000
00f0
0040
0040
0000
0000
0000
0000
0000
0000
ffff
ffff
0000
0000
0000
0000
0000
0000
0000
0000
0000
0000
0000
0000
0000
0000
0000
0000
0000
0000
0000
0000
0000
0000
0000
0000
0000
0000
0000
0000
0000
0000
0000
0000
0000
0000
0000
0000
0000
0000
0000
0000
0000
0000
0000
0000
0000
0000
0000
003c
0000
0000
00f0
0000
0000
0000
0000
0000
0000
0000
0000
0000
0000
0000
0000
0000
0000
0000
0000
0000
0000
0000
0078
0000
0000
0000
0000
0000
0000
0000
0000
0000
0000
0000
4411
77dd
1818
3636
1818
3636
0000
0000
0000
1818
0000
1818
0000
0000
3636
3636
0000
3636
0000
3636
1818
1818
ffff
0f0f
0000
0000
0000
0000
0000
0000
0000
0000
0000
0000
1818
0000
0000
0000
0000
0000
7e81
7c38
003c
e0f0
0002
78cc
0018
0000
0030
00c6
0060
0000
00fc
0078
0070
0000
00cc
00fe
0078
00c6
001c
00fc
0078
0078
0076
0078
0078
00c6
1e0c
0076
f80c
00e0
007e
007e
0078
0078
007f
0078
0018
3030
0078
00cc
0000
0018
aa55
1818
3636
0000
0000
1818
3636
0000
1818
1818
0000
f0f0
c0c0
0070
0038
c060
00fc
70d8
0000
0000