6972
0000
1012
0000
0000
0000
0000
1817
3837
5857
7877
9897
b8b7
d8d7
f8f7
ffff
ffff
ffff
ffff
050a
0201
0504
2112
1716
5a59
9998
d5d4
0404
1408
3635
7675
b2aa
e7e6
0503
223d
001f
001c
27fb
00bf
0808
0808
0808
0808
0808
0808
0808
0808
0008
0808
0808
0808
0808
0808
0808
0808
0808
0001
0000
0403
0906
0802
000d
0000
0808
0909
0707
0000
0e09
0b0c
0909
0002
0000
0a0a
0f0d
0b0b
a17c
0000
0f0f
0707
0806
0000
0b0b
0918
0712
001e
0000
0808
090a
0806
0000
0404
0b0f
0905
0002
0000
0a04
130c
1206
0019
0000
0e0e
0f0f
0c0c
0000
1712
1016
1011
000e
0000
1818
1d1a
1818
ac3c
0000
0000
0000
0000
0000
0000
0000
0000
0000
0000
0000
0000
0000
0000
0000
0000
0101
0102
0203
0204
0204
0204
0204
0305
0305
0305
0305
0305
0305
0305
0306
0306
0306
0306
0306
0306
0306
0306
0306
0306
0306
0306
0306
0306
0306
0306
0306
0306
0306
0306
0306
0306
0306
0407
0407
0407
0306
0407
0407
0407
0407
0407
0407
0407
0407
0407
0407
0407
0407
0407
0407
0407
0407
0407
0407
0407
0407
0407
0407
0000
0000
0000
0000
0000
0000
0000
0000
0000
0000
0000
0000
0000
0000
0000
0000
0000
0000
0000
0000
0000
0000
0000
0000
0000
0000
0000
0000
0000
0000
0000
0000
0000
0000
0000
0000
0000
0000
0000
0000
0000
0000
0000
0000
0000
0000
0000
0000
0000
0000
0000
0000
0000
0000
0000
0f00
0000
0000
0000
f1ff
0000
0000
0000
0000
0000
0000
0000
0000
f1ff
0000
0000
0000
0000
0000
0000
0000
0000
0000
0000
0000
0000
ff0f
0f00
0000
0000
0000
0000
0000
0000
0000
0000
0000
0000
0000
0000
0000
0000
0000
0000
0000
0000
0000
0000
0000
0000
0000
0000
ef00
ff04
0000
0000
0000
ffff
0100
0000
0000
00fe
ffff
ff0f
0000
0000
ff0a
ff0f
0000
0000
0000
0000
0000
0000
0000
0000
0000
0000
0000
10e9
ffff
0000
0000
00fe
0000
ff6f
0000
0000
e5ff
0000
0000
0000
00ff
0000
ff9f
0000
0000
0000
0f00
0000
0000
0000
0000
0000
0000
0000
0000
81ec
1e00
0000
f4df
00ff
30fd
0000
0000
00f4
0000
0000
0060
0000
0000
0d00
0000
c1ff
0000
0000
0000
0000
0000
0000
0000
0000
0000
0000
0000
0000
0000
0000
1f00
ffdf
0000
0000
0000
ffff
8f00
0000
f3ff
4f00
10fd
0000
0000
0600
0000
0000
0000
0000
0000
0000
0000
0000
0000
0000
0f00
0000
0000
0000
20ff
0000
0000
0000
0000
0000
0000
0000
0000
0000
0000
0000
0000
0000
0000
0000
0000
0000
0000
0000
0000
0000
1b00
0000
0000
0000
0000
ff0e
0000
0000
0000
0000
0d00
0000
0000
0000
f4ff
0000
0000
0000
00c0
0000
0000
0000
00b1
0000
0000
0000
0000
0000
fdaf
0000
0000
0000
ff4f
0000
0000
0000
90ff
0000
0000
0000
0000
2f00
0000
0000
0000
00f6
0000
0000
0000
0000
0020
0000
0000
0000
0000
0000
0000
0000
0000
0000
0000
0000
0000
f0ff
7e00
0000
0000
30ff
e207
0000
0000
0000
0000
0000
0000
0000
0000
0000
0000
0000
0000
0000
0000
0000
0000
0000
0000
0000
0000
0000
ff00
0000
0000
00ff
43ff
0000
0000
0000
0000
ff00
0000
0000
0000
0000
0000
0000
0000
0000
0000
0000
0000
0000
0000
0000
0000
0000
0000
0000
0000
0000
0000
0000
0000
0000
0000
0000
0000
ff00
0000
0000
0000
0030
0000
0000
0000
0000
0000
0000
0000
0000
0000
0000
0000
0000
0000
0000
0000
0000
3033
ffff
0000
0000
0000
0000
0000
0000
0000
0000
0000
0000
0000
0000
0000
0000
0000
0000
0000
0000
0000
0000
0000
0000
0000
0000
0000
0000
0000
0000
0000
0000
0000
0000
0000
0000
0000
0000
0000
0000
0000
0000
0000
0000
0000
0000
0000
0000
0000
0000
af00
0000
0000
0000
0000
1f00
0000
0000
0000
0000
0700
0000
0000
0000
0050
0000
0000
0000
0000
0000
0000
0000
0000
0000
0000
0000
c0ff
0000
af00
0000
00f0
0000
10ff
0000
0000
ff1f
0000
6f00
0000
0000
ffff
0000
0000
0000
0000
0000
0000
0000
0000
0000
0000
0000
0000
0000
ff00
0000
0000
0000
10ff
0000
0000
0000
0000
ff00
0000
0000
0000
10ff
0000
0000
0000
0000
0000
0000
0000
0000
0000
0000
0000
0000
10fb
84fe
0600
0000
00e0
0000
0000
0000
0000
0020
ff05
0000
0000
0000
3333
ffff
0000
0000
0000
0000
0000
0000
0000
0000
0000
0000
0000
0040
ffff
0400
0000
00f0
0000
0000
0000
0000
ff9f
0000
0000
0000
00fa
0100
ef05
0000
0000
0000
0000
0000
0000
0000
0000
0000
0000
0000
0000
0000
0000
0000
0000
ff61
0b00
0000
0000
00ff
0000
ff04
0000
00ff
ff01
0000
0000
0000
0000
0000
0000
0000
0000
0000
0000
0000
0000
0000
ffff
0000
0000
0000
0000
ffcf
0000
0000
fdff
0000
0000
0000
00e0
0000
ffff
0000
0000
0000
0000
0000
0000
0000
0000
0000
0000
0000
0000
0000
0000
0000
0000
0000
f5ff
0000
0000
ffff
0000
0f00
0000
00fe
0000
ffcf
0000
0000
0040
0000
0000
0000
0000
0000
0000
0000
0000
0000
0000
ff00
0000
00fb
0100
0000
0000
0000
0000
7f00
0000
0000
0000
0070
0000
0000
0000
0000
0000
0000
0000
0000
0000
0000
0000
0000
0000
0000
0000
0000
0000
0600
f2ff
0000
0000
f5ff
ffff
0000
0000
00a0
0000
30ff
0000
0000
80ff
ef9c
0000
0000
0000
0000
0000
0000
0000
0000
0000
0000
0000
0000
ff59
f3ff
0000
0000
ff1f
0000
1e00
0000
00f0
0010
0000
0000
0000
90ff
ffff
0000
0000
0000
0000
0000
0000
0000
0000
0000
0000
0000
0000
0000
0000
0000
0000
0000
0000
0000
0000
0000
0000
0000
0000
0000
0000
0000
0f00
0000
0000
0000
0000
0000
0000
0000
0000
0000
0000
0000
0000
0000
0000
0000
0000
0000
0000
0000
0000
0000
0000
0000
0000
0000
0000
0f00
0000
0000
0000
0000
0000
0000
0000
0000
0000
0000
0000
0000
0000
0000
0000
0000
0000
0000
0000
0000
0000
10d6
0000
0000
00d4
0000
0000
0000
0000
0000
0000
0000
0000
0000
0000
0000
0000
0000
0000
0000
0000
0000
0000
0000
0f00
0000
0000
0000
3333
0000
0000
0000
0000
0000
0000
0000
0000
0000
0000
0000
0000
0000
0000
0000
0000
0000
0000
0000
0000
0000
0000
0800
0000
0000
82fe
0000
0000
0000
30f9
ffff
0f00
0000
0000
0000
0000
0000
0000
0000
0000
0000
0000
0000
0000
0000
0000
0000
00f6
0000
0000
0000
0000
fcff
0000
0000
0000
0000
0000
0000
0000
0000
0000
0000
0000
0000
0000
0000
0000
0000
0000
0000
0000
0000
f9ff
0000
20fd
0000
df00
feff
ff0d
00f8
c0ff
00d0
0000
7f00
bf00
4f00
fffd
ffaf
f5df
0000
0000
0000
5c00
0000
0000
0000
0000
0000
0000
0000
0010
ef00
0000
0000
0000
0b00
3f00
0000
0000
ff38
ffff
0600
0000
ffef
0000
00f2
0000
0000
0000
0000
0000
0000
0000
0000
0000
0000
0000
e7ff
3333
0f00
0000
f0ff
0000
f4ff
0000
0000
1a00
0000
0f00
0000
ffcf
3433
ffff
0000
0000
0000
0000
0000
0000
0000
0000
0000
0000
0000
0095
ffff
0000
0000
fcff
0000
20ff
0000
0000
0000
0000
bf00
0000
f7ff
0000
bf01
0000
0000
0000
0000
0000
0000
0000
0000
0000
0000
0000
0000
ffff
0f00
0000
f8ff
0000
f1ff
0000
00f1
0000
0000
0f00
0000
feff
0000
f4ff
0000
0000
0000
0000
0000
0000
0000
0000
0000
0000
0000
0000
ffff
0f00
0000
0000
0000
f1ff
0000
0000
f8ff
0000
0f00
0000
0000
0000
f1ff
0000
0000
0000
0000
0000
0000
0000
0000
0000
0000
0000
0000
0000
0f00
0000
0000
0000
f1ff
0000
0000
f8ff
ffff
0f00
0000
0000
0000
f1ff
0000
0000
0000
0000
0000
0000
0000
0000
0000
0000
0000
0000
0000
0000
0000
30fe
0000
e1ff
0000
0000
0000
0000
ff00
0000
ffff
0000
f9ff
0000
0000
feff
0000
0000
0000
0000
0000
0000
0000
0000
0000
0000
0000
0000
ff01
0000
f1ff
0000
00ff
0000
ffff
0f00
0000
ff01
0000
f1ff
0000
00ff
0000
0000
0000
0000
0000
0000
0000
0000
0000
0000
0000
0000
0000
0000
0000
ffff
0000
0000
0000
0010
0000
0000
0000
0000
ffff
0000
0000
0000
0010
0000
0000
0000
0000
0000
0000
0000
0000
0000
0000
0000
0010
0000
0000
0000
0000
ffff
0000
0000
0000
0010
0000
0000
0000
0000
e1ff
ffff
0000
0000
0000
0000
0000
0000
0000
0000
0000
0000
0000
0000
0000
f1ff
0000
0000
10fc
0400
0f00
0000
0000
fdff
f1ff
0000
0000
ff7f
0000
0f00
0000
0000
0000
0000
0000
0000
0000
0000
0000
0000
0000
0000
f1ff
0000
0000
0000
0000
0f00
0000
0000
0000
f1ff
0000
0000
0000
0000
0f00
0000
0000
0000
0000
0000
0000
0000
0000
0000
0000
0000
0000
ffff
0010
ff0a
0000
f8ff
0f00
ffff
ff02
30ff
f1ff
0010
0000
9fd0
0000
0f00
ffff
0000
0000
0000
0000
0000
0000
0000
0000
0000
0000
0000
f6ff
0000
00ff
0000
fdff
0f00
0000
ff01
ffef
f1ff
0000
00ff
ff8f
0000
0f00
0000
ff1e
0000
0000
0000
0000
0000
0000
0000
0000
0000
0000
0000
0000
0000
af02
0000
7f00
0000
ff02
0000
10ff
0000
00fe
0000
0000
0300
0000
00f6
eddf
0000
0000
0000
0000
0000
0000
0000
0000
0000
0000
0000
0000
ff9e
0000
0f00
0000
feff
0000
f4ff
0000
0000
0000
0000
0f00
0000
0000
0000
0000
0000
0000
0000
0000
0000
0000
0000
0000
0000
0000
0000
ffff
10f8
0a00
0000
ff06
0000
10ff
0000
00ff
0000
0000
2f00
0000
f8ff
ffff
0000
0000
0023
0000
0000
0000
0000
0000
0000
0000
0000
0000
feff
3333
0f00
0000
ffff
0000
f1ff
0000
0000
ff4b
0000
0f00
0000
ffff
0000
f1ff
0000
0000
0000
0000
0000
0000
0000
0000
0000
0000
0000
10a7
ffff
0000
0000
fdff
0000
ff2e
0000
0000
ffff
0000
0000
0000
fdff
0000
bf01
0000
0000
0000
0000
0000
0000
0000
0000
0000
0000
0000
0000
ffff
3303
0000
0000
f0ff
0000
0000
0000
0000
1f00
0000
0000
0000
f0ff
0000
0000
0000
0000
0000
0000
0000
0000
0000
0000
0000
0000
0000
0000
0f00
0000
ff0f
0000
f1ff
0000
00f1
0000
0000
0f00
0000
ff3f
0000
ff6f
0000
0000
0000
0000
0000
0000
0000
0000
0000
0000
0000
0000
0000
ff1e
0000
ffdf
0000
fcff
0000
0000
ff0e
40ff
0000
0000
0000
ffa1
0000
0000
0000
0000
0000
0000
0000
0000
0000
0000
0000
0000
0000
0000
ff2f
4f00
00f1
6f00
c0ff
00f6
0000
06a0
0040
0000
f3ff
ff06
10ff
9f00
0000
ffff
0000
0000
0000
0000
0000
0000
0000
0000
0000
0000
0000
0000
0000
f9ff
0000
ff05
0000
0000
00fc
cf00
0000
0000
0000
3f10
cf00
0000
0000
1d00
0000
0000
0000
0000
0000
0000
0000
0000
0000
0000
0000
0000
ffdf
0000
ffff
0000
0000
fdff
faff
0000
0000
0000
f2ff
0000
0000
0000
0000
0f00
0000
0000
0000
0000
0000
0000
0000
0000
0000
0000
0000
f0ff
ffff
0000
0000
0000
70ff
0000
0000
0000
0000
0050
9f00
0000
0000
0000
ffff
ff00
0000
0000
0000
0000
0000
0000
0000
0000
0f00
0000
0000
0000
f1ff
0000
0000
0000
0000
0f00
0000
0000
0000
f1ff
0000
0000
0000
0000
0f00
0000
0000
0000
ffff
0000
0000
0000
0000
0000
0000
0000
0000
00f8
0000
0000
0000
0030
0000
0000
0000
0000
0300
0000
0000
0000
9f00
0000
0000
0000
ff0e
0000
0000
0000
0000
0000
0000
0000
0000
0000
ff0f
0000
0000
0000
00f1
0000
0000
0000
0000
ff0f
0000
0000
0000
00f1
0000
0000
0000
0000
ff3f
0000
0000
0000
0000
0000
0000
0000
0000
0c00
0000
0000
0000
ff06
0800
0000
0000
ffaf
0000
0000
0000
0000
0000
0000
0000
0000
0000
0000
0000
0000
0000
0000
0000
0000
0000
0000
0000
0000
0000
0000
0000
0000
0000
0000
0000
0000
0000
0000
0000
0000
0000
0000
0000
3333
ffff
0000
0000
0000
0000
0000
0000
0000
0000
5088
0000
0000
0000
0000
0000
0000
0000
0000
0000
0000
0000
0000
0000
0000
0000
0000
0000
0000
0000
0000
0000
0000
0000
0000
0000
0000
0000
0000
0000
0000
0000
0000
0000
0000
2d00
4044
0000
0000
ffff
0000
ef00
0000
0000
d1ff
ad04
0000
0000
0000
0000
0000
0000
0000
0000
0000
0000
0000
0000
0000
0f00
0000
0000
bf46
fbff
0000
0000
ff02
0000
0f00
0000
00f2
af45
60ff
0000
0000
0000
0000
0000
0000
0000
0000
0000
0000
0000
0000
0000
0000
0000
0000
ffff
feff
0000
0000
0000
0000
df00
0000
0000
5f00
ff1b
0000
0000
0000
0000
0000
0000
0000
0000
0000
0000
0000
ff1f
0000
0000
0000
00f0
f9ff
ffcf
0000
0000
ff1f
0000
ff00
0000
00f0
0000
ffef
0000
0000
0000
0000
0000
0000
0000
0000
0000
0000
0000
0000
0000
0000
0000
0000
82ec
ff09
0000
0000
fdff
ffff
ff00
0000
0000
0000
ffff
0000
0000
0000
0000
0000
0000
0000
0000
0000
0000
0000
0000
ffff
0000
0000
0000
0000
ffff
0000
0000
0000
00f0
0000
0000
0000
0000
ff1f
0000
0000
0000
0000
0000
0000
0000
0000
0000
0000
0000
0000
0000
0000
0000
0000
0000
0500
0000
0000
ff9f
0000
df00
0000
00f0
0000
c0ff
0000
0000
ff1f
0000
0000
0000
0000
ffff
0000
0000
0000
0000
0000
0f00
0000
0000
0000
f1ff
0000
0000
ffff
0000
0f00
0000
00f1
0000
f1ff
0000
0000
ff0f
0000
0000
0000
0000
0000
0000
0000
0000
0000
0000
0f00
0000
0000
0000
0000
0000
0000
0000
0000
0f00
0000
0000
0000
f1ff
0000
0000
0000
0000
0000
0000
0000
0000
0000
0000
0000
0000
0000
0000
0000
0000
0000
0000
0000
0000
0000
00f1
0000
0000
0000
0000
ff0f
0000
0000
0000
00f1
0000
0000
0000
0000
fbff
0000
0000
0000
0000
0000
0000
0000
0000
f1ff
0000
0000
f7ff
0000
0f00
0000
0000
00f1
f4ff
0000
0000
00f9
0000
0f00
0000
0000
0000
0000
0000
0000
0000
0000
0000
0000
0000
0000
f1ff
0000
0000
0000
0000
0f00
0000
0000
0000
f1ff
0000
0000
0000
0000
0f00
0000
0000
0000
0000
0000
0000
0000
0000
0000
0000
0000
0000
0000
0000
0000
0000
ff6e
0f00
ffff
0070
0100
f1ff
00f1
0000
ffff
0000
0f00
ff0f
0010
0000
0000
0000
0000
0000
0000
0000
0000
0000
0000
0000
0000
0000
0000
5b00
0f00
0000
00a0
0000
f1ff
0000
0000
ff1f
0000
0f00
0000
00f0
0000
0000
0000
0000
0000
0000
0000
0000
0000
0000
0000
0000
0000
0000
0000
0000
0000
0040
0000
50ff
0000
0000
ff03
0000
0c00
0000
0000
b6ed
0000
0000
0000
0000
0000
0000
0000
0000
0000
0000
0000
0000
0000
0000
0f00
0000
0000
0000
f1ff
0000
0000
ff01
0000
0f00
0000
0020
ffff
f1ff
0000
0000
0000
0000
0000
0000
0000
0000
0000
0000
0000
0000
0000
0000
0000
00f0
0600
f2ff
0000
0000
ff1f
0000
af00
0000
00f0
ffff
0500
0000
0000
ff1f
0000
0000
0000
0000
0000
0000
0000
0000
0000
0000
0000
0000
0000
00f9
fdff
0000
0000
0000
0000
0f00
0000
0000
0000
f1ff
0000
0000
0000
0000
0000
0000
0000
0000
0000
0000
0000
0000
0000
0000
0000
0000
ffff
fbff
0000
0000
0000
ffff
0000
0000
0000
1c00
ffcf
0000
0000
0000
0000
0000
0000
0000
0000
0000
0000
0000
0000
0080
0000
0000
0000
00f0
ff4f
0000
0000
0000
00f0
0000
0000
0000
0000
ff0a
0000
0000
0000
0000
0000
0000
0000
0000
0000
0000
0000
0000
0000
0000
0000
0000
0000
f1ff
0000
0000
ff0f
0000
0f00
0000
00f1
0000
ffff
0000
0000
0000
0000
0000
0000
0000
0000
0000
0000
0000
0000
0000
0000
0000
0000
0000
00f9
0000
0000
20ff
0000
0000
0000
0000
e0ff
0c00
0000
0000
0000
0000
0000
0000
0000
0000
0000
0000
0000
0000
0000
0000
0000
0000
0000
00f4
0000
ff04
f2ff
0100
0600
0000
04f4
00f4
ff07
0000
00f5
0000
0000
0000
0000
0000
0000
0000
0000
0000
0000
0000
0000
0000
0000
0000
0000
0000
0000
00e1
07f5
0000
0000
0000
10fe
ff04
0000
0000
70ff
0000
0000
0000
0000
0000
0000
0000
0000
0000
0000
0000
0000
0000
0000
0000
0000
0000
f4ff
0000
0b00
0000
0000
ffef
ff03
0000
0000
0000
ff9f
0000
0000
0000
0000
ffff
0000
0000
0000
0000
0000
0000
0000
0000
0000
0000
0000
f0ff
0000
0000
0000
0000
00b0
4f00
0000
0000
0000
ffff
ff00
0000
0000
0000
0000
0000
0000
0000
0000
0000
0000
0000
0000
9f00
0000
0000
0000
10ff
0000
0000
0000
0000
ffdf
0000
0000
0000
10ff
0000
0000
0000
0000
0000
0000
0000
0000
0000
0000
0000
0000
0000
f1ff
0000
0000
0000
0000
0f00
0000
0000
0000
f1ff
0000
0000
0000
0000
0f00
0000
0000
0000
f1ff
0000
0000
0000
0000
0000
0000
0000
0000
fdff
0000
0000
0000
00f1
0000
0000
0000
0052
0000
0000
0000
0000
00f1
0000
0000
0000
0000
fcff
0000
0000
0000
0000
0000
0000
0000
0000
0000
0000
0000
0000
0000
0000
0000
0000
0060
ffcf
0000
0080
de49
0000
0000
0000
0000
0000
0000
0000
0000
0000
0000
0000
0000
0000
0000
0000
0000
0000
0000
0000
0000
0000
0000
0000
0000
0000
0000
0000
0000
0000
0000
0000
0000
0000
0000
0000
0000
0000
0000
0000
0000
0000
0000
0000
0000
0000
0000
0000
0000
0000
0000
0000
0000
0000
0000
0000
0000
0000
0000
0f00
0000
0000
0000
00ff
0000
0000
0f00
0000
0000
0000
0000
0000
0000
ff00
00ff
0000
0000
0000
0000
0000
0000
0000
0000
0000
0000
0000
0000
0000
0000
0010
0000
ffff
a3cf
0000
6606
ffff
0000
0000
0000
0000
0000
0000
0000
0000
0000
f8ff
fc5f
0000
0000
ffff
0000
0000
00fb
80ff
0000
0000
0000
0000
0000
0000
0000
0000
ff00
50ff
0000
0000
0000
f02f
00fc
0000
0000
0000
0000
0000
0000
0000
0000
6f00
0000
0000
ff3e
0f00
0000
ff0c
cf68
30fe
0000
0000
0000
0000
0000
0000
0000
0000
0000
0000
0000
0000
0000
0000
0000
0000
0000
0000
0000
0000
0000
0000
f2af
0000
0000
cf00
0000
0000
0000
00f8
0000
0000
0000
00fe
0000
0000
0010
0000
0000
0000
0070
0000
0000
ff01
0000
0000
0000
0000
0000
0000
0000
0000
0000
0000
0000
0000
0000
ffbf
0000
0000
0000
0000
0000
0000
0000
0000
0000
0000
0000
0000
0000
0f00
0000
0000
0000
00ff
0000
0000
0000
0000
0000
0000
0000
0000
0000
0000
0000
0000
0000
0000
0000
0000
0000
0000
0000
fa00
0000
0000
0000
0000
0000
0000
0000
0000
0000
0000
0000
0000
0000
0000
0000
0000
0000
0000
0000
0000
0000
0000
0000
0000
0000
0000
0000
0000
0000
0000
0000
0000
0000
0000
0000
0000
0000
0000
1e00
0000
0000
0000
0000
0000
0000
0000
0000
0000
0000
0000
0000
0000
faff
f79f
0000
ff00
0000
0000
0000
40ff
00f6
0000
0000
0000
0000
0000
0000
0000
0000
0000
f0ff
0000
0000
0000
0000
0000
0000
0000
0000
0000
0000
0000
0000
0100
1b00
0000
0000
0000
0000
0000
0100
6666
0000
0000
0000
0000
0000
0000
0000
0000
0000
0000
10fd
0000
0000
0000
0000
0000
0000
0000
0000
0000
0000
0000
0000
0000
00f0
0000
0000
ff00
0000
0000
0000
00f0
0000
0000
0000
0000
0000
0000
30ff
0000
0e00
c6fe
0000
0000
0000
c0ff
0000
0000
0000
0000
0000
0000
0000
0000
0000
0000
0000
0000
a3ff
fb5f
0000
5f00
9f76
0000
0000
0000
0000
0000
0000
0000
0000
0000
0000
0000
0000
0000
00f4
0000
0000
0000
0000
0000
0000
0000
0000
0000
feff
fd4f
0000
0000
af76
0000
0000
40fe
10fb
0000
0000
0000
0000
0000
0000
0000
0000
ff0d
0000
0000
0000
0000
a0ff
0000
1500
0000
0000
0000
0000
0000
0000
0000
0000
0000
0000
0000
0000
0000
0000
0000
0000
0000
0000
0000
0000
0000
0000
0000
0000
00f0
0000
0000
0000
0000
0000
0000
0080
0000
0000
0000
0000
0000
0000
0000
0000
0000
0000
0093
0000
0000
0000
0002
0000
0000
0000
0000
0000
0000
0000
0000
0000
ffff
0000
0000
ffff
0000
0000
0000
0000
0000
0000
0000
0000
0000
0000
0000
0000
0000
ffaf
b0ff
0000
8e00
0000
0000
0000
0000
0000
0000
0000
0000
0000
0000
0000
00f3
0000
0000
0000
0000
0000
0000
0000
0000
0000
0000
0000
0000
1b00
0000
0c00
6f00
ff0a
f41f
d02f
00b0
fdff
0000
0000
8c04
0000
0000
0000
0000
0000
0000
0ea0
0000
0000
ffff
df00
0000
fd2f
0000
0000
0000
0000
0000
0000
ff00
0000
00e0
0000
ffff
ff04
0000
ff00
6666
0000
0000
0000
0000
0000
0000
0000
0030
0000
00f6
0000
0000
ef00
0000
70ff
0000
0000
0000
0000
0000
0000
0000
0000
66ff
0b00
0000
0f00
0000
fe1f
0000
00ff
faff
0000
0000
0000
0000
0000
0000
f8ff
0000
ff00
0000
0000
0000
00f0
0000
0000
ff00
0000
0000
0000
0000
0000
0000
ff00
0000
0000
0000
ffff
0000
0000
ff00
0000
0000
0000
0000
0000
0000
0000
0000
0050
0000
00f5
0000
0000
ff00
0000
f0ff
0000
0000
0000
0000
0000
0000
0000
0000
00ff
0000
0000
0f00
ffff
ff0f
0000
00ff
0000
0000
0000
0000
0000
0000
0000
0000
0000
0f00
0000
0000
0000
00ff
0000
0000
0f00
0000
0000
0000
0000
0000
0000
0000
0f00
0000
0000
0000
00ff
0000
ff0c
ff8e
0000
0000
0000
0000
0000
0000
0000
00d1
0000
00f0
0000
0000
ff00
ef02
0000
0000
0000
0000
0000
0000
0000
0000
0000
00ff
0000
0000
0f00
0000
0000
0000
00ff
ffff
0000
0000
0000
0000
0000
0000
0000
ffff
ff00
00d0
f48f
0000
00f0
ff75
ff0f
ff00
0000
0000
0000
0000
0000
0000
0f00
0040
ff0f
0000
00ff
20ff
0000
0f00
0000
ff5f
0000
0000
0000
0000
0000
0000
0030
0000
00f6
0000
0000
ef00
0000
c0ff
0000
0000
0000
0000
0000
0000
0000
0000
66f6
7f00
0000
ff00
ffff
0000
0000
00f0
0000
0000
0000
0000
0000
0000
0000
50d9
0000
5f00
0000
ff0f
0000
00f2
0000
0000
0000
0000
0000
0000
0000
0000
0000
ff00
0000
00e0
0000
ffff
fbef
0000
ff00
0000
00fc
0000
0000
0000
0000
0000
0000
0000
0000
10ff
0000
0000
0000
0000
00fb
0000
0000
0000
0000
0000
0000
0000
0000
6666
0000
0000
0000
f0ff
0000
0000
0000
0000
0000
0000
0000
0000
0000
0000
0000
0000
ff00
0000
f0ff
0000
00f0
0600
0000
0000
0000
0000
0000
0000
0000
0000
ff2f
0000
00f3
0000
f4cf
90ff
0000
0000
feff
0000
0000
0000
0000
0000
0000
0000
0000
00f4
00f3
bf70
f96f
0300
60ff
fe2f
0000
0000
0000
0000
0000
0000
0000
0000
30ff
fbbf
0000
0000
feff
0000
0000
b0ff
bf00
0000
0000
0000
0000
0000
0000
1e00
0000
0900
0800
0000
0000
0000
0000
0000
0000
0000
0000
0000
0000
0000
0000
ff0f
0200
0000
0000
0c00
0000
0000
7f00
6666
00f0
0000
0000
0000
0000
ff00
0000
0000
0000
00f0
0000
0000
ff00
0000
0000
0000
00f0
0000
0000
0000
0000
0000
0000
0050
0000
0000
0000
0000
0000
0000
0700
0000
0000
0000
0000
0000
0000
f0ff
0000
0000
0000
0000
0000
0000
f0ff
0000
0000
0000
0000
0000
0000
0000
0000
0000
0000
00d0
0000
0000
0000
0000
0000
0000
0000
0000
0000
0000
0000
0000
0000
0000
0000
0000
0000
0000
0000
0000
0000
0000
0000
ffff
0000
0000
0000
0000
0000
0000
e27f
0000
0000
0000
0000
0000
0000
0000
0000
0000
0000
0000
0000
0000
0000
0000
0000
0000
bf77
0000
0000
a3ff
f0ff
0000
0000
0000
0000
0000
0000
0000
0000
ff00
0000
0000
0000
00f0
fe1f
0000
ff00
bf67
0000
0000
0000
0000
0000
0000
0000
0000
0000
ffdf
70ff
0000
ff0f
0000
0000
0000
0000
0000
0000
0000
0000
0000
0000
0000
f0ff
0000
ff05
0000
0000
0000
00f6
f09f
0000
0000
0000
0000
0000
0000
0000
0000
0000
ef68
0000
0000
0000
0000
0000
0000
0000
0000
0000
0000
0000
0000
0000
0000
0000
0000
f0ff
0000
0000
0000
0000
0000
0000
0000
0000
0000
0000
0000
0000
0000
ff7f
ffdf
0000
ff00
0000
0000
0000
0000
f6cf
0000
0000
0000
0000
0000
00f0
0000
0000
ff00
0000
0000
0000
00f0
f0ff
0000
0000
0000
0000
0000
00f0
0000
0000
ff00
0000
0000
0000
00f0
0000
0000
ff00
0000
0000
0000
0000
0000
0000
0000
0000
0000
0000
f0ff
0000
0000
0000
0000
0000
0000
00fb
0000
0000
0000
0000
0000
0000
00f0
0080
0000
ff00
d1ff
0000
0000
0000
0000
0000
0000
0000
0000
0000
00f0
0000
0000
ff00
0000
0000
0000
00f0
0000
0000
0000
0000
0000
0000
0000
0000
0000
ff00
df67
0000
00e0
00f0
f0ff
ff00
ff00
0000
0000
0000
0000
0000
0000
0000
0000
0000
0000
00f0
f0ff
0000
ff00
0000
0000
0000
0000
0000
0000
0000
0000
0000
0000
ffdf
b0ff
0000
ff0f
0000
0000
0000
0000
0000
0000
0000
0000
0000
0000
0000
0000
0000
ff00
0000
0000
0000
10fb
00f9
0000
ff00
0000
0000
0000
0000
0000
0000
0000
ef68
0000
0000
0000
f0ff
0000
0000
0000
0000
0000
0000
0000
0000
0000
0000
0000
0000
00f0
0000
0000
ff00
0000
0000
0000
0000
0000
0000
0000
0000
0000
0000
ffef
a0ff
0000
0000
4d00
0000
0000
0000
0000
0000
0000
0000
0000
0000
f0ff
0000
0000
0000
0000
0000
0000
f3ef
0000
0000
0000
0000
0000
0000
0000
0000
0000
ff00
0000
0000
0000
00f0
f0ff
0000
0000
0000
0000
0000
0000
0000
0000
0000
0000
0000
0000
00f8
0060
0000
0000
00fe
0000
0000
0000
0000
0000
0000
0000
0000
0000
0020
00fe
00f2
0e00
00fd
f39f
0000
0000
0000
0000
0000
0000
0000
0000
0000
0000
0000
0500
90ff
0000
0000
20ff
00fd
0000
0000
0000
0000
0000
0000
0000
0000
fd6f
1e00
0000
0000
d0ef
0000
0000
0000
0060
0000
0000
0000
0000
0000
0000
0000
0000
0000
0200
0000
0000
4f00
6666
0000
0000
0000
0000
0000
0000
00fb
0000
0000
f0ff
0000
0000
ff0f
0000
0000
0000
f2df
0000
0000
0000
0000
0000
0000
00f0
0000
0000
ff00
0000
0000
0000
00f0
0000
0000
ff00
0000
0000
0000
0010
0000
0000
0000
0000
0000
0000
fe2e
0000
0000
0100
0000
0000
0000
0000
0000
0000
0000
0000
0000
0000
fe7d
0020
0000
0000
0000
0000
0000
0000
0000
0000
0000
0000
0000
0000
0000
0000
0000
0000
0000
0000
0000
0000
0000
0000
0000
0000
0000
0000
0000
0000
0000
0000
0000
0000
0000
0000
0000
0000
0000
0000
0000
0000
0000
0000
0000
0000
f50f
0f00
0000
0000
0000
0000
0000
0000
0000
ec00
0700
aa00
0000
0000
0000
0000
0000
0000
00f5
2941
00f2
7f00
0000
0000
0000
0000
0000
0000
0000
0220
11ff
0100
0100
0000
0000
0000
0000
0000
0000
00f0
00e4
90ef
0000
fe9f
0000
0000
0000
0000
0000
0000
0000
0000
0000
0000
0000
0000
0000
0000
0000
0000
0000
0000
0000
0000
ee02
0000
10dc
0100
0000
0000
0000
0000
0000
0000
0000
0000
0000
0000
0000
0000
0000
0000
0000
0000
0000
0000
0000
0500
0000
0f00
0000
0000
0000
0000
0000
0000
0000
0000
0000
0000
0000
0000
0000
0000
0000
0000
0000
0000
0000
0000
0000
0000
0000
0000
0000
0000
0000
0000
0000
0000
40cc
0000
0000
0000
0000
0000
0000
0000
0000
0000
0000
0000
0000
0000
0000
0000
0000
0000
00fe
f28f
0000
0000
0000
0000
0000
0000
0000
0000
0000
0000
0000
0000
0000
0000
6f00
0000
0000
0000
0000
00f0
0000
0000
0000
fdbe
00f8
0000
0000
0000
0000
0000
0000
0000
0000
ff1e
f50c
f808
fb05
0000
0000
0000
0000
0000
0000
0000
0000
00d2
0000
8f00
0000
0000
0000
0000
0000
0000
70fc
0000
0090
ef03
0000
0000
0000
0000
0000
0000
0000
0000
00f1
f05f
0000
0000
0000
0000
0000
0000
0000
00fe
f68f
0000
0000
0000
0000
0000
0000
0000
0000
0000
0030
0000
0000
0000
0000
0000
0000
0000
0000
0000
0000
0000
0000
0000
0000
0000
0000
0000
0000
0000
0000
0000
0000
0000
0000
0000
2900
fb0f
0000
0000
0000
0000
0000
0000
0000
cccc
0000
ffff
0000
0000
0000
0000
0000
0000
0000
0000
ff5b
ff5b
00b4
0000
0000
0000
0000
0000
0000
0010
0000
0000
f05f
0000
0000
0000
0000
00e3
0d00
406f
af00
0780
0000
ff3c
0000
0000
0000
0000
0000
0000
00f1
ff04
0000
0000
0000
0000
ff00
0000
0000
0000
0020
0010
0000
0000
0000
df4a
50ff
f50e
0f00
0000
0000
0000
0000
0000
0000
efcc
0050
50ff
ff00
0000
0000
0000
0000
0000
0000
0000
0000
ffff
50ff
ff00
0000
0000
0000
0000
0080
0000
0000
cccc
0050
50ff
0000
0000
0000
0000
0000
00fe
0000
0500
0000
df39
0000
0000
0000
0000
0000
00f0
f0ff
5f00
0000
0000
0000
0000
0000
0000
0000
0000
0000
0000
0000
0000
0000
0000
0000
0000
0000
0000
0000
0000
0000
0000
0000
0000
0050
50ff
ff00
0000
0000
0000
0000
0000
0000
0000
0000
0050
50ff
ff00
0000
0000
0000
0000
0000
0000
0000
00f3
bf50
50ff
ff00
0000
0000
0000
0000
f05f
5f00
0070
ff02
0050
50ff
0000
0000
0000
0000
0000
80df
5f00
0000
0000
df39
0000
0000
0000
0000
0000
0040
00c1
0000
0000
0000
0000
0000
0000
0000
0000
0000
00f0
80cf
ffff
0000
0000
0000
0000
ff00
0000
0000
0000
0000
90ef
0000
0000
0000
ef7c
30ff
cf00
0000
0000
0000
0000
0000
0000
0000
fcdf
5f00
0000
0000
0000
0000
0000
0000
0000
0000
0000
0000
0050
50ff
1e00
0000
0000
0000
0000
b0bf
f90c
df00
0e20
f31f
0000
0000
0000
0000
0000
0900
00b0
f80b
0080
00fa
b09f
0000
0000
0000
0000
0000
0000
0000
00d1
bf00
0000
0000
0000
0000
2f00
0000
0000
0000
0000
0000
0000
0000
0000
0000
0000
0000
0000
0000
0000
00f0
0000
0000
0000
0050
50ff
ff00
0000
0000
0000
0000
0000
0000
0000
0000
0060
f80a
0000
0000
0000
0000
0000
0000
0000
0000
0000
00f5
f50f
0f00
0000
0000
0000
0000
0000
0000
0070
0000
0000
0000
0000
0000
0000
0000
0000
0000
0000
0000
0000
0000
0000
0000
0000
0000
0000
0000
0000
0000
0000
0000
0000
0000
0000
0000
0000
0000
0000
0000
00f5
0000
0000
0000
50ff
ff00
0000
0000
0000
0000
0000
0000
0000
0000
0000
0000
ef01
0e00
0000
0000
0000
0000
0000
0000
0500
fcbe
10fe
f50f
0900
0000
0000
0000
0000
0000
0000
fddf
0000
00f6
ef01
0000
0000
0000
0000
0000
0000
0000
0000
00f5
f50f
0000
0000
0000
0000
0000
0000
00ff
ff05
0700
ecbe
1035
0000
0000
0000
0000
0000
0040
50ff
ff00
0000
0000
0000
0000
0000
0000
0000
0000
0000
0000
0000
0000
0000
f50f
0000
0000
0000
0000
0000
0000
0000
0000
0000
0050
50ff
ff00
0000
0000
0000
0000
0000
0000
0000
0000
0050
50ff
ff00
0000
0000
0000
0000
0000
0000
0000
ffdd
0050
50ff
ff00
0000
0000
0000
0000
0000
0000
fe1b
0000
0050
50ff
0000
0000
0000
0000
0000
0000
00fc
ff00
0a00
fe9d
0000
0000
0000
0000
0000
0000
00b0
e06f
ff1a
0000
0050
0000
0000
0000
0000
0000
0000
0000
00f5
f50f
0f00
0000
0000
0000
0000
0000
0000
0000
0000
0000
0000
0000
0000
0000
ff01
0000
0000
0000
0000
0000
0000
0000
0000
ffff
f50f
0f00
0000
0000
0000
0000
0000
0000
0000
0000
0050
50ff
8f00
0000
0000
0000
0000
0000
0000
c07f
fb07
6ffa
4f00
0000
0000
0000
0000
0000
0e00
00f1
fe11
00f2
30ef
0000
0000
0000
0000
0000
0000
0000
0000
00fd
0000
0000
0000
0000
0000
0000
0000
0000
0000
0000
0000
0000
0000
0000
0000
0c00
0000
0000
0000
0000
0000
0000
0000
91df
f50e
0f00
6e00
0000
0000
0000
0000
0000
0000
0000
0050
50ff
ff00
0000
0000
0000
0000
0000
0000
0000
0000
30fe
ff06
0f00
0000
0000
0000
0000
0000
0000
0000
a1cf
0000
0000
0000
0000
0000
0000
0000
0000
0000
0000
0000
0000
0000
0000
0000
0000
0000
0000
0000
0000
0000
0000
ff00
0000
00ff
0000
0000
0000
0000
0f00
0000
0000
0000
0000
0000
0000
0000
9f98
0800
00f2
0000
0000
0f00
0000
0060
0000
fb3c
0000
0000
0000
0000
cffc
00d6
00d1
0000
0000
0000
00f7
5f00
e01f
00f9
0000
0000
0000
0000
0000
0000
0000
0000
0000
0000
0090
0000
0000
0800
0000
0000
0000
309f
0000
00ff
0000
0000
0000
0000
0000
0000
ef1d
0000
0000
0000
0000
0000
0000
ff0f
0000
0000
0000
0000
0000
0000
0000
0000
e00f
0000
0000
0000
0000
0000
0000
0000
0000
0000
0000
0000
0000
0000
0000
0000
0000
0000
0000
0000
00fa
0000
0000
0000
60ec
0e00
f00f
f40b
0000
0000
0000
7046
0000
00f0
0000
0000
0000
0000
8d01
0000
0b00
0000
ffff
0000
0000
1900
0000
ff00
0000
eadf
0000
0000
0000
00f0
5f00
00f0
0000
0000
0000
0000
0000
0000
f01f
0300
0000
0000
0000
0000
0000
ff01
0000
0000
0000
0000
0000
0000
40bf
0000
0000
0000
0000
f10e
0000
00f1
0000
0000
0000
0000
0c00
00ff
0000
0000
0000
0000
0000
0000
0000
0000
0000
0000
0000
0000
0000
0000
0000
0000
0000
0000
0000
0000
0500
0000
0100
0000
0000
0000
0000
ff00
0080
0000
0000
0000
0000
0000
0f00
00ff
710d
0000
0000
0000
5f00
0000
0040
0000
0000
0000
0000
ff06
00d2
ed00
e502
0030
0000
0000
0000
0000
ca9f
0000
0000
0000
0000
0000
f908
ff00
a09f
0000
0000
0000
0000
0000
0e00
f61c
0000
0000
0000
0000
0000
0000
0900
0000
0000
0000
0080
00ff
0000
0000
0000
0000
0000
8488
ff00
0040
00ff
0000
0000
0000
ef8a
0e00
ffff
ef01
0000
0000
0000
0000
0000
8888
0000
0000
0000
0000
00ff
0000
0000
0000
0000
0000
0000
0000
0000
0000
0000
0000
0000
0000
0000
00f7
ff00
0070
0000
0000
0000
0000
0000
0000
0000
0000
0000
0000
bf00
707f
f00f
f609
00f0
0000
0000
f00f
5fff
00f0
0000
0000
0000
0000
10c7
f40c
f00f
00fa
0000
0000
0000
ecff
0000
fc9d
ff00
0000
0000
0000
ee8c
0000
0000
0700
6fc7
0000
0000
ffff
0000
ffff
0000
0000
0000
0000
1800
00d0
ef18
0000
fdbe
0000
0000
0f00
0000
0000
0000
0000
0000
0000
0000
0000
0f00
fe02
0400
0000
0000
0000
0000
0000
f21c
0000
0000
0000
0000
00f5
ef00
f1dc
0070
0000
0000
0000
1e00
0000
fc07
0000
0000
0000
0000
0000
00fb
0000
0000
0000
0000
0000
0000
00fb
0000
8888
0000
0000
f0ff
0000
0000
0000
0000
0f00
0000
0000
0000
d01f
0000
f905
0000
0000
0f00
0000
0f00
0000
f00f
0000
0000
0000
0020
2f00
0000
0000
0000
0000
0000
0000
0000
0000
0000
00ff
0000
0000
0000
0000
0000
0000
0000
0000
0000
0000
0000
ffbf
0000
0000
0000
0000
0f00
00c0
f00f
0000
0000
0000
0000
0000
f3bf
0f00
00fc
0000
0000
0000
0000
aed8
0000
ff06
0000
0000
0000
0000
c99f
0000
0010
0000
0000
0000
0000
8f08
0000
f00f
0000
0000
0000
0000
0000
00ff
fb08
0000
0000
0000
0000
0000
ff00
0f00
0000
0000
0000
0000
0000
0000
0000
0000
0000
0000
0000
0000
f00f
0000
00f0
0000
0000
0f00
00f6
f80f
0000
0000
0000
0000
0000
0000
0000
0000
0000
0000
0000
0000
fd9e
e02f
ff00
00f0
0000
0000
0000
9ed1
0000
0000
0000
0000
0000
0000
0600
00b0
00f6
0000
0000
0000
0000
0f00
00fb
f00f
0000
00f0
0000
0000
0000
ff00
0c00
00ff
0000
0000
0000
0000
0000
0000
0000
0000
0000
0000
0000
00f2
0000
daef
0000
0000
0000
0000
0f00
0000
be02
0000
0000
0000
0000
0f00
00ff
4c00
0000
0000
0000
0000
0000
00ec
0000
0000
0000
0000
0000
a05f
b03e
0000
0000
0000
0000
0000
0000
ff08
0000
0000
0000
0000
0000
00f5
3f00
0000
d1bf
0000
0000
0000
30ef
0000
0088
0000
0000
0200
0000
00f0
0000
0000
0000
0000
0000
0000
00f0
0000
0000
0000
0000
0500
0000
0e00
0000
f00f
0000
0000
0000
0000
0000
efb9
0000
0000
0000
0000
0000
0000
0000
0000
0000
0000
0000
0000
0000
0000
0000
a00f
a00f
0000
0000
0000
aa0f
0000
0000
0000
0000
0000
4c04
ad03
0000
0000
0100
f308
1001
0300
0000
ce03
ef05
0100
0000
0000
2a00
4f00
a00f
0000
0000
a00f
0000
0000
0000
0000
7e00
c00d
c00d
5f00
0000
e108
3f00
2f00
e107
0000
0000
2f07
5001
0000
0000
0000
0000
0000
0000
0000
0000
0000
0000
600f
0000
0000
0000
0000
0000
0000
0000
0000
0000
0000
0000
0000
0800
f402
00ab
0000
4c00
a00f
b00e
0000
0000
de07
0000
0000
0000
0000
6d00
0000
2e00
0000
0000
5c00
0000
4005
0000
0000
0000
0900
ff0f
0000
0000
ff02
fa09
4006
0000
0000
1900
a80f
c00e
0000
0000
ff0f
0000
0700
0000
0000
4b00
ea03
a00f
0000
0000
4c00
a00e
0100
0000
0000
0000
3004
0000
0000
0000
0000
3004
0000
600f
0000
0000
0000
af04
0000
0000
0000
ff0f
3303
0000
0000
0000
710d
0500
0000
0000
7d00
0000
0900
0000
0000
0000
9007
100e
bb00
0000
0000
0e00
ff06
0000
0000
ff0f
a00f
a00f
0000
0000
0800
b00f
d00c
0000
0000
ff0f
a00f
a00f
0000
0000
ff0f
a00f
a00f
0000
0000
ff0f
a00f
a00f
0000
0000
0700
a00f
d00d
0000
0000
a00f
a00f
a00f
0000
0000
fa00
fa00
fa00
0000
0000
0000
0000
4006
0000
0000
a00f
a10f
a00f
0000
0000
a00f
a00f
a00f
0000
0000
f50f
a90f
a00f
0000
0000
d10f
a40f
a00f
0000
0000
0700
b00e
d00c
0000
0000
ff0f
a00f
a00f
0000
0000
0700
b00e
d00c
0000
0000
ff0f
a00f
a00f
0000
0000
2a00
fb04
6008
0000
0000
ff0f
0000
0000
0000
0000
a00f
a00f
b00e
0000
0000
209f
f802
0a00
0000
0000
309f
f109
9e00
0000
0000
d02e
0700
3f00
0000
0000
e10d
0b00
0000
0000
0000
ff0f
0000
8f00
0000
0000
a00f
a00f
a00f
a10f
0000
107f
e900
0600
0000
0000
fa00
fa00
fa00
fa01
0000
3f00
900d
0000
0000
0000
0000
0000
0000
ff0f
0000
ba01
0000
0000
0000
0000
0000
fb03
f80b
0000
0000
a00f
fa0f
a00f
0000
0000
0000
ec02
b00e
0000
0000
0000
fd03
b00e
0000
0000
0000
eb02
c00e
0000
0000
4f00
bf04
af00
0000
0000
0000
fd03
b00e
0000
0000
a00f
e90f
a00f
0000
0000
3004
a00f
a00f
0000
0000
4300
fa00
fa00
f901
0000
a00f
a00f
b50f
0000
0000
a00f
a00f
a00f
0000
0000
0000
e80f
a00f
0000
0000
0000
e80f
a00f
0000
0000
0000
ed02
b00e
0000
0000
0000
e90f
a00f
a00f
0000
0000
fd02
b00e
0000
0000
0000
f80f
a00f
0000
0000
0000
fa05
0000
0000
0000
0000
bf04
af00
0000
0000
0000
a00f
a00f
0000
0000
0000
801f
9d00
0000
0000
0000
703f
f701
0000
0000
0000
f308
5f00
0000
0000
0000
903f
9e00
1e00
0000
0000
4404
4f00
0000
0000
9f00
f901
f801
ae00
0000
a00f
a00f
a00f
a00f
0000
f307
eb00
eb00
f406
0000
0000
0000
0000
0000
0000
0000
0000
0000
0000
0000
0000
0000
0000
0000
4f00
0000
0000
0000
0000
0000
4ac2
0000
0030
0000
0000
1b00
0000
0040
0000
9ef6
0000
0000
3e40
0000
0000
0000
0000
0000
0000
0020
0000
0000
0000
0000
0000
0000
b281
0000
0000
0f00
0000
0000
0000
0000
0000
0000
0000
0000
0000
0000
0000
0000
00e3
0000
0000
0000
0000
0410
0000
0061
0000
0000
0000
0000
703e
0000
10ea
0000
00a0
0000
0000
ffff
0000
b0ff
1f00
0080
0000
0000
0420
0000
ffff
0000
0000
0000
0000
0630
0000
00d7
0c00
0060
0000
0000
0000
0000
0000
0000
0000
0000
0000
20e8
0000
0000
0200
0000
0000
0000
7d02
0000
00b2
0000
0000
0000
e107
e014
0000
00f3
0000
104f
0000
0000
0010
0000
60ec
4f00
00e6
0000
0000
0010
0000
c0ff
4f00
0020
0000
0000
0010
0000
70fd
4f00
10ae
0000
0010
0010
0000
0000
0400
0000
0000
0000
0400
0000
ca00
4f00
00f4
0000
0000
0010
0000
0000
4f00
4f60
0000
0010
3f10
0000
a2ee
4f00
20be
0000
0000
2032
0000
a2ee
4f00
60bf
0000
0000
0010
0000
60ec
0000
00d9
0000
0000
4f00
0000
4f00
4f00
00f6
0000
0000
3f5e
0000
c00c
0800
fb03
0000
0000
3e8e
0000
3f00
0000
0000
0000
0000
108e
0000
0000
4f00
0000
0000
0000
401f
0000
0000
0400
0000
0000
0000
0000
0000
0000
0000
0000
0000
0000
0000
0000
0000
0200
00f1
0000
0000
0410
0000
0000
1f00
00b0
0000
0000
0420
0000
0000
1f00
0060
0000
0000
00f1
0000
0000
1f00
00f1
0000
0000
0410
0000
0000
4f00
0000
0000
0000
00f1
0000
0000
4f00
0000
0000
0000
0010
0000
0000
4f00
4f10
0000
0000
0410
0000
0000
1f00
0070
0000
0000
0410
0000
0000
1f00
00f1
0000
0000
0010
0000
0000
3f00
0000
0000
0000
00f1
0000
0000
4f00
00f1
0000
0000
e4f2
0000
0000
1f00
807f
0000
0000
908f
0000
0000
0e00
0000
0000
0000
604f
0000
0030
0a00
0000
0000
0000
0010
0000
0000
0100
0000
0000
0000
1b10
0000
0000
0000
0000
0000
0000
0000
0000
0000
0000
000e
000e
0000
0000
0000
c039
0000
0000
0000
0000
ff3f
ff7f
7038
0000
fc0f
c03e
c370
c000
0000
e039
870f
7000
0000
0000
0e0e
711e
fd1f
0000
0000
0038
0000
0000
0000
0003
001c
0038
000e
0000
0018
0007
0006
0038
0000
801f
0000
0000
0000
0000
e000
ff7f
0000
0000
0000
0000
0000
000c
0000
0000
0000
0000
0000
0000
0000
0000
001c
0000
0000
0006
0018
00c0
0000
f80f
0770
0e38
0000
0000
e001
e000
e000
0000
0000
0778
f001
ff7f
0000
0000
0e38
0700
e003
0000
3800
380e
ffff
0000
0000
001c
3e3c
0e78
0000
0000
0e38
0e78
fc1f
0000
0000
3800
8003
000e
0000
f80f
3c1e
0770
0000
0000
3e3c
0f70
1e78
0000
0000
0000
0000
000e
0000
0000
000e
0000
000e
0000
0000
0300
803f
0000
0000
0000
ff3f
ff3f
0000
0000
0000
fc00
007f
0000
f001
0700
e000
e000
0000
7f00
1e38
e070
c007
0000
fc00
8707
003c
0000
0000
001c
031c
ff1f
0000
7f00
0038
0038
7e00
0000
ff1f
001c
001c
0000
0000
001c
ff1f
001c
0000
0000
001c
001c
001c
0000
7f00
0078
0078
fe00
0000
001c
001c
001c
0000
0000
001c
001c
001c
0000
0000
1c00
1c00
f83f
0000
001c
781c
0f1c
001c
0000
001c
001c
001c
0000
0000
801f
e01c
1b1c
0000
0000
c03b
1e38
0038
0000
7f00
0078
0078
7f00
0000
ff1f
001c
001c
0000
0000
001f
0070
011f
0000
0000
001c
ff1f
001c
0000
fc01
003c
0000
fc01
0000
ffff
e000
e000
0000
0000
001c
001c
000f
0000
0000
011c
8707
f800
0000
0378
0e1c
7007
c001
0000
011e
fc00
8707
0000
0000
011c
fc01
7000
0000
0000
0f00
c003
ff7f
0000
003f
0038
0038
0038
0000
00c0
0018
0006
0000
0000
000e
000e
000e
000e
0000
c00c
0000
0000
0000
0000
0000
0000
0000
0000
0038
0000
0000
0000
0000
0000
0e00
1e70
0000
0000
0038
0338
fe3f
0000
0000
f80f
0070
e003
0000
0700
1f3e
0770
0000
0000
0000
033c
071c
0000
0000
001c
001c
001c
0000
0000
f70f
0770
c703
0000
0038
0f3e
0738
0000
0000
0000
0038
0038
0000
0000
0000
0038
0038
00f8
0070
7870
e079
0f70
0000
0038
0038
0038
0000
0000
0000
0e38
0e38
0000
0000
0000
0738
0738
0000
0000
f80f
0770
e003
0000
0000
0f3e
0338
0038
0000
0000
0f78
0f38
0700
0000
0000
0038
0038
0000
0000
f80f
fc01
e007
0000
0000
001c
001c
0000
0000
0000
0738
0f38
0000
0000
0000
3838
c007
0000
0000
38e0
c618
0107
0000
0000
703c
e00f
0000
0000
0000
3838
e007
000e
0000
0000
e001
fe7f
0000
8007
000c
0070
000c
0000
0018
0018
0018
0018
0000
000c
000e
000c
000c
0000
0000
7e30
0000
0000
0000
0000
0000
0000
0000
0000
0000
0000
3000
0000
0066
0000
0000
3003
0c00
0000
003b
1f00
0000
6000
0000
00e0
3c30
0000
0000
0000
0000
0000
0018
6000
0000
0060
1c00
0000
0000
0300
0000
0000
0000
0000
0000
0000
0000
0000
3000
0000
0010
0000
0000
3060
0000
0000
0003
0000
0030
f07f
0000
0080
0000
0100
00c0
0000
3000
0060
0000
6700
0080
0000
0600
0000
c018
6000
0000
3060
3f00
0000
0000
0000
0000
0000
0000
0000
e001
0000
0000
0000
0000
00e0
0000
7000
0000
0000
1806
f8fd
0000
0c00
0000
fc3f
3000
0000
0330
3800
0000
0130
3f00
0000
0030
0000
0000
0030
0000
0003
1f1e
0000
00ff
0000
1800
0000
0000
0000
0060
0000
1b00
0007
0000
3000
0000
0038
3160
0000
0333
3000
0000
0160
0000
00f8
0030
0000
0007
7330
0000
0006
0630
0000
00f8
0000
0100
0080
0000
3000
0006
0000
0c00
00c0
3060
1960
0000
0c18
1c00
0000
300c
0100
0000
8003
0000
0000
0030
3c00
0000
0004
0000
0000
0018
0600
0000
0000
0000
0000
0000
0000
0000
0000
0000
0000
0030
3000
0000
0000
3000
0000
f038
0f00
0000
3060
0000
0000
0018
0000
0030
f038
0000
0030
0000
3000
0000
0000
0000
0000
0000
3100
0070
0000
3000
0000
0000
30c0
0000
8033
3000
0000
6030
0000
0000
1830
3000
0000
3070
0000
0000
0030
0000
0000
0000
1800
0000
0000
3000
0070
0000
3000
0000
0000
3300
0000
0000
1900
0000
30c0
0300
0000
8003
0000
0000
0060
0600
0000
0020
0000
0000
0018
0000
0030
0000
0000
0000
0000
0000
0000
0030
0000
0000
0000
7f00
0000
0064
0400
0060
0000
3300
0038
0040
0000
0000
00c0
6000
0000
0010
0000
0000
000c
0000
0000
0000
0000
0000
0000
0000
0000
0000
6100
0000
0006
0000
0080
0000
0300
0000
001b
0000
0000
0000
3100
0000
807f
3000
0000
003f
1e00
0000
0000
0000
0000
0000
0000
0000
0000
0000
0000
0007
0000
0000
0000
6680
0000
c030
0000
00c0
0000
6000
0000
1860
0000
0000
0000
3000
0000
1c38
0700
0030
3060
3000
0000
0003
e700
0000
e030
0000
0000
0000
6600
0000
3063
0000
000c
0000
3f00
0000
0c60
0000
0070
0000
3e00
0000
0006
0000
0030
0000
6000
0000
c160
0c00
0030
3060
c000
0000
e07f
6000
0000
00c0
0000
0000
0000
3000
0000
0000
0000
0000
0000
0000
0000
8061
0000
0080
0000
3f00
0000
c01e
0000
0000
0000
3000
0000
0000
1e00
0000
8061
6000
0000
0060
6000
0000
0066
0000
0000
0000
6100
0000
8061
0000
00c0
0000
6000
0000
c031
0000
0000
0000
3f00
0000
00fc
0000
0000
0000
0000
0000
0000
0c00
0000
8073
0000
0000
0000
6000
0000
0060
0000
0000
0000
1800
0000
807f
0000
0000
0000
0000
0020
0000
0000
0000
0008
1009
0024
00c0
0000
0020
0010
0088
0000
0000
0020
0000
0000
0010
0000
0000
0004
0001
001c
0000
0000
0001
005c
00ff
0000
0000
0001
0020
0000
0000
0000
0000
0018
001c
0000
3018
8040
0041
8007
0000
0000
0040
0040
0007
0000
0000
0040
0004
8040
0000
0000
9048
4048
0007
0000
0000
2020
8020
001f
0000
0000
4040
8040
0441
0000
0000
0004
0004
0070
0000
0000
0020
0044
0000
0000
0000
0041
0062
0000
0000
0000
0040
0020
0000
0000
0000
0040
0040
0080
0000
0000
0821
0061
0000
0000
0040
0041
0060
0000
0000
0000
0041
0082
0000
0000
0000
0028
0002
0010
0000
0040
0020
0000
0000
0000
0000
0000
0000
0050
0092
2012
0045
0000
0040
0010
0054
0000
0000
0000
0000
0000
0000
0000
0000
0000
003c
0002
0042
0042
0010
003c
0042
0040
0000
0000
0000
0000
0000
0000
0000
0000
0000
000e
0043
0040
0040
4040
807f
0020
0004
0044
0020
2080
0000
0000
0000
0000
0000
0000
001c
0008
8040
0014
a028
0008
0022
0004
0040
0080
00e0
0000
0000
0000
0000
0000
0000
003c
0066
0040
0040
0042
0042
0040
0040
0040
0040
0000
0000
0000
0000
0040
0002
0000
0038
0040
0042
0044
0049
0028
00c2
00fc
0020
0040
00c0
0000
0000
0000
0040
0000
0050
0000
0000
0000
0080
0020
0000
0000
00e0
0040
0000
0020
0008
0088
0000
0000
0010
0088
0000
0000
0000
0000
0000
0000
0010
0078
0042
0000
0000
0040
0042
0000
0000
0040
0055
0046
0000
003c
0078
0044
0000
0000
0049
0028
0000
0000
0080
0040
0000
0000
0000
00c8
0090
0000
0000
0068
0088
0000
0000
0080
0092
0088
0000
0000
00c0
0090
0000
0000
0092
0050
0040
0000
0040
0020
0000
0000
0000
0000
0000
ffff
ffff
0000
0000
8000
0000
0000
0000
0000
0000
0000
0000
0000
6600
1818
0000
0000
0000
0000
0000
0000
0000
0000
0000
0000
0000
0000
0000
0000
0000
0000
0000
0000
0000
0000
0000
0000
0000
0000
0000
0000
0000
0000
3810
3030
0000
0000
0000
0000
0000
0000
0000
0000
0000
0000
0000
0000
0000
0000
0000
0000
0c00
0000
3800
1000
6000
1800
c600
3018
0000
0000
3000
0000
c600
3800
f800
1800
1800
0000
3c00
0000
0000
c000
0000
4411
77dd
1818
3636
0000
3636
3636
1818
1818
0000
0000
1818
3636
3636
3636
3636
3636
0000
1818
0000
1818
0000
0000
0f0f
0000
0000
0000
0000
0000
0000
0000
0000
0000
0000
0000
0000
3800
0000
d800
0000
0000
3810
ffff
663c
e080
db7f
3c18
0000
0000
7c30
3018
0000
c67c
3c1c
cc78
3018
c67c
6cf8
cccc
60f0
66fc
b4fc
c6c6
60c0
3030
0c1c
60e0
3070
0000
3010
0000
1818
cc78
00cc
c37e
c67c
001c
cc00
cc00
6c38
001c
f800
0030
c6c3
8822
1818
0000
3636
1818
0000
3636
3636
3636
1818
1818
0000
0000
ccfc
30fc
0000
fc00
1b0e
6c38
6c78
04e0