0000
5020
0000
0002
0000
0000
0000
0000
201f
403f
605f
807f
a09f
c0bf
e0df
ffff
ffff
ffff
ffff
ffff
010e
0a09
0010
2207
2928
6a69
a8a7
e3e2
0100
3323
4645
8584
bab9
f6f5
0000
0009
001c
2688
00bf
0808
0808
0808
0808
0001
0808
0808
0808
0808
fbfc
0808
0808
0808
0808
0808
0808
0808
0808
0008
0000
0606
0805
0504
0000
0404
090d
0805
0001
0000
0504
0d09
0e03
0014
0000
0a0a
0d0d
0a0a
0000
160d
1012
0d0e
0003
0000
1212
1a16
1212
3d1c
0000
0808
0406
0503
0000
0606
050b
0409
0010
0000
0c0c
0d0e
0c08
0000
0606
0f15
0d08
0002
0000
0f07
1a11
1b07
0024
0000
1818
1a1b
1515
0000
0000
0000
0000
0000
0000
0000
0000
0000
0000
0000
0000
0000
0000
0000
0000
0202
0605
110e
1d1a
302b
4740
635d
817b
9b96
b5b1
ccca
dede
ebee
eff5
f2f7
f3f8
f4f9
f4f9
f5f9
f5f9
f6fa
f6fa
f6fa
f6fa
f6fa
f6fa
f7fb
f6fa
f7fb
f7fb
f7fb
f7fb
f7fb
f7fb
f7fb
f7fb
f7fb
f7fb
f7fb
f7fb
f7fb
f7fb
f7fb
f7fb
f7fb
f7fb
f7fb
f8fb
f8fb
f8fb
f8fb
f7fb
f7fb
f8fb
f8fb
f8fb
f8fb
f8fb
f8fb
f8fb
f8fb
f8fb
f8fb
0000
0000
0000
0000
0000
0000
0000
0000
0000
0000
0000
0000
0000
0000
0000
0000
0000
0000
0000
0000
0000
0000
0000
0000
0000
0000
0000
0000
0000
0000
0000
0000
0000
0000
0000
0000
0000
0000
0000
0000
0000
0000
0000
0000
0000
0000
0000
0000
0000
0000
0000
0000
0000
f1ff
0000
0000
0000
0000
0f00
0000
0000
0000
f1ff
0000
0000
0000
0000
0f00
0000
0000
0000
0000
0000
0000
0000
0000
0000
0000
0000
0000
f1ff
0000
0000
0000
ff0f
0f00
0000
0000
0000
0000
0000
0000
0000
0000
0000
0000
0000
0000
0000
0000
0000
0000
0000
0000
0000
0000
0000
0000
0000
0000
ff0b
fd2f
0f00
0000
0000
0700
0d00
0000
0000
ffff
00d0
0000
0000
0000
fa5f
0000
0000
0000
0000
0000
0000
0000
0000
f0ff
0000
0000
0000
ff9f
0030
0000
0000
0000
10d7
0100
0000
0000
ff0b
0000
0b00
0000
00c0
ffff
0000
0000
0000
0000
0000
0000
0000
0000
0000
0000
0000
0000
0000
5f00
ff00
0000
0090
0040
0000
0000
00b6
ff0c
bf00
0000
00f0
0000
0000
0000
0000
0000
0000
0000
0000
0000
0000
0000
0000
0000
0000
0080
54fc
0000
0000
0000
ffcf
df01
0000
0000
0200
0100
ff0f
0000
00c0
ef59
ff3c
0000
0000
0000
0000
0000
0000
0000
0000
0000
0000
0000
0000
0000
0f00
0000
0000
0000
0000
0000
0000
0000
0000
0000
0000
0000
0000
0000
0000
0000
0000
0000
0000
0000
0000
0000
0000
0000
0000
0000
f6ff
0000
0000
0000
0000
fbff
0000
0000
0000
0000
0e00
0000
0000
0000
feef
0000
0000
0000
a0ff
0000
0000
0000
0000
0000
0000
0000
0000
0000
0b00
0000
0000
0000
ef00
0000
0000
0000
f0ff
0000
0000
0000
0000
af00
0000
0000
0000
0000
3f00
0000
0000
0000
0000
0000
0000
0000
0000
0000
0000
0000
0000
0000
0000
0000
0080
feff
0000
0000
0000
0000
0000
0000
0000
0000
0000
0000
0000
0000
0000
0000
0000
0000
0000
0000
0000
0000
0000
10ff
0000
0000
0000
0000
ffff
ff00
0000
0000
10ff
0000
0000
0000
0000
0000
0000
0000
0000
0000
0000
0000
0000
0000
0000
0000
0000
0000
0000
0000
0000
0000
0000
0000
0000
0000
0000
0000
0000
0000
0000
0000
0000
ff00
0000
0000
0000
0000
0000
0000
0000
0000
0000
0000
0000
0000
0000
0000
0000
0000
0000
0000
0000
0000
0000
0000
0000
0000
0000
0000
0000
0000
0000
0000
0000
0000
0000
0000
0000
0000
0000
0000
0000
0000
0000
0000
0000
0000
0000
0000
0000
0000
0000
0000
0000
0000
0000
0f00
0000
0000
0000
0000
0000
0000
0000
0000
0000
0000
0000
facf
0000
0000
0000
0000
ff3f
0000
0000
0000
0000
ff09
0000
0000
0000
0000
ef01
0000
0000
0000
0000
0000
0000
0000
0000
0000
0000
0000
83ec
ff2d
0000
0000
ff5f
0000
ff00
0000
00f0
0000
10ff
0000
0000
ffaf
0020
0000
0000
0000
0000
0000
0000
0000
0000
0000
0000
0000
0000
109b
ffff
0000
0000
0000
ff00
0000
0000
0000
10ff
0000
0000
0000
0000
ff00
0000
0000
0000
0000
0000
0000
0000
0000
0000
0000
0000
0000
0000
0000
0000
0000
ff9f
0000
0000
0000
0000
ef02
0000
0000
0000
0000
d2ff
0000
0000
00ff
0000
0000
0000
0000
0000
0000
0000
0000
0000
0000
0000
0000
0000
ffef
0000
0000
0000
0000
ffff
0000
0000
0000
ff01
0000
0700
0000
0000
d9fe
0000
0000
0000
0000
0000
0000
0000
0000
0000
0000
0000
0000
00ff
af00
0000
0000
0000
ff01
ff3f
0000
0000
33ff
ffff
0000
0000
0000
ff01
0000
0000
0000
0000
0000
0000
0000
0000
0000
0000
0000
0000
feff
0090
0000
0000
0000
ffff
ffff
0000
0000
ff1f
0000
0e00
0000
0000
ffff
0200
0000
0000
0000
0000
0000
0000
0000
0000
0000
0000
0000
f7ff
e8ff
0000
0000
0000
ecdf
f8ff
0000
0000
ff05
0000
0b00
0000
00f2
8e44
0600
0000
0000
0000
0000
0000
0000
0000
0000
0000
0000
0000
ffff
ffff
0000
0000
0000
ff0a
0000
0000
0000
0000
ff0d
0000
0000
0000
0010
0000
0000
0000
0000
0000
0000
0000
0000
0000
0000
0000
0000
0000
ffff
0100
0000
00e0
0000
feff
0000
0000
c1ff
0000
cf00
0000
00e0
0100
ffff
0000
0000
0000
0000
0000
0000
0000
0000
0000
0000
0000
0000
ee9d
0000
0000
0010
0000
10ff
0000
0000
ffff
ffff
0000
0000
00c0
0200
0022
0000
0000
0000
0000
0000
0000
0000
0000
0000
0000
0000
0000
0000
0000
0000
0000
0000
f1ff
0000
0000
0000
0000
0000
0000
0000
0000
0000
0000
0000
0000
0000
0000
0000
0000
0000
0000
0000
0000
0000
0000
0000
0000
0000
0000
f1ff
0000
0000
0000
0000
0000
0000
0000
0000
0000
0000
0000
0000
0000
0f00
0000
0000
0000
0000
0000
0000
0000
0000
0000
0000
0000
0000
0000
0000
0000
00f8
ffcf
1700
0000
0000
0000
7e01
0000
0000
0045
0000
0000
0000
0000
0000
0000
0000
0000
0000
0000
0000
0000
0000
0000
0000
0000
0000
ffff
3333
0000
0000
0000
ffff
0000
0000
0000
0000
0000
0000
0000
0000
0000
0000
0000
0000
0000
0000
0000
0000
0000
0000
0000
0000
0000
0000
0040
0800
0000
0000
0400
0000
0000
0000
0000
0000
0000
0000
0000
0000
0000
0000
0000
0000
0000
0000
0000
0000
c3ff
f9ff
0000
0000
00fe
0000
0000
0000
0000
0050
0d00
0000
0000
0000
f1ff
0000
0000
0000
0000
0000
0000
0000
0000
0000
0000
0000
0000
ff9e
0000
0000
0100
0000
0000
0e00
0800
ff00
e0ff
00f1
e0df
0080
0000
2f00
0e00
b2ff
0000
0000
4f00
0000
00b1
0000
0000
0000
0000
0000
0000
0000
0000
0000
00f6
ff6f
0000
0000
0000
0000
ff0a
0000
0000
0e00
0000
df00
0000
ff0a
0000
0000
0000
0000
0000
0000
0000
0000
0000
0000
ffff
0000
0000
bf00
0000
0f00
0000
00c1
ffff
f1ff
0000
00b0
0000
0000
0f00
0000
00d5
0000
0000
0000
0000
0000
0000
0000
0000
0000
0000
0000
0000
0000
ff07
0000
7f00
0000
0000
0000
10ff
0000
0000
0100
0000
0400
0000
0090
ecef
0000
0000
0000
0000
0000
0000
0000
0000
0000
0000
0000
0000
ffff
0000
0f00
0000
ff4f
0000
f1ff
0000
00f0
0000
0000
0f00
0000
00f6
ffff
0000
0000
0000
0000
0000
0000
0000
0000
0000
0000
0000
0000
ffff
0000
0f00
0000
0000
0000
ffff
0000
0000
0000
0000
0f00
0000
0000
ffff
ffff
0000
0000
0000
0000
0000
0000
0000
0000
0000
0000
0000
ffff
3333
0f00
0000
0000
0000
f1ff
0000
0000
0000
0000
0f00
0000
0000
0000
f1ff
0000
0000
0000
0000
0000
0000
0000
0000
0000
0000
0000
20a7
ffff
0000
0000
feff
0000
10ff
0000
0010
ffff
0000
cf00
0000
ffff
0000
af00
0000
0000
0000
0000
0000
0000
0000
0000
0000
0000
0000
0000
0000
0f00
0000
ff01
0000
f1ff
0000
00ff
ffff
0000
0f00
0000
ff01
0000
f1ff
0000
00ff
0000
0000
0000
0000
0000
0000
0000
0000
0000
0000
0010
0000
0000
0000
0000
ffff
0000
0000
0000
0010
0000
0000
0000
0000
ffff
0000
0000
0000
0000
0000
0000
0000
0000
0000
0000
0000
0000
0000
0000
0000
0010
0000
0000
0000
0000
ffff
0000
0000
0000
0010
0200
a0ff
0000
0000
0000
0000
0000
0000
0000
0000
0000
0000
0000
0000
0000
0f00
0000
20fe
0300
f1ff
0000
0000
0000
ffff
0f00
0000
0000
cf00
f1ff
0000
0000
0500
0000
0000
0000
0000
0000
0000
0000
0000
0000
0000
0000
0000
0000
0000
f1ff
0000
0000
0000
0000
0f00
0000
0000
0000
f1ff
0000
0000
ffff
ffff
0000
0000
0000
0000
0000
0000
0000
0000
0000
0000
0000
0000
0000
ffff
0010
f7ff
0000
ff09
0f00
ffff
feaf
fbdf
f1ff
0010
0000
ffff
0000
0000
0000
0000
0000
0000
0000
0000
0000
0000
0000
0000
ff01
0000
ffff
0000
00ff
0000
ef01
0f00
0000
ff01
7f00
f1ff
0000
00ff
1d00
0000
0f00
0000
0000
0000
0000
0000
0000
0000
0000
0000
0000
0000
ffff
ff0a
0000
00a0
0000
0000
ff00
0000
ff01
0000
30ff
0000
00f2
0800
e9ff
0000
0000
0000
0000
0000
0000
0000
0000
0000
0000
0000
0000
feff
ffff
0000
0000
0300
0000
0f00
0000
50ff
ffff
f1ff
0000
0000
0000
0000
0f00
0000
0000
0000
0000
0000
0000
0000
0000
0000
0000
0000
0000
0400
0000
0000
0000
0000
df00
0000
ff01
0000
10ff
0000
00fa
0000
0070
0000
0000
ef03
0000
0000
0000
0000
0000
0000
0000
0000
0000
0000
ffff
0000
0000
0c00
0000
0f00
0000
c0ff
ffff
ffff
0000
0000
0200
0000
0f00
0000
ffaf
0000
0000
0000
0000
0000
0000
0000
0000
0000
0000
0000
0000
0000
ef05
0030
0000
0000
0000
a6fe
0000
0000
0000
0300
0000
0400
0000
00f6
edef
0000
0000
0000
0000
0000
0000
0000
0000
0000
0000
0000
00f0
3333
1f00
0000
0000
0000
f0ff
0000
0000
0000
0000
1f00
0000
0000
0000
f0ff
0000
0000
0000
0000
0000
0000
0000
0000
0000
0000
0000
00f1
0000
0000
0f00
0000
ff0f
0000
f1ff
0000
00f1
0000
0000
0a00
0000
f6ff
ffff
0000
0000
0000
0000
0000
0000
0000
0000
0000
0000
0000
0000
0000
0000
8f00
0000
e0ff
0000
ff0e
0000
0000
faff
f9ff
0000
0000
0000
ffff
0000
0000
0000
0000
0000
0000
0000
0000
0000
0000
0000
0000
ffff
0000
ff02
ff03
20ff
ff07
faff
0060
0210
0000
0df3
0000
40ff
4f00
00d0
0a00
0000
0000
0000
0000
0000
0000
0000
0000
0000
0000
0000
0000
0000
0300
0000
00e2
0b00
0000
0000
0000
0020
ff0a
0000
0000
0090
0000
ffff
0000
00e2
0000
0000
0000
0000
0000
0000
0000
0000
0000
0000
0000
ef01
0000
90ff
0000
ff03
0000
0000
00fb
ff06
0000
0000
0000
f1ff
0000
0000
0000
0000
0000
0000
0000
0000
0000
0000
0000
0000
0000
0000
ff00
0000
10fd
0100
0000
0000
0000
0000
ff02
0000
0000
0000
0000
ffff
0000
0000
ffff
0000
0000
0000
0000
0000
0000
0000
0000
0000
f0ff
0f00
0000
0000
0000
f1ff
0000
0000
0000
0000
0f00
0000
0000
0000
f1ff
0000
0000
0000
0000
0f00
0000
0000
0000
0000
0000
0000
0000
0000
0000
0000
0000
0000
f1ff
0000
0000
0000
00fb
0000
0000
0000
0050
0000
0000
0000
0000
0100
0000
0000
0000
0000
0000
0000
0000
0000
00f1
ff0f
0000
0000
0000
ff0f
0000
0000
0000
00f1
0000
0000
0000
0000
ff0f
0000
0000
0000
00f1
0000
0000
0000
0000
0000
0000
0000
0000
0000
0000
0000
0000
0000
ff07
0000
0000
0000
0d00
ff02
0000
0000
0000
0000
0000
0000
0000
0000
0000
0000
0000
0000
0000
0000
0000
0000
0000
0000
0000
0000
0000
0000
0000
0000
0000
0000
0000
0000
0000
0000
0000
0000
0000
0000
0000
0000
0000
0000
0000
0000
0000
0000
0000
0000
0000
0000
0000
0000
ff09
0000
0000
0000
0000
0000
0000
0000
0000
0000
0000
0000
0000
0000
0000
0000
0000
0000
0000
0000
0000
0000
0000
0000
0000
0000
0000
0000
0000
0000
0000
ffff
0200
0000
0000
0100
ff2a
0000
0000
ffff
0000
4f00
0000
0070
0000
0000
0000
0000
0000
0000
0000
0000
0000
0000
f1ff
0000
0000
0000
8c02
0f00
0000
00d0
0000
f1ff
0000
0000
ff04
0000
0f00
0000
0000
0000
0000
0000
0000
0000
0000
0000
0000
0000
0000
0000
0000
0000
0000
0000
0000
0000
0000
0400
40ff
0000
0000
0000
0000
0d00
0000
0000
82ec
0000
0000
0000
0000
0000
0000
0000
0000
0000
0000
0000
0000
ff1f
0000
0000
0000
00f0
0000
a0ff
0000
0000
ff1f
0000
7f00
0000
00f0
f9ff
0000
0000
0000
0000
0000
0000
0000
0000
0000
0000
0000
0000
0000
0000
0000
0000
0000
6f00
c0ff
0000
0000
ffff
0000
8f00
0000
0000
ffff
0100
0000
0000
0000
0000
0000
0000
0000
0000
0000
0000
0000
0000
00f1
0000
0000
0000
0030
ff1f
0000
0000
0000
00f0
0000
0000
0000
0000
ff1f
0000
0000
0000
0000
0000
0000
0000
0000
0000
0000
0000
0000
0000
0000
0000
00f0
ffff
ffff
0000
0000
ff1f
0000
ef00
0000
00f0
0900
ff4f
0000
0000
ff6f
0000
0000
0000
0000
0000
0000
0000
0000
0000
0000
0f00
0000
0000
ffff
feff
0000
0000
ff0f
0000
0f00
0000
00f1
0000
f1ff
0000
0000
0000
0000
0000
0000
0000
0000
0000
0000
0000
0000
0000
0000
0000
0000
0000
f1ff
0000
0000
0000
0000
0f00
0000
0000
0000
f1ff
0000
0000
0000
0000
0000
0000
0000
0000
0000
0000
0000
0000
00f1
0000
0000
0000
0000
ff0f
0000
0000
0000
00f1
0000
0000
0000
0000
ff0f
0000
0000
0000
00f1
0000
0000
0000
0000
0000
0000
0000
0000
0000
0f00
0000
0000
0000
f1ff
0000
0000
0080
7f00
0f00
0000
0000
f9ff
f1ff
0000
0000
ffff
0000
0000
0000
0000
0000
0000
0000
0000
0000
0000
0f00
0000
0000
0000
f1ff
0000
0000
0000
0000
0f00
0000
0000
0000
f1ff
0000
0000
0000
0000
0000
0000
0000
0000
0000
0000
0000
0000
0000
0000
0000
0000
0000
0000
0000
ffff
f6ff
0000
0f00
ff1f
0010
0000
f1ff
00f1
0000
ffff
0000
0000
0000
0000
0000
0000
0000
0000
0000
0000
0000
0000
0000
0000
0000
0000
0000
f4ff
0070
0f00
0000
00f0
0000
f1ff
0000
0000
ff1f
0000
0f00
0000
0000
0000
0000
0000
0000
0000
0000
0000
0000
0000
0000
0000
0000
0000
00e6
64fc
0b00
0000
00fb
0000
10ff
0000
0000
ff9f
64fc
0000
0000
0000
0000
0000
0000
0000
0000
0000
0000
0000
0000
0000
0000
0000
0000
0050
ffff
0f00
0000
00f8
0000
f1ff
0000
0000
ff0d
0060
0f00
0000
0000
0000
f1ff
0000
0000
0000
0000
0000
0000
0000
0000
0000
0000
0000
0000
ffff
0000
0000
00f0
0000
20ff
0000
0000
ff1f
0000
0100
0000
00f0
0000
0000
0000
0000
ff1f
0000
0000
0000
0000
0000
0000
0000
0000
0000
9d02
0f00
0000
0000
0000
f1ff
0000
0000
0000
0000
0f00
0000
0000
0000
0000
0000
0000
0000
0000
0000
0000
0000
0000
0000
0000
0000
0000
0000
0000
0000
0000
1f00
fdff
0000
0000
e2ff
0000
bf00
0000
0000
94ec
0000
0000
0000
0000
0000
0000
0000
0000
0000
0000
0000
0000
0000
00f0
ff0f
0000
0000
0000
ff1f
0000
0000
0000
00f0
0000
0000
0000
00f1
0000
0000
0000
0000
0000
0000
0000
0000
0000
0000
0000
0000
0000
0000
0000
0000
00f1
0000
f1ff
0000
0000
ff0f
0000
0d00
0000
00f1
ffff
0600
0000
0000
0000
0000
0000
0000
0000
0000
0000
0000
0000
0000
0000
0000
0000
0000
0c00
d0ff
0000
0000
00a0
00f2
0000
0000
0000
00f8
0000
0000
0000
0000
0000
0000
0000
0000
0000
0000
0000
0000
0000
0000
0000
0000
0000
ff08
30ff
0000
ff2f
ff3f
4f00
0000
0000
5fff
0010
5f00
0000
0000
0000
0000
0000
0000
0000
0000
0000
0000
0000
0000
0000
0000
0000
0000
af00
fbff
0000
0000
0000
ffff
0000
0000
0000
ffaf
f9ff
0000
0000
0000
0000
0000
0000
0000
0000
0000
0000
0000
0000
0000
0000
0000
0000
0200
00fd
0000
0000
00fd
0020
0000
0000
0000
a0ff
0b00
0000
0000
0000
f7ff
0000
0000
0000
0000
0000
0000
0000
0000
0000
0000
0000
0000
0000
ffff
0000
0000
0050
bf00
0000
0000
0000
0000
ffff
0000
0000
ffff
0000
0000
0000
0000
0000
0000
0000
0000
0000
ef05
0000
0000
0000
0000
ff00
0000
0000
0000
00f4
ff08
0000
0000
0000
ff00
0000
0000
0000
40ff
0000
0000
0000
00a7
0000
0000
0000
0000
0000
0000
0000
0000
0000
f1ff
0000
0000
0000
0000
0f00
0000
0000
0000
f1ff
0000
0000
0000
0000
0f00
0000
0000
0000
0000
0000
0000
0000
0000
ff0d
0000
0000
0000
ff2f
0000
0000
0000
00f3
0000
0000
0000
0010
ff0a
0000
0000
0000
00f0
0000
0000
0000
0000
0000
0000
0000
0000
0000
0000
0000
0000
0000
0000
0000
0000
0000
0000
0000
0000
5f00
ff6e
00cd
0000
0000
0000
0000
0000
0000
0000
0000
0000
0000
0000
0000
0000
0000
0000
0000
0000
0000
0000
0000
0000
0000
0000
0000
0000
0000
0000
0000
0000
0000
0000
0000
0000
0000
0000
0000
0000
0000
0000
0000
0000
0000
0000
0000
0000
0000
0000
0000
0000
0000
0000
0000
0000
0000
0000
0000
0000
0f00
0000
0000
0000
00ff
0000
0000
0000
0000
0000
0000
0000
0000
0000
0000
0000
0000
0000
0f10
0000
0000
0000
0000
0000
0000
0000
0000
0000
0000
0000
0000
0000
0d00
f60e
0000
0000
0500
0060
0000
50ff
0030
0000
0000
0000
0000
0000
0000
00f8
0000
0f00
0000
0000
0000
0000
ff0f
0000
0000
f0ff
0000
0000
0000
0000
0000
2e00
e06f
00e1
0000
0000
ff23
00fd
0000
0000
d8df
0000
0000
0000
0000
0000
0000
0000
0000
40ff
0010
0000
ff04
ef03
0020
0000
0000
0000
0000
0000
0000
0000
0000
00f0
0000
0000
0000
0000
0000
0000
0000
0000
0000
0000
0000
0000
0000
1c00
0000
0000
0e00
0000
0000
0000
00f1
0000
0000
0600
0000
0000
0000
0000
0000
0000
0a00
0000
0000
0000
ff01
0000
0000
0000
0010
0000
0000
0050
0000
0000
0000
0000
0000
0000
ff00
0000
0000
0900
0024
0000
0000
0000
0000
0000
0000
0000
0000
0000
0000
0000
0000
0000
ffff
0000
0000
0f00
0000
0000
0000
0000
0000
0000
0000
0000
0000
0000
0000
0000
0000
0000
0000
0000
ff00
0000
0000
0000
0000
0000
0000
0000
0000
0000
0000
0000
0000
0000
0000
0000
0000
0000
0000
0000
0000
0000
0000
0000
0000
0000
0000
0000
0000
0000
0000
0000
0000
0000
0000
0000
0000
0000
0000
0000
0000
0000
0000
0000
0000
0000
00f1
0000
0000
0000
0000
0000
0000
0000
0020
0000
bf00
0000
0000
0000
00f0
fb3f
0000
0000
0000
0000
0000
0000
0000
0000
0f00
f0ff
0000
0000
0000
0000
0000
0000
f0ff
0000
0000
0000
0000
0000
0000
0000
0000
0000
0070
50ff
0000
0000
00f4
0000
0000
0000
0000
0000
0000
0000
0000
0000
e9ff
d0ff
0000
0000
9e66
0000
0000
30fe
10fa
0000
0000
0000
0000
0000
0000
00f0
0000
0000
ff30
0000
0000
6686
ffff
0000
0000
0000
0000
0000
0000
0000
0000
0700
0000
0000
0000
00f9
c0ff
0000
cf00
ff69
0000
0000
0000
0000
0000
0000
0000
0000
0000
00f2
00c3
0000
ff00
0000
0000
0000
0000
0000
0000
0000
0000
0000
0000
6666
50ff
0000
0000
40ff
0000
0000
ef00
0000
0000
0000
0000
0000
0000
0000
0071
0000
0f00
0000
0000
0000
00f2
fe1f
0000
0000
0000
0000
0000
0000
0000
0000
0800
4f00
0000
0000
00e3
f0ff
0000
0000
ff8e
0000
0000
0000
0000
0000
0000
0000
0000
0000
00f0
0000
0000
0000
0000
0000
0000
0000
0000
0000
0000
0000
0000
0000
0000
0000
0000
0000
0000
0000
0000
00f0
0000
0000
0000
0000
0000
0000
0000
0000
0000
0000
3a00
0000
0000
93ff
0020
0000
0000
0000
0000
0000
0000
0000
0000
0000
0000
0000
0000
0000
0000
0000
0000
0000
0000
0000
0000
0000
0000
0000
0000
0000
0000
0000
0000
0000
0000
ffef
0000
0000
0000
0000
0000
0000
0000
0000
0000
86fd
00fd
0000
0000
80ff
0000
0000
0000
0000
0000
0000
0000
0000
0000
0000
eecd
70ff
0000
0a00
fa0b
c02f
0030
0000
0900
0800
0010
f79c
0000
0000
0000
0000
0000
ffff
0000
0000
f93f
f93f
0000
bf00
0000
b0ff
0000
0000
0000
0000
0000
0000
0000
0000
00f0
fbaf
0000
ff00
0000
00fb
0000
0000
0000
0000
0000
0000
0000
0000
ff7f
0b00
0000
ff00
0000
0000
0000
f6ff
fcff
0000
0000
0000
0000
0000
0000
20b8
0000
0f00
0000
ff0f
0000
00ff
0100
0000
0f00
0000
0000
0000
0000
0000
0000
ff00
0000
0000
0000
ffff
0000
0000
ff00
6666
0000
0000
0000
0000
0000
0000
0000
0000
0000
00f0
0000
0000
ff00
0000
0000
0000
0000
0000
0000
0000
0000
0000
0000
ff8f
0900
0000
ff00
3f00
f0ff
0000
f7ff
ffff
0000
0000
0000
0000
0000
0000
0000
0000
0f00
0000
ff6f
0000
00ff
0000
0000
0f00
0000
0000
0000
0000
0000
0000
0f00
0000
0000
0000
00ff
0000
0000
0f00
0000
0000
0000
0000
0000
0000
0000
0000
0000
0000
0000
00ff
0000
0000
0f00
0000
0000
0000
0000
0000
0000
0000
0000
0000
00f0
70ff
0000
ff00
60ff
0000
0000
00f0
ef02
0000
0000
0000
0000
0000
0000
0000
0000
0f00
0000
0000
0000
00ff
0000
0000
0f00
0000
0000
0000
0000
0000
0000
ff00
0000
ef00
0000
0af0
0b00
ff0f
ff00
1e00
0000
0000
0000
0000
0000
0000
0000
ff0f
0000
2eff
0000
0000
0f00
0000
ffff
0000
0000
0000
0000
0000
0000
0000
0000
ff6f
0800
0000
ff00
0000
fe1f
0000
f6ff
fdff
0000
0000
0000
0000
0000
0000
30c9
0000
ff00
0000
00f4
0000
00f0
0000
0000
ff00
0000
0000
0000
0000
0000
0000
0000
0000
f5df
0000
00f0
0000
0000
0d00
66d8
ff4e
0000
0000
0000
0000
0000
0000
0000
0000
00f0
ff09
0000
ff00
0000
00f0
0000
0000
0000
0000
0000
0000
0000
0000
fecf
9f00
0000
0000
ffae
00f4
0000
81ff
f8ff
0000
0000
0000
0000
0000
0000
ffff
0000
0000
f0ff
0000
0000
0000
0000
0000
0000
0000
0000
0000
0000
0000
0000
ff00
0000
f0ff
0000
00f0
0000
0000
6f00
67a7
0000
0000
0000
0000
0000
0000
0000
b0ff
0000
00fd
ff0e
0000
0000
6fe1
0000
0000
0000
0000
0000
0000
0000
0000
0000
0050
ffff
ff08
2f00
f93f
71ff
0000
ff0e
0000
0000
0000
0000
0000
0000
0000
5f00
0000
0000
8ff3
0000
0000
ff03
f3ff
0000
ff0a
0000
0000
0000
0000
0000
0000
ff0c
0000
0000
0000
df00
0010
0000
0000
f0ff
0000
0000
0000
0000
0000
0000
0000
0000
0000
0000
0000
0000
0000
0000
0000
0000
0000
0000
0000
0000
0000
0000
0000
00f0
0000
0000
ff00
0000
0000
0000
00f0
0000
0000
ff00
0000
0000
0000
0000
0000
0000
5f00
0000
0000
0000
ef00
0000
0000
0000
ff09
0000
0000
0000
0000
0000
0000
0000
0000
0000
f0ff
0000
0000
0000
0000
0000
0000
f0ff
0000
0000
0000
0000
0000
0000
08f7
0000
0000
0000
0000
0000
0000
0000
0000
0000
0000
0000
0000
0000
0000
0000
0000
0000
0000
0000
0000
0000
0000
0000
0000
0000
0000
0000
0000
0000
0000
0000
0000
0000
0000
0000
0000
0000
0000
0000
0000
0000
0000
0000
0000
0000
0000
0000
0000
0000
f0ff
0000
ef00
fc8c
0000
0000
0000
0000
0000
0000
0000
0000
0000
fff6
d0ff
0000
ff00
0000
0000
0000
0000
0000
0000
0000
0000
0000
0000
0000
0000
0000
ff04
0000
0000
0000
00f8
00b1
0000
0000
0000
0000
0000
0000
f0ff
0000
0000
ef69
0000
0000
0000
f0ff
0000
0000
0000
0000
0000
0000
0000
0000
0000
0000
0000
0000
0060
f0ff
0000
ff04
7b66
0000
0000
0000
0000
0000
0000
f3ff
0000
0000
ffff
0000
0000
0000
0000
0000
0000
0000
0000
0000
0000
0000
0000
0000
0000
0000
0000
5f00
0000
0000
0000
60ff
ff7f
0000
0000
dafe
0000
0000
00f0
0000
0000
ff00
df68
0000
0000
00f0
f0ff
0000
ff00
0000
0000
0000
0000
0000
0000
0000
0000
0000
0000
00f0
0000
0000
ff00
0000
0000
0000
0000
0000
0000
0000
0000
0000
0000
f0ff
0000
0000
0000
0000
0000
0000
f0ff
0000
0000
0000
0000
0000
0000
00f0
0000
0000
ff00
60ff
0000
0000
00f0
70ff
0000
0000
0000
0000
0000
00f0
0000
0000
ff00
0000
0000
0000
00f0
0000
0000
ff00
0000
0000
0000
0000
0000
0000
0000
0000
df29
0010
00f0
f0ff
ff00
ff00
0000
0000
0000
0000
0000
0000
0000
0000
0000
0000
efc3
90ff
0000
ff00
0000
0000
0000
0000
0000
0000
0000
0000
0000
0000
0000
0000
0000
ff04
0000
0000
0000
00f9
00d3
0000
0000
0000
0000
0000
0000
0000
0000
ff00
cf67
0000
0000
00f0
fb5f
0000
ff00
0000
0000
0000
0000
0000
0000
0000
0000
0000
0000
0070
f0ff
0000
ff07
ef68
0000
0000
0000
0000
0000
0000
0000
0000
0000
ffc7
0000
0000
ff00
0000
0000
0000
0000
0000
0000
0000
0000
0000
0000
0000
0000
0000
ef00
0000
0000
0000
00fa
00e5
0000
0000
0000
0000
0000
0000
0000
0000
ff0f
0066
0000
0000
f0ff
0000
0000
0000
0000
0000
0000
0000
0000
0000
0000
0000
0000
0000
00f0
f0ff
0000
bf00
ed69
0000
0000
0000
0000
0000
0000
0000
0000
0000
0030
00fd
0000
0400
f54f
0000
0000
0000
0000
0000
0000
0000
0000
0000
0000
0000
40ff
ff01
f17f
ff05
0000
ff8f
0e00
0000
0000
0000
0000
0000
0000
0000
0000
ff0c
ff03
0000
0000
ff08
0000
0000
ff1e
0000
0000
0000
0000
0000
0000
0000
0000
0000
0000
00f8
0060
0000
0000
00fd
0000
0000
a0ff
0000
0000
0000
0000
0000
0000
ffff
00d1
0000
0000
0000
0000
0000
0000
0000
0000
0000
0000
0000
0000
f5bf
0000
0000
0300
0000
0000
0000
f0ff
0000
0000
0000
00a8
0000
0000
0000
0000
0000
ff00
0000
0000
0000
00f0
0000
0000
ff00
0000
0000
0000
0000
0000
0000
0b00
0000
0000
0000
fa8f
0000
0000
0000
0000
0000
0000
0080
0000
0000
0000
0000
0000
0000
0000
0000
0000
cf00
0300
0000
0000
0000
0000
0000
0000
0000
0000
0000
0000
0000
0000
0000
0000
0000
0000
0000
0000
0000
0000
0000
0000
0000
0000
0000
0000
0000
0000
0000
0000
0000
0000
0000
0000
0000
0000
0000
0000
0050
0000
0000
0000
0000
0000
0000
0000
0000
0000
0000
0000
0000
0000
0000
0000
0000
0000
0000
0000
0000
0000
0f00
3b00
3f00
0000
0000
0000
0000
0000
0000
0000
0000
80ed
00f5
ff03
0000
0000
0000
0000
0000
0000
0000
ffde
00f1
cf00
fe08
0c00
0000
0000
0000
0000
0000
0000
0000
0000
0000
0000
0000
0000
0000
0000
0000
0000
0000
0000
0070
f21f
0000
0000
0000
0000
0000
0000
0000
0000
0000
00e1
00f4
0000
0000
0000
0000
0000
0000
0000
0000
0000
0000
0000
0000
0000
0000
0000
0000
0000
0000
0000
0000
0000
0000
0000
0000
0000
0000
0000
0000
0000
0000
0000
0000
0000
0000
0000
0000
0000
0000
0000
0000
0000
0000
0000
0000
0000
0000
0000
0000
0000
0000
0000
0050
00f2
10ee
d02f
fa04
6f00
0000
0000
0000
0000
00f9
ff05
0500
0000
fe5f
0000
0000
0000
0000
0000
0000
0000
0050
50ff
ff00
0000
0000
0000
0000
0000
0000
0000
0000
0000
0000
0000
0000
0000
0000
0000
0000
0000
0000
0090
0000
0000
0000
0000
0000
0000
0000
0000
0000
0000
0000
0000
0000
ffff
f21f
6f00
0000
0000
0000
0000
0000
0000
0000
defd
0090
cfff
ff00
0000
0000
0000
0000
0000
0000
f809
f808
ff01
0e00
0000
0000
0000
0000
0000
0000
00f3
80df
8f00
0000
ff9f
0000
0000
0000
0000
0000
0000
00ff
ff65
1e00
ecde
0000
0000
0000
0000
0000
0000
0000
0000
0000
0000
0000
0000
0000
0000
0000
0000
0000
0000
0000
0000
0000
0000
0000
0000
0000
0000
0000
0000
0000
0000
0000
0000
0000
0000
ff00
0000
0000
0000
0000
0000
0000
0000
0000
0000
ffcf
0000
0000
0000
0000
0000
0000
0000
90ef
8f00
af00
4f00
0000
0000
0000
0000
0000
50d9
0000
edef
808f
ef00
10fe
1e00
0000
0000
0000
0000
0000
00f4
ef01
0000
0000
0000
0000
0000
0000
0000
0000
0060
ff02
4d00
0000
0000
0000
0000
0000
0000
0000
0000
00fd
30fd
0000
0000
0000
0000
ff00
0000
0000
0000
0010
0000
0000
0000
0000
ffff
50ff
ff00
0000
0000
0000
0000
0000
0000
0000
cccc
0050
50ff
ff00
0000
0000
0000
0000
0000
0000
af02
0000
0300
00f7
8f00
0000
0000
0000
0000
f05f
5f00
0000
cccc
0050
50ff
0000
0000
0000
0000
0000
0000
0000
0000
0000
0050
0000
0000
0000
0000
0000
0000
0000
00f5
a0ef
0000
0000
0000
0000
0000
0000
0000
0000
0000
fd1d
0000
0000
0000
0000
ff00
0000
0000
0000
0000
0080
0000
0000
0000
00f4
ffff
ff00
0000
00f0
f05f
0000
0000
0000
0000
0000
f3af
50ff
ff00
0000
0000
0000
0000
0000
0000
8f01
0000
0000
00f7
7f00
0000
0000
0000
0000
0000
ff06
0600
feff
0050
50ff
0000
0000
0000
0000
0000
80df
5f00
0000
0000
df39
0000
0000
0000
0000
0000
0000
0020
fc09
0400
0000
0000
0000
0000
0000
0000
0000
0000
00f0
00f8
0000
0000
0000
0000
0000
0000
0000
0000
0000
0000
0000
0000
0000
0050
50ff
ff00
0000
0000
0000
0000
0000
0000
0000
0000
0050
f60e
0000
0000
0000
0000
0000
0000
0000
ff7f
fe04
1fc0
f70c
0100
0000
0000
0000
0000
20fe
30ff
30ff
faff
50ff
70ff
0000
0000
0000
0000
0000
0000
0030
0090
50ff
ff00
0000
0000
0000
0000
0000
0000
0000
0000
0000
0000
0000
0000
ff00
0000
0000
0000
0000
0000
0000
0000
0000
0000
0000
f909
0000
0000
0000
0000
0000
0000
0000
0000
00f5
f50f
0f00
0000
0000
0000
0000
0000
0000
0000
0060
fa66
00f4
0000
0000
0000
0000
0000
0000
0000
0000
0000
0000
0000
0000
0c00
0000
0000
0000
0000
0000
0000
0000
0000
0000
0000
0000
0000
0000
0000
0000
00f4
f5ff
4f00
b4ee
0000
0000
0000
0000
0000
0000
00b0
e06f
ff19
0000
0000
0000
0000
0000
0000
0000
0000
0000
0030
0000
0000
0000
0000
0000
0000
0000
0000
0000
0000
0000
0000
0000
0000
0000
ef01
0e00
0000
0000
0000
0000
0000
0000
0010
ffff
f50f
0f00
0000
0000
0000
0000
0000
0000
0000
fade
0000
00f6
ff03
0000
0000
0000
0000
0000
0000
fd1c
0000
0050
50ff
0000
0000
0000
0000
0000
0000
0000
0000
0000
0050
0000
0000
0000
0000
0000
0000
0000
0000
0000
0000
0090
0000
0000
0000
0000
0000
0000
0000
00f6
0000
0000
0000
50ff
ff00
0000
0000
0000
0000
0000
0000
0000
0000
0000
0000
ff00
0000
00fa
fa09
0000
0000
0000
0000
0000
be23
60ff
ff00
0000
0000
0000
0000
0000
0000
0000
ffde
0000
00f6
ef01
0000
0000
0000
0000
0000
0000
fe1b
0000
0050
cfff
ff00
0000
0000
0000
0000
0000
00f5
f50f
1f00
eacf
0000
0000
0000
0000
0000
0000
0000
0000
0000
0000
0000
0000
0000
0000
0000
0000
0000
0000
0030
0000
0000
0000
0000
0f00
0c00
0000
0000
0000
0000
0000
0000
0000
0000
0000
ff00
0000
0000
0000
0000
0000
0000
0000
0000
0000
10ff
2f00
0000
0000
0000
0000
0000
0000
0000
ff05
4f10
b35f
0800
0000
0000
0000
0000
0000
0000
00fb
00fc
bffc
20fe
0000
0000
0000
0000
0000
0000
0070
00f6
40ef
f31f
fe07
0000
0000
0000
0000
0000
0000
0000
0000
0000
0000
0000
0000
0000
0000
0000
0000
0000
0000
0000
0073
0000
0000
ff00
0000
0000
0000
0000
0000
0000
0000
0000
0040
f41f
0f00
0000
0000
0000
0000
0000
0000
0000
0000
0000
c93a
f10d
0000
0000
0000
0000
0000
0000
0000
0000
0000
0000
0000
0000
0000
0000
0000
0000
0000
0000
0000
0000
0000
0000
0000
0000
0000
0000
0000
0000
0000
0000
0000
0000
0000
0000
0000
0000
0000
108f
0000
e00a
0000
0000
0000
0000
f93f
0000
ffff
0000
0000
0000
6b00
8e00
dfd9
2000
0000
0000
0000
fe03
0000
3fa0
df01
0000
0000
0000
0000
0000
0000
0000
0000
0000
0000
20bf
0000
0000
0000
0000
0000
0000
2f00
0000
fe01
0000
0000
0000
0000
0000
0010
bf00
0000
0000
0000
0000
0000
00f0
0800
0000
0000
0000
0000
0000
0000
0000
0000
0f00
0000
0000
0000
0000
0000
0000
0000
0000
0000
0000
0000
0000
0000
0000
0000
0000
00f8
0000
0000
f407
0000
0000
0000
9dd9
0000
0f00
0500
0000
0000
0000
ffff
0000
f00f
0000
0000
0000
0000
1d00
00e0
0000
0000
0000
0000
0000
0200
00fe
0000
0000
0000
0000
0000
0000
f03f
0000
80f8
0000
0000
0000
0000
0090
0000
3f00
0000
0000
0000
0000
00f2
0000
0300
0000
0000
0000
f0ff
0000
0000
df00
0000
0000
0000
30ea
0e00
0060
f20e
0000
0000
0000
d8df
0000
ff07
0000
0000
0000
0000
0000
0000
0000
0000
0000
0000
0000
0000
0000
0000
0000
0000
0000
0000
0000
0000
1700
0000
0000
0000
0000
0000
0000
0000
f0ff
0000
0000
0000
0000
0000
0000
e8df
0000
0000
0000
0000
00a1
0000
10ff
0000
0000
0000
0000
3f00
f506
01f1
9efa
fd9f
0000
0000
0000
00fd
ef00
50bf
0000
0000
0000
0000
cf88
0000
fe9d
0000
0000
0000
0000
0000
0000
ef8a
0000
0000
0000
00fc
00ff
00e0
8988
0000
0000
0000
0000
ff00
0000
88ff
0000
0000
0000
0000
0000
0000
ff00
0000
0000
0000
0050
0000
0000
0000
0000
0000
0000
00ff
00f0
0000
0000
0000
0000
0000
ff00
0000
00ff
0000
0000
0000
0000
0000
00ff
0000
0000
0000
0000
0000
0000
a08f
0000
f53e
0000
0000
0000
0000
0000
0000
0000
0000
0000
0000
0200
1fff
0fe0
0300
0000
0000
0000
0f00
ff00
f00f
00ff
0000
0000
0000
df99
0e00
0f00
df01
0000
0000
0000
8888
0000
ecff
0000
0000
0000
0000
fc2d
00b0
0000
0000
0000
0000
0000
ff00
00ff
88ff
0000
0000
0000
0000
0200
6006
0000
00e0
0000
0000
0000
0000
00ff
0000
0000
0000
0000
0000
0000
0000
0000
0600
0000
0000
0000
d05f
10fe
0000
8f8f
0000
0000
0000
20ff
f908
12df
fe0d
30df
0000
0000
0200
0000
0010
2e00
60ef
0000
0000
0000
0000
f3ed
0000
0000
0000
0000
ffff
0000
e22e
0000
ffff
0000
0000
f00f
0000
00f0
0000
0000
0000
0000
6f00
0000
0a00
0000
0000
0000
0000
0000
0000
0000
0000
0f00
0000
0000
0000
904f
0000
0000
0000
0000
0000
0000
0000
0000
0000
0000
0000
0000
0000
0000
0000
0000
0000
0000
0000
0000
0000
00fd
fc0a
0010
0000
0000
0000
0000
f60c
0f00
00d1
0000
0000
0000
0000
0700
0000
e3af
0000
0000
0000
0000
00fc
0000
aec9
0000
0000
0000
0000
fb05
0000
e99f
0000
0000
0000
0000
0000
0000
0f00
0000
0000
0000
0000
0000
ff00
0100
00fb
0000
0000
00f0
0000
0000
0000
0000
0000
0000
0000
0000
00ff
0000
0000
0000
0000
0000
0000
0f00
0000
d03f
0000
0000
0000
a0af
0f00
0050
0000
0000
0000
0000
0000
0000
0000
0000
0000
0000
0000
b8ed
1f00
0000
0000
0000
0000
0000
ec0f
0000
00f0
0000
0000
0000
0000
0000
e02f
fd05
0000
0000
0000
0000
0000
fe02
0f00
0000
0000
0000
0000
0000
0000
0000
ff00
0000
0000
0000
0000
00f0
0000
0000
0000
0000
0000
0020
fe07
0000
0000
0000
0000
0000
00f0
0000
0000
0000
0000
0000
0000
0000
0000
ff00
0000
0000
0000
0000
00b0
0000
f6f6
0000
0000
0000
0000
a06f
9f00
9f5f
0050
0000
0000
0000
2e00
0000
3f00
0000
0000
0000
0000
0000
e03f
0000
0000
eb0c
0000
0000
0000
f70b
0000
ffff
0000
0000
0000
0000
b05f
0000
00f0
0000
0000
0f00
0000
f00f
0000
00f0
0000
0000
0000
0000
0000
0000
0f00
0000
0000
0000
0000
0000
be03
0000
0000
0000
0000
0000
0000
0000
0000
0000
0000
0000
0000
0000
0000
0000
a00f
a00f
0000
0000
0000
aa0f
0000
0000
0000
0000
0000
0e00
ba00
0000
0000
8f00
ed02
b00e
0000
0000
940c
1300
0900
0000
0000
bf00
4e00
d00d
0000
0000
900f
0000
0000
0000
0000
e801
b00e
e00a
0900
0000
e801
1f00
5f00
403e
0000
0000
ff2c
0000
0000
0000
0000
0000
0000
0000
0000
0000
0000
0000
100e
0000
0000
1101
0000
0000
0000
0000
0000
0000
0000
0000
0000
0e00
d008
0000
0000
fb03
a00f
e10b
0000
0000
8805
0000
0000
0000
0000
fa05
0000
ce01
0000
0000
fa07
0800
d00d
0000
0000
0000
3f00
3303
0000
0000
f804
f70b
d00d
0000
0000
de01
f90f
f209
0000
0000
4404
0000
0900
0000
0000
fc03
3e00
d00d
0000
0000
fc03
d00c
0000
0000
0000
0000
0000
0000
0000
0000
0000
0000
0000
100f
0000
0000
0400
0200
0000
0000
0000
3303
0000
0000
0000
0000
fe0a
df08
0000
0000
f808
0000
0000
0000
0000
0700
400c
300d
1c00
0000
0000
4f00
e40b
0000
0000
b40f
ff0f
a00f
0000
0000
bf00
a00f
f507
0000
0000
b40f
a00f
a00f
0000
0000
b40f
ff0f
a00f
0000
0000
b40f
a00f
a00f
0000
0000
bf00
a00f
f607
0000
0000
a00f
a00f
a00f
0000
0000
fa00
fa00
fa00
0000
0000
0000
0000
c00d
0000
0000
a00f
ff0f
a00f
0000
0000
a00f
a00f
a00f
0000
0000
fb0f
a30f
a00f
0000
0000
f90f
a00f
a00f
0000
0000
bf00
a00f
f606
0000
0000
b40f
a00f
a00f
0000
0000
bf00
a00f
f606
0000
0000
b40f
a00f
a00f
0000
0000
ed02
6e00
e10c
0000
0000
4404
0000
0000
0000
0000
a00f
a00f
f20a
0000
0000
704f
bd00
0400
0000
0000
605f
f505
6f00
0000
0000
f706
0000
ce00
0000
0000
f705
0300
0000
0000
0000
4404
0000
f903
0000
0000
a00f
a00f
a00f
ff0f
0000
702f
8e00
0100
0000
0000
fa00
fa00
fa00
fa8f
0000
af00
304f
0000
0000
0000
0000
0000
0000
3303
0000
0000
0000
0000
0000
0000
0000
a105
b00e
0000
0000
a00f
b00f
c00f
0000
0000
0000
f10a
f10a
0000
0000
0000
f209
e10b
0000
0000
0000
d10a
f30a
0000
0000
9f00
af00
af00
0000
0000
0000
f209
e10b
8600
0000
a00f
b00f
a00f
0000
0000
0000
a00f
a00f
0000
0000
0000
fa00
fa00
f559
0000
a00f
a00f
a00f
0000
0000
a00f
a00f
a00f
0000
0000
0000
a00f
a00f
0000
0000
0000
a00f
a00f
0000
0000
0000
f20a
f20a
0000
0000
0000
b00f
b00f
a00f
0000
0000
f209
e10b
0000
0000
0000
b00f
a00f
0000
0000
0000
f109
900c
0000
0000
af00
af00
9f00
0000
0000
0000
a00f
c00d
0000
0000
0000
d00a
3f00
0000
0000
0000
a00e
bc00
0000
0000
0000
dc01
eb01
0000
0000
0000
e00c
3f00
bf06
0000
0000
0000
dd01
0000
0000
db00
f418
fa00
2d00
0000
a00f
a00f
a00f
a00f
0000
f801
af00
fa00
905e
0000
0000
cf02
0000
0000
0000
0000
0000
0000
0000
0000
0000
0000
0000
0000
104f
0000
0000
0000
0000
0000
0077
0b00
0000
d103
0000
f105
0000
1004
0000
00d5
0000
0000
f804
0000
0000
0000
0000
401b
0000
0000
0000
0000
4f00
0000
0000
0000
0000
0000
0000
2602
0000
0000
0000
0000
0000
0000
ff0f
0000
0000
0000
0000
0000
0000
f101
0000
0000
0000
d007
0000
0000
0400
0000
0000
0000
0000
0000
00a0
0200
0000
0000
0000
f326
0000
0010
0002
0000
0000
0000
e007
0000
00ea
0b00
0000
0000
0000
f005
0000
0070
df03
0000
0000
0000
0000
0000
0000
0000
0000
0000
0000
30fa
0000
0000
0000
0000
0000
0000
00b5
0000
0000
1e00
0000
0000
00d7
0bd0
0000
0000
f204
0060
0000
0000
5f00
0000
00e7
104f
0000
0000
0000
d900
0000
0010
324f
0000
0000
0000
0000
0000
00e6
104f
0000
0000
0000
4f00
0000
0000
f104
0000
0000
0000
e006
0000
00d1
3a4f
0010
0000
0000
0000
0000
ff01
184f
104f
0000
0000
ef0a
0000
20be
104f
0000
0000
0000
0000
0000
20be
104f
00e4
0000
0000
4f00
0000
00e7
0000
0000
0000
0000
104f
0000
104f
104f
0000
0000
0000
00bd
0000
00f1
f505
00e8
0000
0000
e108
0000
00ad
0800
0000
0000
0000
0000
0000
0000
104f
0000
0000
0000
0090
0000
0000
f104
0000
0000
0000
0000
0000
0000
0000
0000
0000
0000
0000
0000
0000
ad02
0000
0000
0000
e007
0000
0000
203f
0000
0000
0000
f104
0000
0000
ff3f
0000
0000
0000
0000
0000
0000
203f
0000
0000
0000
f104
0000
0000
104f
0000
0000
0000
0000
dd00
0000
ff4f
0000
0000
0000
0000
0000
0000
104f
104f
0000
0000
f104
0000
0000
203f
0000
0000
0000
e007
4f00
0000
203f
0000
0000
0000
0000
0000
0000
e90a
0000
0000
0000
0000
0000
0000
104f
0000
0000
0000
00e0
0000
0000
840b
0040
0000
0000
00f3
0000
0000
c009
0000
0000
0000
0000
0000
0000
40bf
0000
0000
0000
0000
0000
0000
6f00
0000
0000
0000
2000
0000
0000
0000
0000
0000
0000
0000
0000
0000
0000
000e
000e
000e
0000
0000
8010
0000
0000
0000
c301
ff3f
ff7f
0000
0000
c738
f80f
c738
c000
0000
7060
0e00
e000
0000
0000
1c0f
3d38
c003
0000
0038
0000
0000
0000
0000
0006
0038
0038
0006
0000
001c
0007
000e
0030
0006
e070
0000
0000
0000
0000
e000
e000
0000
0000
0000
0000
0000
0018
0000
0000
0000
0000
0000
0000
0000
0000
001c
0000
8001
000c
0030
0000
0000
3c1e
0770
1e38
0000
0000
e01f
e000
e000
0000
0000
0770
800f
ff7f
0000
f80f
1c00
0770
0000
0000
7800
381c
3800
0000
0000
001c
0f00
fc3f
0000
0000
0038
0770
e003
0000
ff7f
7000
8003
0000
0000
1e1c
f007
0e78
0000
0000
0e78
ff3f
f81f
0000
0000
000e
0000
000e
0000
0000
000e
0000
0006
0000
0000
7f00
f801
0000
0000
0000
ff3f
0000
0000
0000
0000
0700
0060
0000
fe0f
0e00
e000
0000
0000
e003
7030
7938
ff00
0000
ce01
030f
0038
0000
fe1f
011c
001c
ff1f
0000
ff03
0038
001c
0000
0000
011c
001c
011c
0000
0000
001c
001c
ff1f
0000
ff1f
001c
001c
001c
0000
ff07
0070
003c
0000
0000
001c
ff1f
001c
0000
0000
001c
001c
001c
0000
1c00
1c00
1c70
c00f
0000
011c
f01d
031c
0000
0000
001c
001c
001c
0000
0000
801f
711c
1f1c
0000
003c
e039
0f38
0038
0000
f707
0070
003c
0000
0000
001c
ff1f
001c
0000
0000
003c
0070
f707
0000
ff1f
001c
001c
001c
0000
ff0f
e01f
0078
0000
0000
e000
e000
e000
0000
0000
001c
001c
ff07
0000
0078
031e
8e03
7000
0000
0778
1c1e
7007
0000
0000
030f
7800
030f
0000
0000
070e
f800
7000
0000
ff3f
1e00
8007
ff7f
0000
0038
0038
0038
0038
0000
0060
0018
0003
0000
0000
000e
000e
000e
007e
0000
6018
0000
0000
0000
0000
0000
0000
0000
0000
000e
0000
0000
0000
0000
0000
fe00
ff3c
0000
0038
fc3b
0338
f839
0000
0000
1e1c
0e70
0000
0000
0700
0f78
0f78
0000
0000
0000
0338
fe0f
0000
8007
807f
001c
001c
0000
0000
1f3e
0770
0770
0000
0038
0738
0738
0000
0000
0000
0038
0038
0000
0038
0038
0038
0038
0000
0070
e071
f070
0000
0000
0038
0038
0038
0000
0000
0000
0e38
0e38
0000
0000
fe3b
0738
0738
0000
0000
1e3c
0770
0000
0000
0000
073c
073c
0038
0000
0000
0770
ff1f
0700
0000
c03b
0038
0038
0000
0000
3c1c
1e00
0000
0000
001c
001c
001c
0000
0000
0000
0738
ff1f
0000
0000
0ee0
701c
8003
0000
0000
7c70
c71d
0000
0000
0000
e00e
701c
0000
0000
0000
381c
c007
003c
0000
fc3f
8003
fe7f
0000
000e
000c
001c
000c
0000
0018
0018
0018
0018
0000
000c
0007
000c
007c
0000
0000
0000
0000
0000
0000
0000
0000
0000
0000
0000
0000
3000
0000
0000
6600
0000
0000
3f00
0080
0003
0700
0000
061e
00e0
0000
300c
3800
0000
0000
0000
0000
0030
0600
0000
000c
0000
0000
0000
0000
0000
0000
0000
0000
0000
0000
0000
0000
0000
0000
0006
2000
0000
e038
3000
0000
0003
0300
0000
e000
0000
0080
3000
0000
00c0
c000
0000
0000
000f
0000
00e0
0000
0000
0000
0000
3000
0060
0000
7000
0000
0000
0000
0000
0000
0000
0000
7800
0000
0000
f03f
0000
0000
e001
0000
00e0
0006
0000
c371
0007
0100
00fc
0000
3000
0003
0000
6000
00fc
0000
3080
0000
0030
3000
0000
0030
3000
0000
0060
0080
0003
0330
0000
0000
0018
0000
0060
c03f
0000
00c0
0000
3000
0000
0000
36e0
60d8
0000
3100
0007
f003
6080
0000
0630
3000
0000
0160
0f00
0000
f83f
0000
00f8
0600
0000
0080
8001
0000
0003
f003
6000
0038
0000
6018
c086
0000
0700
0006
0000
0700
0000
fc7f
0e00
0000
0030
3000
0000
0010
0200
0000
0018
1800
0000
0000
0000
0000
0000
0000
0000
0000
0000
00e0
0000
3000
0038
0000
3800
00c0
0000
6000
0000
0000
6000
0000
007e
1800
0000
7030
0000
0000
3030
0000
0000
0030
0000
0000
0030
0000
0000
0000
3000
0000
0000
3300
c060
0000
3800
0030
0000
6000
0000
0000
3000
0000
b01f
1f00
0000
0038
0000
0000
c007
0000
0000
0018
0000
0030
3007
0000
00e0
0000
0000
0036
0000
7000
00c0
0000
3000
0000
0000
0e00
0000
0018
1800
0000
0020
2000
0000
000c
1800
0000
e030
0000
0000
0000
0000
0000
0000
2000
0000
0000
0000
0000
0000
1f00
0000
803d
0000
0000
0000
0000
0000
00c0
6000
0000
0030
1000
0000
0000
0c00
0000
0060
0000
0000
0000
0000
0000
00c0
0000
0080
0000
0600
0000
001c
0000
0000
0000
6300
0000
007f
0000
0000
0000
0600
0000
8061
0000
0080
0000
0000
0000
0000
6000
0000
8007
0000
0080
0000
1e00
0000
0000
0000
0033
0000
7f00
0000
7060
0000
0000
0000
6000
0000
e03f
0000
0000
0000
6000
0000
3060
0000
0000
0000
0300
0000
e030
3000
0000
c07f
6000
00c6
3060
6000
0000
1830
0000
0000
0000
7000
0000
6060
0000
00c0
0000
0600
0000
3060
0000
00c0
0000
3100
0000
c018
0000
0060
0000
0000
00e0
00c0
c000
0000
0018
f000
0000
0000
0000
0000
0000
0000
0000
0000
7100
0000
c060
0000
0000
0000
6000
0000
8061
0000
0000
0000
3f00
0080
006f
0000
0000
0000
0000
0000
0060
6300
0000
0060
0000
0086
0000
6100
0000
c060
0000
00c0
0000
6000
0000
0060
0000
0000
0000
3000
0000
8061
0000
0080
0000
6300
0000
8061
0000
0000
000c
0000
0000
0060
6000
0000
0060
6000
0000
0000
0000
0000
0000
0000
0000
0000
0000
007f
003e
0000
0000
0082
0000
0010
0000
0020
0000
0008
0000
0000
0000
0000
0020
001c
0000
0000
0020
0002
000c
0000
0000
0041
0004
001c
0000
0000
0000
0020
0000
0000
0000
8001
0001
c003
0000
0000
4040
0040
007e
0000
0000
0040
0040
4040
0000
0000
0084
0048
0040
0000
0000
4041
1040
003f
0000
2000
4020
0020
80ff
0000
0000
0012
8822
8040
0000
0000
0030
0040
0080
0000
0020
0000
0000
00c0
0000
0000
0041
0022
0001
0000
0000
0020
0023
0040
0000
0000
0040
0088
0040
0000
0000
0041
0022
0000
0000
0001
0040
0042
0000
0000
0000
0028
2084
0000
0000
0020
0010
0020
0040
0000
0020
0000
0000
0000
0020
0000
0000
0000
0000
0000
0000
0000
0040
0010
0000
007f
0000
0000
0000
0020
0042
0008
0000
0000
0000
0000
0000
0000
0020
0042
0042
0000
0000
0018
0000
0000
0042
6018
0008
0000
0000
0000
0000
0000
0000
400e
8040
0020
0004
0048
0020
a0a0
8048
8020
0043
000e
0000
0000
0000
0000
0000
0000
4010
0041
0008
0030
0040
0020
0020
0044
0000
0020
0000
0000
0000
0000
0000
0000
0000
003a
0042
0040
0040
0060
0040
4066
005c
0000
0000
0000
0000
0000
0000
0000
0000
0000
0022
0044
0028
0020
0080
0040
0020
0000
0000
0000
0040
0000
0000
0064
0030
0000
0020
0000
0020
0000
0000
0000
0088
0020
00f8
0000
0078
00f0
0040
0000
0000
0040
0020
0000
0000
8020
0044
0078
0000
007c
0078
0042
0000
0000
0050
0040
0000
0000
0044
0042
0044
0000
0042
0044
0022
0000
0000
0040
0040
0040
0000
0000
0070
00b0
0000
0000
0040
0098
0000
0000
0090
0080
0000
0000
0000
0088
0080
0000
0000
0088
0028
0000
0000
0040
0040
0040
0000
0000
ffe7
387c
187e
e7c3
99bd
7e18
6763
e0f0
3c7e
1b1b
fefe
1818
180c
fec0
fe7c
0000
0000
8606
cccc
3030
663c
1800
0000
c6c6
c060
0c0c
c6c6
c6c6
1800
1830
180c
dcde
6666
6666
6060
c6c6
cccc
6260
c6c6
6060
6666
1818
6cc6
6c7c
c260
0e1c
0000
0000
6666
cccc
6060
6666
0606
1818
6666
6666
6060
3030
6666
3838
6030
1818
0000
66c2
c0c0
cccc
cccc
c0c0
c0c0
1818
c6fe
6060
cccc
c6c6
cccc
c6c6
c6c6
6060
cccc
cccc
c6c6
6666
0000
c6c0
0606
ce66
366c
4411
77dd
1818
3636
1818
3636
0000
0000
0000
1818
0000
1818
0000
0000
3636
3636
0000
3636
0000
3636
1818
1818
ffff
0f0f
d8d8
c0c0
6030
7c66
3c66
6c6c
7edb
6060
0000
3018
1818
1800
0000
0018
0000
7c7c
817e
7c38
3c00
333f
0e02
633e
1818
2400
7830
c600
3060
0000
7030
c0fc
cc78
0000
7830
62fe
3078
eec6
cc78
cccc
cccc
1878
0000
0000
0030
0000
0000
0000
0000
30e0
cc00
00e0
00cc
00e0
0000
e000
18c3
cccc
0038
00fc
0000
1818
aa55
1818
3636
3636
1818
1818
0000
0000
0000
0000
1818
f0f0
7800
0000
6c38
0c06
3030
1818
0000
1870