01fc
01fc
8000
668c
8001
628f
8002
628f
6127
6110
6b1d
619c
6110
6127
6110
6b1d
608c
8000
678f
6110
619d
6111
619d
6103
618f
6127
6127
4015
6b1d
6b1d
4008
6127
4008
6b1d
608c
401e
0017
6127
608c
6127
6111
6b1d
619c
6703
668c
4011
668c
8000
688f
402f
668c
8000
6110
688f
6803
668c
4034
668c
6110
6f8f
6a00
668c
403c
628f
6011
402f
2044
003c
608c
4015
6803
204a
6103
004b
608f
608c
4015
4034
0047
6011
628f
8001
698f
6a00
8000
678c
4002
6110
6033
618f
8000
6110
6033
618f
8000
6c00
638f
85dc
4053
2062
618f
4061
4053
2065
618f
812c
0065
8001
6033
618f
6011
8100
6403
406b
406b
0061
608c
8000
006b
006e
80ff
6303
8400
6403
006e
8080
0077
80c0
0077
80cb
0077
8001
4077
0069
4075
8038
4077
800c
4077
8006
4077
4083
0069
8020
0078
407d
8056
4078
8043
4078
8033
4078
408f
8044
4078
8049
4078
8050
4078
408f
8007
4015
6903
8001
6303
8030
6203
4078
6a00
6011
402f
20a1
4017
407f
8032
4078
802e
4078
8035
4078
802e
4078
8033
0078
8000
6c00
8008
698f
800f
6303
6011
800a
6803
20c4
8030
00c5
8037
6203
0078
6011
8004
6903
40bc
00bc
6011
8008
6903
40c7
00c7
40cc
008f
8008
6033
618f
8004
405e
4051
0051
8007
005a
8007
0056
85a0
6a00
6011
4011
20df
618f
8001
40d3
40de
40dc
40de
8000
40d3
40de
00da
8000
40d3
40de
40dc
40de
8001
40d3
00de
8001
40d3
40de
40dc
40de
40d6
00da
402d
40d3
40de
40dc
40de
00da
6011
8080
6303
40fc
404f
6011
8080
6303
40fc
404f
6011
8080
6303
40fc
404f
6011
8080
6303
40fc
404f
6011
8080
6303
40fc
404f
6011
8080
6303
40fc
404f
6011
8080
6303
40fc
404f
6011
8080
6303
40fc
404f
6103
00f5
8000
404f
40f5
6203
404f
40f5
6203
404f
40f5
6203
404f
40f5
6203
404f
40f5
6203
404f
40f5
6203
404f
40f5
6203
404f
40f5
6203
6110
00fc
618f
40e4
8098
4102
4147
4102
0147
4148
4102
4147
00ed
4148
40e4
8099
4102
4147
8001
412c
00ed
803d
8004
414e
8000
8004
414e
8010
8061
414e
8000
8061
414e
8001
80c0
414e
8000
80c1
414e
8003
80c6
414e
8003
8070
014e
8004
405a
8010
6127
6011
402f
8003
6033
6103
8002
4056
8002
405a
404f
6b1d
4053
2175
4017
8004
0056
8002
405a
8004
4056
8003
405a
8005
4056
9001
6600
4172
9000
6600
0172
8003
6033
6103
8002
4056
404f
8001
405e
6203
8002
005a
8004
405a
8000
8001
4194
8001
4194
8000
4194
8001
4194
8000
4194
8000
4194
8000
4194
8000
4194
8000
4194
8000
4194
8000
4194
8000
4194
8004
0056
8005
405a
6000
6000
6000
6000
6000
6000
8005
4056
8002
405e
21c6
419f
8006
6033
618f
407d
40e4
8090
4102
8030
6203
4078
40ed
40e4
8092
4102
8030
6203
4078
40ed
40e4
8094
4102
8030
6203
4078
40ed
40e4
8096
4102
8030
6203
4078
40ed
40e4
8098
4102
8030
6203
4078
40ed
40e4
809a
4102
8030
6203
4078
40ed
01f8
608c
01fa
608c
4086
40b8
6024
4091
8000
4056
415a
4186
80aa
6600
f530
41bc
4053
2207
6103
6011
8000
6033
6103
80ff
6503
40b8
6b1d
6500
2217
6011
4091
6127
0206
608c
0000
0000
0000
0000
0000
0000
0000
0000
0000
0000
0000
0000
0000
0000
0000
0000
0000
0000
0000
0000
0000
0000
0000
0000
0000
0000
0000
0000
0000
0000
0000
0000
0000
0000
0000
0000
0000
0000
0000
0000
0000
0000
0000
0000
0000
0000
0000
0000
0000
0000
0000
0000
0000
0000
0000
0000
0000
0000
0000
0000
0000
0000
0000
0000
0000
0000
0000
0000
0000
0000
0000
0000
0000
0000
0000
0000
0000
0000
0000
0000
0000
0000
0000
0000
0000
0000
0000
0000
0000
0000
0000
0000
0000
0000
0000
0000
0000
0000
0000
0000
0000
0000
0000
0000
0000
0000
0000
0000
0000
0000
0000
0000
0000
0000
0000
0000
0000
0000
0000
0000
0000
0000
0000
0000
0000
0000
0000
0000
0000
0000
0000
0000
0000
0000
0000
0000
0000
0000
0000
0000
0000
0000
0000
0000
0000
0000
0000
0000
0000
0000
0000
0000
0000
0000
0000
0000
0000
0000
0000
0000
0000
0000
0000
0000
0000
0000
0000
0000
0000
0000
0000
0000
0000
0000
0000
0000
0000
0000
0000
0000
0000
0000
0000
0000
0000
0000
0000
0000
0000
0000
0000
0000
0000
0000
0000
0000
0000
0000
0000
0000
0000
0000
0000
0000
0000
0000
0000
0000
0000
0000
0000
0000
0000
0000
0000
0000
0000
0000
0000
0000
0000
0000
0000
0000
0000
0000
0000
0000
0000
0000
0000
0000
0000
0000
0000
0000
0000
0000
0000
0000
0000
0000
0000
0000
0000
0000
0000
0000
0000
0000
0000
0000
0000
0000
0000
0000
0000
0000
0000
0000
0000
0000
0000
0000
0000
0000
0000
0000
0000
0000
0000
0000
0000
0000
0000
0000
0000
0000
0000
0000
0000
0000
0000
0000
0000
0000
0000
0000
0000
0000
0000
0000
0000
0000
0000
0000
0000
0000
0000
0000
0000
0000
0000
0000
0000
0000
0000
0000
0000
0000
0000
0000
0000
0000
0000
0000
0000
0000
0000
0000
0000
0000
0000
0000
0000
0000
0000
0000
0000
0000
0000
0000
0000
0000
0000
0000
0000
0000
0000
0000
0000
0000
0000
0000
0000
0000
0000
0000
0000
0000
0000
0000
0000
0000
0000
0000
0000
0000
0000
0000
0000
0000
0000
0000
0000
0000
0000
0000
0000
0000
0000
0000
0000
0000
0000
0000
0000
0000
0000
0000
0000
0000
0000
0000
0000
0000
0000
0000
0000
0000
0000
0000
0000
0000
0000
0000
0000
0000
0000
0000
0000
0000
0000
0000
0000
0000
0000
0000
0000
0000
0000
0000
0000
0000
0000
0000
0000
0000
0000
0000
0000
0000
0000
0000
0000
0000
0000
0000
0000
0000
0000
0000
0000
0000
0000
0000
0000
0000
0000
0000
0000
0000
0000
0000
0000
0000
0000
0000
0000
0000
0000
0000
0000
0000
0000
0000
0000
0000
0000
0000
0000
0000
0000
0000
0000
0000
0000
0000
0000
0000
0000
0000
0000
0000
0000
0000
0000
0000
0000
0000
0000
0000
0000
0000
0000
0000