99
03
99
03
00
80
8c
66
01
80
8f
62
02
80
8f
62
27
61
10
61
1d
6b
9c
61
10
61
27
61
10
61
1d
6b
8c
60
00
80
8f
67
10
61
9d
61
11
61
9d
61
03
61
8f
61
27
61
27
61
15
40
1d
6b
1d
6b
08
40
27
61
08
40
1d
6b
8c
60
1e
40
17
00
27
61
8c
60
27
61
11
61
1d
6b
9c
61
03
67
8c
66
11
40
8c
66
00
80
8f
68
10
61
8f
68
03
68
8c
66
10
61
8f
6f
00
6a
8c
66
37
40
8f
62
15
40
03
68
40
20
03
61
41
00
8f
60
8c
60
15
40
31
40
3d
00
11
60
8f
62
01
80
8f
69
00
6a
00
80
8c
67
27
80
01
80
10
61
33
60
8f
61
00
80
4e
00
11
6c
10
61
04
40
8c
6c
08
40
0b
80
4f
40
4f
00
53
40
08
40
03
62
27
61
11
61
03
62
11
60
08
40
03
6f
68
20
1d
6b
04
40
69
00
1d
6b
8c
60
53
40
08
40
27
61
00
80
00
80
1d
6b
11
60
7f
20
24
60
01
80
03
63
78
20
19
40
5c
40
1e
40
15
40
5c
40
1e
40
1d
6b
47
40
70
00
03
61
23
00
45
40
11
61
2f
40
86
20
04
40
10
61
45
40
10
61
08
40
15
40
33
40
94
20
13
40
39
40
10
61
08
40
04
40
08
40
95
00
0c
00
8c
60
11
61
39
40
00
80
42
40
10
61
27
61
00
80
10
61
6c
40
1d
6b
0c
40
81
40
81
40
81
40
81
40
81
40
81
40
81
40
81
40
81
40
81
40
81
40
81
40
81
40
81
40
81
40
81
40
03
61
8f
60
15
40
14
80
6a
40
27
61
27
61
12
80
6a
40
1d
6b
1d
6b
5c
40
16
80
5b
40
03
60
0c
40
1a
80
6a
40
27
61
27
61
18
80
6a
40
1d
6b
1d
6b
5c
40
1c
80
5b
40
8f
60
0f
80
01
80
10
61
09
80
00
6c
10
61
03
69
8f
63
2c
80
4d
00
05
80
00
80
11
65
dd
20
04
40
d9
00
17
00
d7
40
d7
00
0d
a7
d8
40
49
40
e0
20
8f
61
00
80
4d
40
00
60
00
60
00
60
00
60
00
60
00
80
51
40
00
60
00
60
00
60
8c
60
0c
80
00
6c
8f
67
00
80
0e
80
f3
00
fe
80
04
80
4f
00
f9
40
0c
80
ce
40
11
40
11
21
28
80
4d
40
1f
80
00
6c
1f
80
00
6c
28
80
51
40
03
63
11
60
25
80
4f
40
11
21
0a
81
f9
40
4c
40
10
01
8c
60
f5
40
30
80
03
63
03
64
f9
40
0f
80
00
6c
d8
40
01
80
4d
40
03
80
00
80
d0
40
06
40
e5
40
49
40
20
21
03
61
01
80
51
40
e5
40
f5
40
2b
21
fe
83
f9
40
e5
40
e5
40
e5
40
e5
40
e5
40
e5
40
e5
40
e5
40
e5
40
03
80
8c
6c
02
40
11
60
ff
ff
00
66
11
60
ff
ff
00
80
00
80
8c
60
01
80
f2
00
02
80
f2
00
3f
41
00
66
07
80
00
6c
03
64
43
21
07
80
51
40
06
80
00
6c
06
80
00
6c
00
65
41
41
00
66
03
64
4d
21
8f
61
00
80
f2
40
00
66
55
21
8c
60
11
68
5d
21
9c
61
8c
60
5a
41
27
61
5a
41
27
61
5a
41
27
61
5a
41
27
61
5a
41
27
61
5a
41
27
61
5a
41
27
61
3b
40
1d
6b
1d
6b
1d
6b
1d
6b
1d
6b
1d
6b
1d
6b
8c
60
10
80
00
6c
01
80
8f
64
27
61
01
80
75
41
11
61
03
68
00
66
ff
ff
03
63
10
61
06
40
11
80
00
67
7b
21
03
61
75
41
11
6b
12
41
10
61
27
61
5e
41
1d
6b
00
6a
00
80
00
67
88
21
0c
60
03
61
42
40
42
40
42
40
42
40
42
40
42
40
42
00
fe
83
79
41
05
80
03
71
29
80
4f
00
2b
80
51
40
2a
80
4d
00
2b
80
4d
40
a3
01
a5
41
de
40
a1
41
de
40
2b
80
51
40
2a
80
51
00
2b
80
4d
40
ae
01
b0
41
de
40
ac
41
de
40
a1
41
de
40
a5
01
b0
41
de
40
a5
41
2a
80
00
6c
bd
21
de
40
a5
41
2b
80
00
6c
b0
41
de
00
ae
41
2d
40
2b
80
4f
40
d7
40
a3
41
de
40
ae
41
d7
00
11
60
80
80
03
63
c6
41
45
00
00
80
7f
80
04
80
d0
40
45
40
03
64
a8
41
b0
41
d7
40
cf
41
cf
41
cf
41
cf
41
cf
41
cf
41
cf
41
cf
41
03
61
ba
41
e9
21
00
00
8c
60
45
40
ba
41
8f
62
01
80
d5
41
00
80
00
80
ea
41
ea
41
ea
41
ea
41
ea
41
ea
41
ea
41
ea
41
10
61
c6
01
ef
41
08
80
03
71
ef
41
8f
64
02
40
f0
41
03
61
b3
01
ff
ff
00
66
11
60
08
40
24
60
00
80
03
67
0f
22
22
80
57
40
2e
02
11
6b
01
80
03
67
16
22
20
80
57
40
2e
02
11
6b
02
80
03
67
1d
22
23
80
57
40
2e
02
11
6b
03
80
03
67
24
22
24
80
57
40
2e
02
11
6b
04
80
03
67
2d
22
21
80
4f
40
25
80
4f
40
2e
02
17
40
0c
60
8c
60
05
80
11
60
00
6a
04
42
49
40
31
22
8c
60
11
60
05
80
03
6f
40
22
01
80
10
61
03
71
03
64
41
02
8f
61
8c
60
27
61
00
80
10
61
11
60
4d
22
10
61
11
6b
25
40
10
61
00
6a
45
02
03
61
0c
60
00
42
11
60
00
80
11
60
05
80
03
68
62
22
27
61
11
60
01
80
03
63
11
40
5e
22
11
6b
04
42
47
40
1d
6b
04
40
52
02
17
40
9b
01
fb
41
ff
8f
8f
63
64
42
fb
41
11
60
0c
80
03
69
27
61
65
42
fb
41
03
61
b3
40
11
6b
08
42
1d
6b
37
02
d4
41
02
80
db
41
b3
41
ed
01
75
42
67
82
42
42
8f
61
02
40
02
40
ff
ff
00
66
11
60
ff
ff
8c
60
21
80
4f
40
22
80
57
40
15
40
20
80
57
40
23
80
57
40
9b
01
75
42
97
22
64
42
64
42
15
40
b3
40
c8
80
98
02
7e
42
00
42
85
02
de
00
00
80
0e
80
f3
00
9b
42
8c
66
00
80
9a
42
11
61
25
40
00
80
f2
40
03
64
e7
41
2d
80
00
6c
00
67
a2
22
17
00
01
80
a1
02
9e
82
a0
42
7a
42
4c
40
9e
82
ad
42
af
02
00
80
27
61
9b
82
a0
42
8f
42
4c
40
9b
82
ad
42
b8
02
ef
41
00
6a
27
61
fb
41
fb
41
fb
41
03
61
b3
40
11
6b
08
42
1d
6b
37
02
ed
41
07
80
8f
63
cb
42
bf
82
42
02
cb
42
df
22
ef
41
80
80
03
63
d9
22
7e
42
de
02
fb
41
fb
41
15
40
b3
40
c8
80
e0
02
7e
42
00
42
85
02
9b
82
a0
42
9b
82
ad
42
d1
42
4c
40
e2
02
00
80
9e
82
a0
42
9e
82
ad
42
ce
42
13
40
03
64
f3
22
4c
40
ea
02
9a
42
20
ce
49
40
2d
80
00
6c
03
64
f6
22
8f
61
0b
80
ce
40
55
21
d4
41
03
80
ce
40
08
23
10
80
db
41
02
80
00
80
0a
03
03
80
a5
80
db
41
db
41
b3
41
55
41
00
00
d5
40
9e
42
11
60
16
23
7e
42
85
42
17
03
30
42
4c
40
2c
80
51
40
02
80
ce
40
11
40
23
23
06
80
e0
40
d5
40
2c
81
e0
40
d5
40
9e
42
2b
40
e7
41
00
80
f2
40
2b
23
fc
42
01
80
e0
40
03
80
ce
40
35
23
f4
42
9e
42
e9
22
e2
42
38
03
9e
42
af
22
b6
42
0a
80
e0
40
00
00
59
83
79
41
06
83
79
41
11
61
23
83
79
41
a3
83
79
41
11
60
27
61
11
61
27
61
f8
40
96
40
27
61
15
40
b3
40
1d
6b
1d
6b
1d
6b
8c
60
24
80
57
40
21
80
4f
40
22
80
57
40
15
40
20
80
57
40
23
80
57
00
05
81
fb
40
f8
40
0d
80
00
6c
d8
40
55
41
05
80
8c
6c
05
81
f9
40
01
80
51
40
25
80
51
40
36
41
51
43
f8
40
00
80
27
61
41
41
3f
41
03
64
82
23
0c
60
00
80
27
61
43
41
5c
43
9b
41
7d
23
3b
43
7f
03
36
41
f8
40
51
43
4c
40
98
03
1d
6b
5c
43
24
60
03
63
11
40
89
23
36
41
51
43
4c
40
11
6b
9b
41
90
23
3b
43
92
03
36
41
f8
40
27
40
11
80
00
6c
35
40
98
23
36
41
70
03
cd
40
0f
23
65
03
00
00
00
00
00
00
00
00
00
00
00
00
00
00
00
00
00
00
00
00
00
00
00
00
00
00
00
00
00
00
00
00
00
00
00
00
00
00
00
00
00
00
00
00
00
00
00
00
00
00
00
00
00
00
00
00
00
00
00
00
00
00
00
00
00
00
00
00
00
00
00
00
00
00
00
00
00
00
00
00
00
00
00
00
00
00
00
00
00
00
00
00
00
00
00
00
00
00
00
00
00
00
00
00
00
00
00
00
00
00
00
00
00
00
00
00
00
00
00
00
00
00
00
00
00
00
00
00
00
00
00
00
00
00
00
00
00
00
00
00
00
00
00
00
00
00
00
00
00
00
00
00
00
00
00
00
00
00
00
00
00
00
00
00
00
00
00
00
00
00
00
00
00
00
00
00
00
00
00
00
00
00
00
00
00
00
00
00
00
00
00
00
00
00
40
00
08
15
01
00